1	1235758392423	1235758397921
1	1235762894862	1235762899763
1	1235762948140	1235762952711
1	1235765025588	1235765028761
1	1235765161602	1235765164555
1	1235765690228	1235765693884
1	1235772590677	1235772594416
2	1235772591396	1235772594734
5	1235759989146	1235759993524
6	1235759984461	1235759998198
6	1235762437059	1235762441836
6	1235762597950	1235762602441
6	1235762611696	1235762615393
6	1235764922118	1235764928808
6	1235764950152	1235764954524
6	1235764957123	1235764966916
6	1235764983985	1235764989375
6	1235765022914	1235765027230
6	1235765164827	1235765170034
6	1235765294073	1235765303420
6	1235765362381	1235765368252
6	1235765368446	1235765370194
6	1235765741823	1235765744661
6	1235766037752	1235766043281
6	1235766806436	1235766812034
6	1235768073899	1235768078606
6	1235768088125	1235768092893
6	1235768099536	1235768102028
6	1235768116527	1235768121063
6	1235768231462	1235768235733
6	1235768707114	1235768712276
6	1235768843802	1235768846264
6	1235768849947	1235768854469
6	1235768864797	1235768874185
6	1235768921166	1235768931042
6	1235771075053	1235771077965
6	1235771236885	1235771240674
6	1235771274375	1235771278354
6	1235772099181	1235772107257
6	1235772582127	1235772586134
6	1235772590817	1235772594574
7	1235758392777	1235758402767
7	1235758432847	1235758437620
7	1235758739700	1235758744282
7	1235759838525	1235759843259
7	1235759897490	1235759906429
7	1235759984144	1235759989296
7	1235759993687	1235759998036
7	1235760285334	1235760289713
7	1235760322035	1235760327180
7	1235760331464	1235760335040
7	1235760519900	1235760524246
7	1235760618933	1235760627464
7	1235760779862	1235760783857
7	1235761899294	1235761899522
7	1235762160191	1235762169563
7	1235762436816	1235762446471
7	1235762607980	1235762615238
7	1235762947944	1235762949750
7	1235764925395	1235764937642
7	1235764949644	1235764952020
7	1235765025859	1235765028899
7	1235765167178	1235765170280
7	1235765290595	1235765295028
7	1235765299342	1235765303270
7	1235765357138	1235765364026
7	1235765645816	1235765647520
7	1235765690672	1235765691392
7	1235766806124	1235766807080
7	1235766807407	1235766812701
7	1235768073645	1235768078462
7	1235768101851	1235768106598
7	1235768874017	1235768879553
7	1235768921013	1235768923842
7	1235768930904	1235768934987
7	1235768986179	1235768991732
7	1235769013128	1235769015866
7	1235772568319	1235772571351
7	1235772581900	0
8	1235719153747	1235719159882
8	1235719806261	1235719813973
8	1235719951860	1235758397802
8	1235758432556	1235758437464
8	1235761535153	1235761539823
8	1235762607816	1235762615099
8	1235762913891	1235762914735
8	1235762920113	1235762926434
8	1235762926874	1235762928825
8	1235762933496	1235762952578
8	1235764933553	1235764936121
8	1235765025439	1235765026124
8	1235765169921	1235765172348
8	1235765257011	1235765260348
8	1235765262052	1235765263327
8	1235765288490	1235765294649
8	1235765299178	1235765303816
8	1235765356572	1235765360659
8	1235765645497	1235765648633
8	1235766809146	1235766813251
8	1235768873713	1235768879395
8	1235768917646	1235768923698
8	1235772590355	1235772594257
9	1235719154616	1235719156820
9	1235719158216	1235719159094
9	1235760309988	1235760314079
9	1235760627596	1235760631930
9	1235760693241	1235760697605
9	1235760731653	1235760735979
9	1235760752104	1235760763513
9	1235760799187	1235760802631
9	1235761048903	1235761053405
9	1235761079821	1235761084282
9	1235761174151	1235761178566
9	1235762160484	1235762169779
9	1235762259084	1235762263531
9	1235764933915	1235764936555
9	1235765257372	1235765260509
9	1235765262615	1235765265230
9	1235765287346	1235765294210
9	1235765356845	1235765358061
9	1235765646380	1235765647646
9	1235766070565	1235766072058
9	1235768918023	1235768921299
10	1235772574439	1235772578106
12	1235756312310	1235756314458
13	1235755740438	1235755743476
13	1235755755228	1235755757537
13	1235755758754	1235755760836
13	1235755944160	1235755950070
13	1235755967211	1235755971464
13	1235755983785	1235755992858
13	1235755995316	1235756001226
13	1235756013332	1235756015072
13	1235756017650	1235756023165
13	1235756067446	1235756068307
13	1235756073213	1235756076888
13	1235756095676	1235756099071
13	1235756120007	1235756124358
13	1235756171014	1235756182209
13	1235756182491	1235756184198
13	1235756193767	1235756196096
13	1235756200638	1235756203785
13	1235756269508	1235756273895
13	1235756275073	1235756276880
13	1235756285099	1235756286128
13	1235756296876	1235756300426
13	1235756311168	1235756317376
13	1235756324000	1235756326656
13	1235756327956	1235756329630
13	1235756335140	1235756336577
13	1235756337991	1235756339115
13	1235756404325	1235756405828
13	1235756407148	1235756410046
13	1235756413015	1235756416138
13	1235756423065	1235756431130
13	1235756434057	1235756440162
13	1235756494806	1235756497379
13	1235756547118	1235756558248
13	1235756570269	1235756574176
13	1235756623444	1235756629505
13	1235756631439	1235756635848
13	1235756640232	1235756641145
13	1235756688505	1235756692284
13	1235756728024	1235756733052
14	1235721345346	1235721347622
14	1235754899374	1235754900060
14	1235754902457	1235754904964
14	1235755682525	1235755691276
14	1235755738058	1235755743878
14	1235755758442	1235755763093
14	1235755922623	1235755924319
14	1235755941335	1235755947185
14	1235755955062	1235755957060
14	1235755957937	1235755960717
14	1235755968812	1235755972250
14	1235755981920	1235755986338
14	1235755987991	1235755990415
14	1235755992610	1235755995033
14	1235756000038	1235756002764
14	1235756008315	1235756010384
14	1235756014381	1235756023842
14	1235756025190	1235756031335
14	1235756065523	1235756073758
14	1235756309774	1235756314313
14	1235756314657	1235756315601
14	1235756335327	1235756345368
14	1235756554960	1235756559281
14	1235756568596	1235756572634
14	1235756615349	1235756616379
14	1235756689739	1235756692824
14	1235756710064	1235756717143
14	1235756748579	1235756755434
14	1235756790399	1235756791964
14	1235756813208	1235756814554
14	1235756836021	1235756841506
14	1235756847624	1235756852669
14	1235757243103	1235757248170
14	1235757252442	1235757265329
15	1235719154124	1235719156964
15	1235719158349	1235719162132
15	1235719169259	1235719174770
15	1235719386050	1235719389284
15	1235719394601	1235719398442
15	1235719796661	1235719799974
15	1235719805344	1235719808893
15	1235719812320	1235719816549
15	1235719952110	1235719954903
15	1235754491686	1235754495898
15	1235754905557	1235754907223
15	1235755171212	1235755173816
15	1235755297744	1235755302593
15	1235755305153	1235755306254
15	1235755306757	1235755321553
15	1235755321815	1235755324566
15	1235755331212	1235755335204
15	1235755340569	1235755345253
15	1235755349889	1235755354133
15	1235755421392	1235755426676
15	1235755430089	1235755432331
15	1235755469725	1235755471510
15	1235755499176	1235755505320
15	1235755511486	1235755513121
15	1235755534435	1235755535401
15	1235755537153	1235755541526
15	1235755550158	1235755556284
15	1235755561276	1235755563196
15	1235755571090	1235755574948
15	1235755577296	1235755585859
15	1235755591286	1235755592389
15	1235755597252	1235755599130
15	1235755603178	1235755605086
15	1235755605286	1235755607403
15	1235755628108	1235755634829
15	1235755640448	1235755643428
15	1235755646322	1235755647460
15	1235755650796	1235755652880
15	1235755655938	1235755664512
15	1235755667374	1235755679996
15	1235755680351	1235755685207
15	1235755685758	1235755691061
15	1235755731653	1235755745315
15	1235755754293	1235755757336
15	1235755760518	1235755769254
15	1235755769822	1235755772787
15	1235755773966	1235755796149
15	1235755797388	1235755803831
15	1235755804064	1235755805679
15	1235755806163	1235755812726
15	1235755815828	1235755826177
15	1235755826689	1235755829716
15	1235755832598	1235755833738
15	1235755835809	1235755862608
15	1235755863488	1235755865328
15	1235755871155	1235755872443
15	1235755878686	1235755883821
15	1235755884404	1235755893943
15	1235755895017	1235755905156
15	1235755906137	1235755910168
15	1235755911072	1235755913322
15	1235755916154	1235755923934
15	1235755929662	1235755936991
15	1235755941135	1235755947437
15	1235755953255	1235755963395
15	1235755991197	1235755992392
15	1235755993313	1235755996655
15	1235755999055	1235756002234
15	1235756008877	1235756013471
15	1235756013904	1235756016717
15	1235756019153	1235756028420
15	1235756028590	1235756031487
15	1235756064944	1235756071617
15	1235756691302	1235756694448
15	1235756709675	1235756712836
15	1235756749752	1235756757736
15	1235756799313	1235756802569
15	1235756812441	1235756817857
15	1235756834897	1235756838683
15	1235756840308	1235756843932
15	1235756846445	1235756854111
15	1235756882876	1235756885655
15	1235756921530	1235756925082
15	1235757243394	1235757248618
15	1235757260814	1235757266053
15	1235757270687	1235757274823
15	1235765301140	1235768921445
16	1235719017585	1235719023455
16	1235719087711	1235719110924
16	1235719114589	1235719126006
16	1235719141332	1235719142124
16	1235719153875	1235719156405
16	1235719158701	1235719164422
16	1235719168530	1235719174283
16	1235719393281	1235719397599
16	1235719796384	1235719799694
16	1235719805246	1235719808101
16	1235719814340	1235719820224
16	1235719948594	1235719954741
16	1235721315461	1235721318029
16	1235721335232	1235721336760
16	1235721343109	1235721347804
16	1235754491371	1235754496469
16	1235754546638	1235754549972
16	1235754695339	1235754695875
16	1235754697877	1235754698715
16	1235754701476	1235754707122
16	1235754714523	1235754720755
16	1235754739084	1235754745510
16	1235754751769	1235754754481
16	1235754767143	1235754769405
16	1235754905256	1235754910562
16	1235754941919	1235754944719
16	1235755168680	1235755183644
16	1235755214185	1235755216072
16	1235755240468	1235755242550
16	1235755275415	1235755281543
16	1235755297141	1235755300668
16	1235755302412	1235755303643
16	1235755320632	1235755327413
16	1235755328182	1235755330514
16	1235755331617	1235755334638
16	1235755334847	1235755336706
16	1235755350231	1235755354880
16	1235755411776	1235755416030
16	1235755420303	1235755426515
16	1235755429930	1235755439948
16	1235755445081	1235755451280
16	1235755451697	1235755454231
16	1235755454871	1235755457462
16	1235755457906	1235755466282
16	1235755468352	1235755481547
16	1235755486308	1235755509210
16	1235755510558	1235755519715
16	1235755531132	1235755531466
16	1235755534239	1235755538215
16	1235755540338	1235755544652
16	1235755550369	1235755554998
16	1235755577628	1235755585161
16	1235755591142	1235755592940
16	1235755640283	1235755652527
16	1235755655358	1235755664078
16	1235755671941	1235755673683
16	1235755676190	1235755680673
16	1235755682681	1235755698116
16	1235755701186	1235755706226
16	1235755708157	1235755713216
16	1235755727736	1235755730805
16	1235755731855	1235755739211
16	1235755739693	1235755745138
16	1235755754510	1235755758162
16	1235755762161	1235755775126
16	1235755799256	1235755800486
16	1235755808300	1235755812939
16	1235755817946	1235755822165
16	1235755823325	1235755829076
16	1235755841232	1235755843183
16	1235755844328	1235755848296
16	1235755850239	1235755853063
16	1235755869859	1235755877632
16	1235755892284	1235755893750
16	1235755901151	1235755901911
16	1235755915991	1235755917636
16	1235755941604	1235755945870
16	1235755953082	1235755957316
16	1235755959538	1235755962515
16	1235755986703	1235755990562
16	1235755993699	1235755996008
16	1235755998848	1235756001966
16	1235756009086	1235756013170
16	1235756013676	1235756016958
16	1235756019671	1235756026190
16	1235756029420	1235756032816
16	1235756064516	1235756070642
16	1235756691675	1235756694950
16	1235756709299	1235756713054
16	1235756750376	1235756757072
16	1235756788405	1235756793198
16	1235756813460	1235756817200
16	1235756834459	1235756837690
16	1235756840156	1235756843505
16	1235756846248	1235756849195
16	1235756850774	1235756852917
16	1235756862936	1235756865209
16	1235756873845	1235756874248
16	1235756880463	1235756884196
16	1235756885508	1235756891740
16	1235756892898	1235756897728
16	1235756919489	1235756930891
16	1235757077065	1235757086188
16	1235757094028	1235757099499
16	1235757238858	1235757248480
16	1235757265900	1235757274195
16	1235757279781	1235757284503
16	1235757597604	1235757602330
16	1235757689531	1235757694228
16	1235757711262	1235757715464
16	1235757807968	1235757812237
16	1235757862940	1235757867688
16	1235757941856	1235757945598
16	1235757992659	1235757998378
16	1235758064692	1235758069990
16	1235758107269	1235758111800
16	1235758119919	1235758123189
16	1235758144483	1235758148782
16	1235758169484	1235758173260
16	1235758256375	1235758260942
16	1235758274223	1235758282734
16	1235758299894	1235758303987
16	1235758309213	1235758314218
16	1235758327619	1235758332214
16	1235758339035	1235758343687
16	1235758361960	1235758370870
16	1235758374960	1235758379632
16	1235765303120	0
17	1235718951925	1235718963977
17	1235719003579	1235719009114
17	1235719011563	1235719020775
17	1235719021087	1235719030302
17	1235719030694	1235719033194
17	1235719039140	1235719044542
17	1235719047987	1235719049122
17	1235719062931	1235719066394
17	1235719084675	1235719090140
17	1235719122447	1235719125812
17	1235719134754	1235719138786
17	1235719139089	1235719149139
17	1235719151078	1235719154314
17	1235719162698	1235719174098
17	1235719386821	1235719394958
17	1235719799358	1235719806424
17	1235719814138	1235719816370
17	1235719819975	1235719842069
17	1235719853056	1235719855643
17	1235719858799	1235719868468
17	1235719940423	1235719952354
17	1235721305574	1235721309405
17	1235721311433	1235721316266
17	1235721318980	1235721321511
17	1235721331281	1235721332623
17	1235721336980	1235721339808
17	1235721341754	1235721343627
17	1235754467147	1235754475073
17	1235754475942	1235754481805
17	1235754482400	1235754493935
17	1235754495734	1235754498906
17	1235754511855	1235754516726
17	1235754517130	1235754526958
17	1235754529873	1235754538667
17	1235754538868	1235754561773
17	1235754562101	1235754568564
17	1235754570391	1235754574988
17	1235754577904	1235754591253
17	1235754603972	1235754608444
17	1235754615196	1235754626820
17	1235754638611	1235754646564
17	1235754647532	1235754655823
17	1235754656404	1235754663290
17	1235754665981	1235754668746
17	1235754678641	1235754698058
17	1235754701180	1235754714393
17	1235754720623	1235754739622
17	1235754758451	1235754768982
17	1235754770079	1235754783502
17	1235754786940	1235754792837
17	1235754868322	1235754875414
17	1235754941631	1235754949383
17	1235754959093	1235754961212
17	1235754980569	1235754985065
17	1235755002260	1235755004169
17	1235755007403	1235755015636
17	1235755022210	1235755025007
17	1235755027776	1235755032822
17	1235755045684	1235755046232
17	1235755051646	1235755054270
17	1235755059100	1235755060682
17	1235755061148	1235755063707
17	1235755078916	1235755080963
17	1235755081597	1235755087578
17	1235755115285	1235755117866
17	1235755165725	1235755170906
17	1235755181096	1235755186566
17	1235755187130	1235755189519
17	1235755190063	1235755192021
17	1235755192730	1235755195118
17	1235755197505	1235755200571
17	1235755210225	1235755213823
17	1235755219542	1235755234146
17	1235755234855	1235755236659
17	1235755242357	1235755258946
17	1235755266761	1235755273347
17	1235755278234	1235755279383
17	1235755281380	1235755285843
17	1235755291873	1235755299119
17	1235755302308	1235755305714
17	1235755307159	1235755325652
17	1235755327941	1235755333713
17	1235755342145	1235755345113
17	1235755361055	1235755362182
17	1235755366905	1235755369116
17	1235755376210	1235755381233
17	1235755382756	1235755384692
17	1235755385430	1235755396413
17	1235755405134	1235755406921
17	1235755408086	1235755417445
17	1235755418941	1235755426385
17	1235755429827	1235755434209
17	1235755436464	1235755439425
17	1235755441116	1235755456128
17	1235755480412	1235755486148
17	1235755487976	1235755490821
17	1235755492248	1235755495320
17	1235755496120	1235755498166
17	1235755498563	1235755501151
17	1235755505206	1235755518238
17	1235755549956	1235755570535
17	1235755576210	1235755597488
17	1235755603460	1235755625895
17	1235755637148	1235755640927
17	1235755643263	1235755649318
17	1235755649568	1235755654029
17	1235755656978	1235755662090
17	1235755704504	1235755706432
17	1235755707535	1235755709460
17	1235755716041	1235755718102
17	1235755878275	1235755882134
17	1235755922348	1235755923691
17	1235755945462	1235755954281
17	1235755961239	1235755963839
17	1235755965228	1235755971837
17	1235755984293	1235755988149
17	1235755995174	1235756004202
17	1235756010669	1235756016408
17	1235756020830	1235756022645
17	1235756023620	1235756026783
17	1235756028754	1235756041886
17	1235756043506	1235756067158
17	1235756692627	1235756697166
17	1235756707212	1235756710691
17	1235756751910	1235756760214
17	1235756763205	1235756769189
17	1235756772174	1235756778062
17	1235756785038	1235756790520
17	1235756795991	1235756797381
17	1235756809255	1235756811507
17	1235756814762	1235756815680
17	1235756817014	1235756824552
17	1235756826532	1235756833109
17	1235756841719	1235756848008
17	1235756852264	1235756856999
17	1235756862134	1235756865100
17	1235756865730	1235756869128
17	1235756871078	1235756871560
17	1235756876400	1235756877381
17	1235756912335	1235756913805
17	1235756914144	1235756924435
17	1235756925605	1235756930729
17	1235756934032	1235756938222
17	1235756941402	1235756944188
17	1235756948984	1235756953549
17	1235756996124	1235757000286
17	1235757001408	1235757009676
17	1235757010024	1235757013069
17	1235757013899	1235757016249
17	1235757019694	1235757022226
17	1235757022669	1235757039456
17	1235757071992	1235757081644
17	1235757093874	1235757099368
17	1235757116283	1235757122241
17	1235757129214	1235757166993
17	1235757213790	1235757226576
17	1235757230144	1235757234234
17	1235757238686	1235757248326
17	1235757252552	1235757265464
17	1235757270371	1235757274100
17	1235757306758	1235757321568
17	1235757462249	1235757466402
17	1235757517124	1235757521910
17	1235757530853	1235757535841
17	1235757544431	1235757548439
17	1235757565264	1235757569246
17	1235757581404	1235757585643
17	1235757593377	1235757597316
17	1235757627925	1235757639350
17	1235757644437	1235757656334
17	1235757664407	1235757676594
17	1235757807828	1235757833549
17	1235757850024	1235757854242
17	1235757862675	1235757867526
17	1235757900859	1235757909801
17	1235757923423	1235757928796
17	1235757933965	1235757954109
17	1235757971622	1235757974504
17	1235757988385	1235757998228
17	1235758069853	1235758081711
17	1235758098352	1235758107064
17	1235758227530	1235758232393
17	1235758343534	1235758348760
17	1235758357611	1235758366125
18	1235718951631	1235718952409
18	1235719005345	1235719009552
18	1235719015581	1235719018186
18	1235719142808	1235719147112
18	1235719800417	1235719808365
18	1235719831852	1235719838205
18	1235721304132	1235721318188
18	1235754464462	1235754471936
18	1235754478099	1235754483996
18	1235754491820	1235754496273
18	1235754502379	1235754526746
18	1235754533484	1235754537237
18	1235754727742	1235754732945
18	1235754778062	1235754781799
18	1235754787288	1235754795939
18	1235754872568	1235754877909
18	1235755013082	1235755024808
18	1235755027193	1235755029958
18	1235755059267	1235755063233
18	1235755086353	1235755086698
18	1235755086940	1235755093586
18	1235755097126	1235755103688
18	1235755105031	1235755108404
18	1235755115439	1235755119937
18	1235755165880	1235755167958
18	1235755180860	1235755188518
18	1235755192532	1235755200693
18	1235755266927	1235755273135
18	1235755275206	1235755287183
18	1235755293217	1235755297948
18	1235755302691	1235755306563
18	1235755306963	1235755308802
18	1235755498953	1235755511284
18	1235755579158	1235755585308
18	1235755637802	1235755647608
18	1235755651165	1235755659316
18	1235755962814	1235755967360
18	1235755971607	1235755977690
18	1235755984090	1235755987479
18	1235756694754	1235756697589
18	1235756706819	1235756710209
18	1235756753048	1235756760686
18	1235756766714	1235756769289
18	1235756773189	1235756775049
18	1235756784856	1235756789376
18	1235756865935	1235756872138
18	1235757000440	1235757004582
18	1235757221974	1235757226718
18	1235757230282	1235757234402
18	1235757317046	1235757321995
18	1235757644716	1235757651957
18	1235758074985	1235758082033
19	1235718949883	1235718953187
19	1235721302912	1235721307121
19	1235754463865	1235754471604
19	1235754474866	1235754480715
19	1235754494075	1235754499262
19	1235754499500	1235754504646
19	1235754533032	1235754537119
19	1235754692610	1235754701692
19	1235754730774	1235754733913
19	1235754793080	1235754810610
19	1235754814650	1235754817013
19	1235754824011	1235754825990
19	1235754836075	1235754841187
19	1235754847208	1235754856056
19	1235754862269	1235754872226
19	1235754888978	1235754891491
19	1235754896896	1235754899688
19	1235754922538	1235754928675
19	1235754934608	1235754941801
19	1235754965660	1235754990986
19	1235754998215	1235755002418
19	1235755011098	1235755015764
19	1235755022372	1235755029792
19	1235755042732	1235755049653
19	1235755065672	1235755073026
19	1235755078159	1235755089789
19	1235755111824	1235755123676
19	1235755132996	1235755146715
19	1235755150676	1235755153275
19	1235755156500	1235755171041
19	1235755172216	1235755186753
19	1235755970057	1235755971990
19	1235755974517	1235755980158
19	1235755981040	1235755986547
19	1235756694336	1235756700933
19	1235756703293	1235756709138
21	1235718948871	1235718951421
21	1235721299524	1235721305903
21	1235754464147	1235754466069
21	1235754468604	1235754469751
21	1235754471777	1235754475291
21	1235754732788	1235756697792
24	1235718948461	1235718952112
24	1235721297482	1235721303114
25	1235718945600	1235718949602
25	1235721296825	1235721299943
26	1235721293517	1235721299672
27	1235721292399	1235721294949
28	1235712640394	1235712641194
28	1235712731112	1235712735254
28	1235721155423	1235721293129
29	1235712640688	1235712644090
29	1235712730112	1235712733054
29	1235718448434	1235718451108
29	1235721268321	1235721271735
30	1235717369624	1235717373475
30	1235718450156	1235718454091
31	1235744640165	1235744662042
31	1235744662508	1235744666520
31	1235744676418	1235744684254
31	1235744685730	1235744688684
31	1235744697963	1235744698420
31	1235744704838	1235744708064
31	1235744721323	1235744726168
31	1235744730969	1235744752387
31	1235744758414	1235744778619
31	1235744780914	1235744786382
31	1235744790038	1235744793562
31	1235744809310	1235744812411
31	1235744814448	1235744820961
31	1235744855415	1235744866260
31	1235744876793	1235744878872
31	1235744887096	1235744888138
31	1235744890610	1235744894776
31	1235744902981	1235744903183
31	1235744933382	1235744941746
31	1235744945098	1235744948402
31	1235744953985	1235744969138
31	1235744987403	1235744994290
31	1235744998106	1235745002461
31	1235745005014	1235745005436
31	1235745008816	1235745011096
31	1235745011423	1235745017005
31	1235745059202	1235745068086
31	1235745087496	1235745096524
31	1235745100274	1235745116194
31	1235745118306	1235745124879
31	1235745126734	1235745136125
31	1235745139030	1235745139552
31	1235745140208	1235745145979
31	1235745149603	1235745152381
31	1235745153938	1235745163325
31	1235745166439	1235745172694
31	1235745174751	1235745180801
31	1235745185009	1235745192556
31	1235745193915	1235745199863
31	1235745202268	1235745205742
31	1235745255748	1235745258588
31	1235745594939	1235745600503
31	1235745620984	1235745627134
31	1235745636828	1235745639418
31	1235745644921	1235745654457
31	1235745665420	1235745675410
31	1235745676987	1235745684471
31	1235745743658	1235745745746
31	1235745773141	1235745782707
31	1235745796672	1235745797113
31	1235745803724	1235745810231
31	1235745823216	1235745828616
31	1235745836983	1235745837380
31	1235745843373	1235745847125
31	1235745851459	1235745854187
31	1235745854398	1235745858783
31	1235745868471	1235745871229
31	1235745873634	1235745878693
31	1235745894395	1235745900665
31	1235745903768	1235745906422
31	1235745910620	1235745915643
31	1235745978318	1235745981071
31	1235745982809	1235745983729
31	1235745992289	1235745995823
31	1235746010852	1235746014139
31	1235746015315	1235746019353
31	1235746040122	1235746042478
31	1235746049755	1235746051836
31	1235746067949	1235746072260
31	1235746073999	1235746079455
31	1235746091669	1235746101380
31	1235746106486	1235746111508
31	1235746133990	1235746137086
31	1235746180647	1235746182848
31	1235746183589	1235746191130
31	1235746239825	1235746246937
31	1235746305688	1235746309153
31	1235746311392	1235746322075
31	1235746327515	1235746336944
31	1235746361769	1235746366072
31	1235746370004	1235746374805
31	1235746405006	1235746412206
31	1235746449740	1235746452513
31	1235746483814	1235746489125
31	1235746497276	1235746506870
31	1235746526413	1235746533039
31	1235746548154	1235746556206
31	1235746560068	1235746571416
31	1235746572188	1235746579875
31	1235757345658	1235757375389
31	1235757387296	1235757395773
31	1235757400155	1235757404421
31	1235757444463	1235757448679
31	1235757457467	1235757462460
31	1235757517308	1235757522038
31	1235757536018	1235757544568
31	1235757565414	1235757573620
31	1235757577814	1235757581547
31	1235757628062	1235757633863
31	1235757686239	1235757707085
31	1235757724547	1235757736296
31	1235757741418	1235757745811
31	1235757749564	1235757757542
31	1235757762076	1235757774433
31	1235757778446	1235757799139
31	1235757803565	1235757812391
31	1235757815833	1235757820599
31	1235757837241	1235757841444
31	1235757901002	1235757905369
31	1235757914309	1235757918911
31	1235757923590	1235757928960
31	1235757934157	1235757937341
31	1235757967526	1235757983631
31	1235757988671	1235757992818
31	1235758002151	1235758006495
31	1235758010917	1235758015452
31	1235758027260	1235758031216
31	1235758051771	1235758064876
31	1235758070159	1235758078509
31	1235758084889	1235758094045
31	1235758098465	1235758103357
31	1235758107345	1235758111962
31	1235758120061	1235758123330
31	1235758131639	1235758148969
31	1235758186573	1235758191934
31	1235758204221	1235758218648
31	1235758406990	1235758412178
31	1235758498167	1235758503001
31	1235758538226	1235758543218
31	1235758712300	1235758721902
31	1235758729926	1235758734870
31	1235758748778	1235758779187
31	1235758792205	1235758795912
31	1235758812548	1235758817188
31	1235758826215	1235758839356
31	1235758843013	1235758850834
31	1235758861812	1235758870718
31	1235758900628	1235758908639
31	1235759015280	1235759020649
31	1235759029574	1235759038850
31	1235759059784	1235759073055
31	1235759090476	1235759099318
31	1235759110919	1235759127550
31	1235759152920	1235759156416
31	1235759172128	1235759176785
31	1235759180514	1235759193515
31	1235759204334	1235759221316
31	1235759229626	1235759237921
31	1235759252431	1235759264769
31	1235759277229	1235759281136
31	1235759352523	1235759357160
31	1235759368869	1235759373404
31	1235759386974	1235759420140
31	1235759432905	1235759436811
31	1235759441417	1235759449814
31	1235759469544	1235759473758
31	1235759485571	1235759488869
31	1235759501705	1235759510181
31	1235759557909	1235759561679
31	1235759566004	1235759579274
31	1235759606667	1235759610816
31	1235759619213	1235759624127
31	1235759644850	1235759674180
31	1235759678402	1235759687399
31	1235759727959	1235759732032
31	1235759753701	1235759757785
31	1235759778863	1235759782756
31	1235759855788	1235759859936
31	1235759993985	1235759998317
31	1235760019834	1235760024184
31	1235760057848	1235760065903
31	1235760070334	1235760074282
31	1235760099009	1235760102458
31	1235760118801	1235760123100
31	1235760131712	1235760136371
31	1235760176327	1235760180392
31	1235760219144	1235760232216
31	1235760241269	1235760258971
31	1235760268402	1235760273252
31	1235760281165	1235760294154
31	1235760298585	1235760302264
31	1235760310142	1235760322175
31	1235760363802	1235760368059
31	1235760441764	1235760446403
31	1235760462096	1235760469719
31	1235760477536	1235760490017
31	1235760494319	1235760502625
31	1235760532760	1235760541409
31	1235760549390	1235760565756
31	1235760574039	1235760582425
31	1235760586866	1235760590599
31	1235760606210	1235760609951
31	1235760619246	1235760622890
31	1235760659236	1235760663439
31	1235760723417	1235760727549
31	1235760863512	1235760866980
31	1235760891837	1235760900419
31	1235760917194	1235760921254
31	1235761016130	1235761020329
31	1235761076084	1235761079988
31	1235761084422	1235761088412
31	1235761126922	1235761131330
31	1235761187210	1235761191665
31	1235761228434	1235761237634
31	1235761286964	1235761295018
31	1235761311194	1235761319449
31	1235761415476	1235761419104
31	1235761444342	1235761448643
31	1235761514563	1235761521707
31	1235761540102	1235761543263
31	1235761551848	1235761555889
31	1235761564985	1235761572991
31	1235761588693	1235761592899
31	1235761631055	1235761648943
31	1235761652582	1235761657584
31	1235761719831	1235761724324
31	1235761732553	1235761740623
31	1235761752366	1235761755746
31	1235761846314	1235761850769
31	1235761865419	1235761869429
31	1235761881208	1235761888369
31	1235761896429	1235761899673
31	1235761910524	1235761915032
31	1235762034771	1235762038234
31	1235762042471	1235762047356
31	1235762065046	1235762069294
31	1235762110415	1235762115124
31	1235762131706	1235762140428
31	1235762156530	1235762160645
31	1235762186255	1235762189420
31	1235762208658	1235762213015
31	1235762323049	1235762327659
31	1235762366164	1235762370254
31	1235762394324	1235762410944
31	1235762478832	1235762495227
31	1235762508113	1235762512965
31	1235762576233	1235762580955
31	1235762585358	1235762602648
31	1235762631612	1235762640531
31	1235762672425	1235762695316
31	1235762742423	1235762746995
31	1235762775131	1235762779514
31	1235762792825	1235762796153
31	1235762831601	1235762835393
31	1235762856806	1235762861579
31	1235762878186	1235762884190
31	1235762965650	1235762971518
31	1235762974577	1235762980789
31	1235763000969	1235763007675
31	1235763013955	1235763022351
31	1235763024965	1235763028205
31	1235763028957	1235763031116
31	1235763031875	1235763035020
31	1235763036308	1235763036500
31	1235763042806	1235763048372
31	1235763054759	1235763058176
31	1235763060995	1235763066228
31	1235763066670	1235763079040
31	1235763082619	1235763089193
31	1235763169639	1235763172273
31	1235763183572	1235763189709
31	1235763227814	1235763228737
31	1235763288110	1235763288924
31	1235763306160	1235763308416
31	1235763329558	1235763333123
31	1235763333642	1235763339734
31	1235763339928	1235763341708
31	1235763362955	1235763363974
31	1235763368609	1235763375786
31	1235763377889	1235763392854
31	1235763401671	1235763404726
31	1235763407796	1235763408878
31	1235763411761	1235763413621
31	1235763415076	1235763422495
31	1235763443414	1235763445122
31	1235763461406	1235763462170
31	1235763498234	1235763501840
31	1235763608020	1235763612773
31	1235763648349	1235763648670
31	1235763651480	1235763654366
31	1235763681819	1235763684881
31	1235763685880	1235763707316
31	1235763712409	1235763724846
31	1235763727281	1235763729778
31	1235763733696	1235763733863
31	1235763735378	1235763741160
31	1235763753360	1235763763374
31	1235763765175	1235763765895
31	1235763767164	1235763787660
31	1235763787927	1235763788945
31	1235763799739	1235763802313
31	1235763806759	1235763820696
31	1235763839288	1235763841913
31	1235763842213	1235763844225
31	1235763855090	1235763856119
31	1235763857149	1235763859422
31	1235763862613	1235763863447
31	1235763918029	1235763919937
31	1235763920330	1235763922569
31	1235763946206	1235763947845
31	1235764101342	1235764103759
31	1235764122754	1235764132132
31	1235764139478	1235764142103
31	1235764145715	1235764151602
31	1235764167148	1235764169144
31	1235764172193	1235764179740
31	1235764181322	1235764187766
31	1235764202164	1235764209111
31	1235764214422	1235764215106
31	1235764218152	1235764224695
31	1235764228138	1235764229795
31	1235764238780	1235764239808
31	1235764269456	1235764274125
31	1235764281406	1235764284688
31	1235764294195	1235764295889
31	1235764300193	1235764302305
31	1235764303024	1235764304616
31	1235764319792	1235764322110
31	1235764322304	1235764325746
31	1235764349569	1235764352256
31	1235764353976	1235764356138
31	1235764361693	1235764364311
31	1235764399549	1235764401789
31	1235764402367	1235764404577
31	1235764408423	1235764410196
31	1235764449730	1235764454138
31	1235764468426	1235764470329
31	1235764492318	1235764496019
31	1235764574126	1235764578818
31	1235764614401	1235764621018
31	1235764623310	1235764624996
31	1235764644616	1235764646206
31	1235764674799	1235764700262
31	1235764702683	1235764709538
31	1235764740020	1235764741507
31	1235764763433	1235764766986
31	1235764798163	1235764799749
31	1235764847203	1235764855822
31	1235764879605	1235764888969
31	1235764901735	1235764910241
31	1235764921556	1235764925830
31	1235764936690	1235764940236
31	1235764960899	1235764967383
31	1235764987611	1235764991209
31	1235765001670	1235765007525
31	1235765007758	1235765010482
31	1235765016504	1235765019551
31	1235765034782	1235765040789
31	1235765041846	1235765047554
31	1235765067504	1235765073214
31	1235765074903	1235765077176
31	1235765088946	1235765091498
31	1235765128014	1235765133920
31	1235765134591	1235765137705
31	1235765157156	1235765166626
31	1235765206784	1235765209698
31	1235765210067	1235765212656
31	1235765275151	1235765277661
31	1235765303570	1235765305659
31	1235765413576	1235765421226
31	1235765459068	1235765464598
31	1235765473469	1235765477013
31	1235765489276	1235765497553
31	1235765528876	1235765530513
31	1235765533636	1235765537280
31	1235765541226	1235765543155
31	1235765561051	1235765561313
31	1235765572407	1235765585051
31	1235765586880	1235765597743
31	1235765622437	1235765630710
31	1235765705916	1235765717643
31	1235765718426	1235765721715
31	1235765723655	1235765726457
31	1235765738326	1235765744179
31	1235765747236	1235765750755
31	1235765751650	1235765759371
31	1235765762074	1235765765334
31	1235765771376	1235765774976
31	1235765777825	1235765778458
31	1235765782207	1235765784001
31	1235765786115	1235765794152
31	1235765796072	1235765800056
31	1235765806188	1235765807545
31	1235765808678	1235765810684
31	1235765814016	1235765820385
31	1235765820872	1235765823446
31	1235765829309	1235765834700
31	1235765834925	1235765844184
31	1235765846904	1235765851225
31	1235765853816	1235765861323
31	1235765870350	1235765873393
31	1235765873812	1235765876636
31	1235765888530	1235765890559
31	1235765893518	1235765894228
31	1235765896208	1235765905843
31	1235765906368	1235765908490
31	1235765908715	1235765912663
31	1235765918955	1235765920921
31	1235765921240	1235765923584
31	1235765935478	1235765938735
31	1235765942210	1235765956865
31	1235765963481	1235765965565
31	1235765968576	1235765971543
31	1235766022663	1235766026284
31	1235766037419	1235766043431
31	1235766045025	1235766047624
31	1235766049602	1235766052266
31	1235766061517	1235766063176
31	1235766082948	1235766084158
31	1235766095827	1235766097423
31	1235766098070	1235766100250
31	1235766103584	1235766104926
31	1235766106281	1235766112869
31	1235766113433	1235766115643
31	1235766119008	1235766121436
31	1235766124498	1235766127071
31	1235766137106	1235766144161
31	1235766145995	1235766148305
31	1235766151239	1235766166565
31	1235766166836	1235766170115
31	1235766172599	1235766175333
31	1235766176330	1235766181433
31	1235766183130	1235766203730
31	1235766204130	1235766206076
31	1235766207539	1235766209941
31	1235766210908	1235766216037
31	1235766221518	1235766222381
31	1235766224624	1235766228374
31	1235766228627	1235766233071
31	1235766234099	1235766237338
31	1235766240534	1235766242124
31	1235766251595	1235766255596
31	1235766260928	1235766266464
31	1235766277006	1235766281530
31	1235766287756	1235766297756
31	1235766298014	1235766300205
31	1235766313119	1235766314881
31	1235766315118	1235766318281
31	1235766318904	1235766323322
31	1235766350980	1235766356318
31	1235766358006	1235766362656
31	1235766365189	1235766366009
31	1235766371245	1235766372671
31	1235766372948	1235766374662
31	1235766380140	1235766383163
31	1235766386505	1235766389403
31	1235766407935	1235766413363
31	1235766417578	1235766425386
31	1235766434153	1235766434428
31	1235766435460	1235766440737
31	1235766474372	1235766497035
31	1235766498937	1235766503146
31	1235766504958	1235766510352
31	1235766513332	1235766516690
31	1235766519419	1235766520878
31	1235766522854	1235766526256
31	1235766543765	1235766548025
31	1235766571749	1235766573668
31	1235766585381	1235766586622
31	1235766588891	1235766589956
31	1235766590173	1235766592281
31	1235766618839	1235766621176
31	1235766621384	1235766622368
31	1235766648960	1235766649378
31	1235766649954	1235766654143
31	1235766675273	1235766676430
31	1235766676908	1235766679072
31	1235766711443	1235766712952
31	1235766723633	1235766724548
31	1235766726632	1235766728170
31	1235766728429	1235766729784
31	1235766745084	1235766746126
31	1235766767026	1235766772679
31	1235766774880	1235766780272
31	1235766783573	1235766789826
31	1235766806855	1235766812177
31	1235766841228	1235766845388
31	1235766847489	1235766851787
31	1235766859877	1235766863533
31	1235766865281	1235766865900
31	1235766872533	1235766874886
31	1235766875105	1235766883873
31	1235766896866	1235766898112
31	1235766938066	1235766940192
31	1235767001824	1235767004924
31	1235767008619	1235767011341
31	1235767014434	1235767032384
31	1235767050900	1235767060249
31	1235767064084	1235767066211
31	1235767087470	1235767090877
31	1235767129758	1235767134726
31	1235767136751	1235767138156
31	1235767141118	1235767142809
31	1235767147292	1235767150545
31	1235767179280	1235767180238
31	1235767215267	1235767218282
31	1235767247149	1235767247631
31	1235767317165	1235767326408
31	1235767336686	1235767345487
31	1235767421382	1235767433705
31	1235767541941	1235767545680
31	1235767748427	1235767753373
31	1235767756909	1235767761826
31	1235767795031	1235767798549
31	1235767802896	1235767810369
31	1235767815907	1235767829509
31	1235767954686	1235767958514
31	1235767992334	1235767997980
31	1235768001648	1235768006081
31	1235768020209	1235768023869
31	1235768028802	1235768040764
31	1235768052529	1235768060214
31	1235768112859	1235768116654
31	1235768138882	1235768142964
31	1235768169928	1235768173395
31	1235768176217	1235768179713
31	1235768231628	1235768235898
31	1235768283640	1235768290484
31	1235768306314	1235768309977
31	1235768343794	1235768354024
31	1235768409925	1235768414847
31	1235768475412	1235768479935
31	1235768483828	1235768514987
31	1235768545267	1235768548662
31	1235768605126	1235768610622
31	1235768637124	1235768641753
31	1235768655326	1235768658416
31	1235768712442	1235768720470
31	1235768728081	1235768732734
31	1235768769444	1235768789384
31	1235768816936	1235768834027
31	1235768931190	1235768935123
31	1235768961677	1235768969434
31	1235768978561	1235768982201
31	1235768986478	1235768995359
31	1235769001582	1235769006314
31	1235769079011	1235769082400
31	1235769186703	1235769191146
31	1235769264204	1235769267647
31	1235769300708	1235769309706
31	1235769393983	1235769404700
31	1235769409973	1235769422187
31	1235769460499	1235769465602
31	1235769478719	1235769482647
31	1235769503970	1235769507338
31	1235769555553	1235769562154
31	1235769570703	1235769574806
31	1235769656910	1235769661319
31	1235769727135	1235769730837
31	1235769739453	1235769743222
31	1235769747498	1235769753044
31	1235769807577	1235769817758
31	1235769869234	1235769874356
31	1235769886698	1235769890726
31	1235769995983	1235770000118
31	1235770060578	1235770065703
31	1235770139350	1235770142262
31	1235770164615	1235770169347
31	1235770179697	1235770187561
31	1235770221240	1235770226590
31	1235770235277	1235770240430
31	1235770243857	1235770254354
31	1235770693111	1235770705458
31	1235770712508	1235770716432
31	1235770735472	1235770739303
31	1235770745642	1235770751255
31	1235770768643	1235770771505
31	1235770775375	1235770779636
31	1235770785563	1235770789095
31	1235770805184	1235770814036
31	1235770885027	1235770909057
31	1235770931566	1235770936862
31	1235770940806	1235770949777
31	1235770980549	1235770986950
31	1235771051968	1235771055468
31	1235771086255	1235771090397
31	1235771207156	1235771211343
31	1235771224978	1235771229346
31	1235771250464	1235771254973
31	1235771282524	1235771287314
31	1235771316227	1235771329406
31	1235771440649	1235771445706
31	1235771459214	1235771464188
31	1235771471833	1235771476338
31	1235771487277	1235771492481
31	1235771714634	1235771721218
31	1235771747836	1235771754539
31	1235771759007	1235771762689
31	1235771804845	1235771810812
31	1235771956533	1235771959228
31	1235772086086	1235772091653
31	1235772099276	1235772111083
31	1235772180938	1235772185290
31	1235772221152	1235772223675
31	1235772238837	1235772243289
31	1235772254397	1235772257508
31	1235772265435	1235772274684
31	1235772292705	1235772294983
31	1235772358375	1235772362048
31	1235772391547	1235772395833
31	1235772407731	1235772411557
31	1235772414847	1235772417403
31	1235772482395	1235772486756
31	1235772496293	1235772500795
31	1235772582255	1235772586301
31	1235772670293	1235772677248
31	1235772686344	1235772690151
31	1235772694587	1235772699592
31	1235772713842	1235772721927
31	1235772732134	1235772736728
31	1235772787265	1235772798785
31	1235772803755	1235772808026
31	1235772906265	1235772909842
31	1235772929222	1235772932455
31	1235773161468	1235773170295
31	1235773177615	1235773180479
31	1235773215788	1235773233317
31	1235773277233	1235773281337
31	1235773284073	1235773290877
31	1235773299727	1235773304129
31	1235773308130	1235773313567
31	1235773357560	1235773365617
31	1235773368930	1235773372780
31	1235773380249	1235773399590
31	1235773415309	1235773437533
31	1235773463914	1235773467656
31	1235773474008	1235773481987
31	1235773561335	1235773566326
31	1235773576218	1235773581568
31	1235773597793	1235773601373
31	1235773612057	1235773615506
31	1235773623168	1235773633639
31	1235773671419	1235773676357
31	1235773690133	1235773697137
31	1235773779939	1235773792489
31	1235773818020	1235773821127
31	1235773835966	1235773841213
31	1235773854299	1235773858478
31	1235773865034	1235773869253
31	1235773972673	1235773978673
31	1235774034412	1235774040702
31	1235774051291	1235774055896
31	1235774064048	1235774066405
31	1235774075939	1235774090129
31	1235774131095	1235774142812
31	1235774213886	1235774223499
31	1235774231837	1235774240968
31	1235774251005	1235774255403
31	1235774263802	1235774268513
31	1235774273528	1235774273914
31	1235774324866	1235774328230
31	1235774331779	1235774333869
31	1235774338002	1235774341007
31	1235774373779	1235774378565
31	1235774393156	1235774402002
31	1235774425017	1235774428679
31	1235774431482	1235774435600
31	1235774446507	1235774450282
31	1235774554612	1235774558747
31	1235774568298	1235774574277
31	1235774586599	1235774595909
31	1235774793420	1235774801190
31	1235774809377	1235774812998
31	1235774816991	1235774823357
31	1235774831953	1235774838478
31	1235774892798	1235774896737
31	1235774900020	1235774907762
31	1235774923484	1235774943661
31	1235774948487	1235774951857
31	1235774954912	1235774960870
31	1235774972477	1235774977013
31	1235775108626	1235775113872
31	1235775194539	1235775198430
31	1235775206651	1235775209751
31	1235775212835	1235775220925
31	1235775229127	1235775233111
31	1235775278674	1235775289054
31	1235775299934	1235775303580
31	1235775316841	1235775326331
31	1235775330201	1235775340423
31	1235775416702	1235775419731
31	1235775431361	1235775448123
31	1235775456006	1235775460972
31	1235775475086	1235775483608
31	1235775502693	1235775516467
31	1235775521769	1235775529201
31	1235775565802	1235775573929
32	1235717371044	1235717371513
32	1235744666372	1235744667984
32	1235744674584	1235744677189
32	1235744809122	1235744812022
32	1235744817638	1235744824473
32	1235744826195	1235744828776
32	1235744845483	1235744851009
32	1235744851407	1235744855033
32	1235744968934	1235744972629
32	1235744986386	1235744990512
32	1235745103033	1235745106442
32	1235745202452	1235745208824
32	1235745214484	1235745262312
32	1235745299165	1235745307798
32	1235745317639	1235745322083
32	1235745329794	1235745335153
32	1235745412264	1235745416212
32	1235745429097	1235745429520
32	1235745449652	1235745454142
32	1235746486646	1235746489350
32	1235746495079	1235746501406
32	1235746574347	1235746580067
32	1235746662643	1235746668965
32	1235747225147	1235747233978
32	1235747236975	1235747240210
32	1235757354032	1235757358144
32	1235758218487	1235758232517
32	1235758237119	1235758241186
32	1235758256099	1235758260793
32	1235758274065	1235758278353
32	1235758291087	1235758295551
32	1235758299725	1235758309051
32	1235758314066	1235758322948
32	1235758357818	1235758366248
32	1235758374805	1235758379446
32	1235758406836	1235758412033
32	1235758466424	1235758470273
32	1235758537862	1235758561188
32	1235758587190	1235758601243
32	1235759504885	1235759509891
32	1235759545034	1235759552887
32	1235763703484	1235763708713
32	1235763709638	1235763714968
32	1235765578826	1235765584895
32	1235765586771	1235765589519
32	1235767333323	1235767336568
32	1235768991623	1235768995246
32	1235770687470	1235770692830
32	1235775335135	1235775347976
32	1235775360945	1235775364314
32	1235775391587	1235775395004
32	1235775400877	1235775412431
32	1235775526041	1235775528998
32	1235775532366	1235775537926
32	1235775540697	1235775544875
34	1235689684817	1235689685942
34	1235690533512	1235690536167
34	1235690540155	1235690545653
34	1235690573885	1235690575519
34	1235690578230	1235690581292
34	1235690595748	1235690598593
34	1235690600821	1235690603201
34	1235690639118	1235690642442
34	1235690651192	1235690654114
34	1235690780276	1235690781209
34	1235690781905	1235690786207
34	1235690795161	1235690801180
34	1235690929874	1235690931506
34	1235690932123	1235690938505
34	1235690980280	1235690982800
34	1235690985746	1235690989562
34	1235690991617	1235690994505
34	1235691000252	1235691012200
34	1235691026163	1235691027871
34	1235691033393	1235691039525
34	1235691039807	1235691049717
34	1235691051364	1235691057219
34	1235691061578	1235691063465
34	1235691064525	1235691066463
34	1235691133710	1235691135757
34	1235691261385	1235691264276
34	1235691336793	1235691338248
34	1235691339365	1235691339998
34	1235691342487	1235691345092
34	1235691351195	1235691352896
34	1235691354660	1235691359060
34	1235694177761	1235694179871
34	1235694180128	1235694182577
34	1235694184006	1235694185325
34	1235694200534	1235694207800
34	1235696967002	1235696969247
34	1235699738206	1235699739417
34	1235700569350	1235700573234
34	1235703898660	1235703901654
34	1235704152833	1235704157220
34	1235704169275	1235704172082
34	1235704632971	1235704636073
34	1235704636770	1235704642596
34	1235706858071	1235706860224
34	1235706860457	1235706864189
34	1235711052413	1235711056195
34	1235711263122	1235711265177
34	1235712619624	1235712624207
34	1235715789282	1235715790676
34	1235716602337	1235716603717
34	1235716603994	1235716607973
34	1235716609208	1235716610975
34	1235717057240	1235717060906
34	1235717078150	1235717080108
34	1235717205239	1235717206199
34	1235717207168	1235717208276
34	1235717211427	1235717215314
34	1235717313424	1235717315187
34	1235717343213	1235717344396
34	1235717347071	1235717349104
34	1235717352244	0
35	1235689257370	1235689257657
35	1235689312055	1235689314179
35	1235689408345	1235689409503
35	1235690372030	1235690372870
35	1235690532046	1235690536569
35	1235690595464	1235690597286
35	1235690612172	1235690616445
35	1235690639646	1235690641269
35	1235690651349	1235690651641
35	1235690740092	1235690744140
35	1235690778313	1235690782209
35	1235690790211	1235690792275
35	1235690796570	1235690798837
35	1235691010358	1235691013371
35	1235691024201	1235691028582
35	1235691033129	1235691037876
35	1235691046661	1235691049223
35	1235691052585	1235691060780
35	1235691061188	1235691069252
35	1235691132139	1235691132980
35	1235691134005	1235691135470
35	1235691259186	1235691263065
35	1235691337577	1235691341141
35	1235691349712	1235691360246
35	1235694177973	1235694180952
35	1235694182175	1235694186685
35	1235694191829	1235694194094
35	1235694200681	1235694204289
35	1235694205286	1235694208427
35	1235694557650	1235694559270
35	1235694730508	1235694733192
35	1235695629157	1235695631180
35	1235696958815	1235696960480
35	1235696961866	1235696964363
35	1235696964943	1235696967282
35	1235699217761	1235699221871
35	1235699229194	1235699229918
35	1235699230442	1235699235281
35	1235699614354	1235699637400
35	1235699736575	1235699741297
35	1235699877139	1235699883275
35	1235700567294	1235700574081
35	1235701036869	1235701038980
35	1235701476631	1235701478347
35	1235701624078	1235701625900
35	1235703892272	1235703893423
35	1235703901321	1235703902735
35	1235703904143	1235703905578
35	1235704090784	1235704099774
35	1235704108113	1235704109162
35	1235704152997	1235704157623
35	1235704166235	1235704170902
35	1235704633278	1235704635213
35	1235704638139	1235704641437
35	1235705843049	1235705849121
35	1235705850168	1235705856445
35	1235706267450	1235706272342
35	1235706754248	1235706760700
35	1235706851561	1235706864481
35	1235706866095	1235706871121
35	1235707880350	1235707884537
35	1235707935371	1235707937236
35	1235707988240	1235707989682
35	1235708073279	1235708076157
35	1235708077096	1235708079214
35	1235708706351	1235708710220
35	1235710923492	1235710932234
35	1235711049281	1235711050925
35	1235711260264	1235711264365
35	1235711264654	1235711267167
35	1235711267936	1235711271935
35	1235711608756	1235711610366
35	1235711611142	1235711613289
35	1235711614328	1235711616291
35	1235711979074	1235711984674
35	1235712580483	1235712583934
35	1235712618228	1235712620058
35	1235712621444	1235712625880
35	1235715077344	1235715085294
35	1235715123874	1235715125736
35	1235715126219	1235715131734
35	1235715519384	1235715525590
35	1235715628974	1235715631464
35	1235715788840	1235715794084
35	1235715906133	1235715911509
35	1235716487384	1235716489344
35	1235716577523	1235716579208
35	1235716603439	1235716615850
35	1235717056462	1235717062864
35	1235717063148	1235717067242
35	1235717075683	1235717076692
35	1235717077133	1235717082613
35	1235717202525	1235717206413
35	1235717206924	1235717212557
35	1235717212838	1235717217426
35	1235717313562	1235717328189
35	1235717343362	1235717352531
35	1235717353651	1235717370911
36	1235758098729	1235758107499
37	1235712642576	1235712653335
37	1235712726336	1235712733276
37	1235717410414	1235717411600
37	1235717414491	1235717423964
37	1235718443181	1235718449841
37	1235721173278	1235721175371
37	1235721264663	1235721271000
38	1235712643370	1235712643864
38	1235712647030	1235712653092
38	1235712731615	1235712732857
38	1235717397647	1235717403800
38	1235717405803	1235717441386
38	1235717441691	1235717445110
38	1235717450463	1235717451312
38	1235717452262	1235717505583
38	1235717566100	1235717572032
38	1235718077993	1235718109192
38	1235718176164	1235718181323
38	1235718188911	1235718191241
38	1235718205630	1235718214603
38	1235718215065	1235718237080
38	1235718238312	1235718248941
38	1235718249223	1235718253350
38	1235718260100	1235718264285
38	1235718271858	1235718274510
38	1235718275839	1235718293350
38	1235718293658	1235718302389
38	1235718302670	1235718317274
38	1235718317558	1235718336591
38	1235718345892	1235718347940
38	1235718348820	1235718377918
38	1235718380625	1235718447228
38	1235721223721	1235721229967
38	1235721236203	1235721243590
38	1235721246730	1235721250674
38	1235721258423	1235721271313
39	1235712649443	1235712655136
39	1235712723308	1235712726532
39	1235717502403	1235717513316
39	1235717564456	1235717567833
39	1235717568857	1235717574541
39	1235717576296	1235717585550
39	1235717585935	1235717588324
39	1235717999923	1235718007210
39	1235718014990	1235718023209
39	1235718031279	1235718032462
39	1235718032822	1235718037268
39	1235718038123	1235718040212
39	1235718047499	1235718049041
39	1235718052321	1235718053683
39	1235718055139	1235718059433
39	1235718061794	1235718082334
39	1235718175348	1235718178100
39	1235718247919	1235718253663
39	1235718259268	1235718262446
39	1235721171562	1235721177426
39	1235721223312	1235721225935
39	1235721238739	1235721244323
39	1235721244851	1235721249880
40	1235712651837	1235712663692
40	1235712705408	1235712706763
40	1235712713152	1235712714437
40	1235712715182	1235712720803
40	1235712722029	1235712728070
40	1235717507665	1235717515307
40	1235717523852	1235717525600
40	1235717533213	1235717535062
40	1235717535442	1235717540259
40	1235717558633	1235717562473
40	1235717562813	1235717568201
40	1235717570466	1235717582448
40	1235718105280	1235718118265
40	1235718127262	1235718130205
40	1235718163304	1235718166306
40	1235718173041	1235718179283
40	1235718250626	1235718256209
40	1235718257149	1235718262592
40	1235721173020	1235721181465
40	1235721183493	1235721184280
40	1235721205394	1235721207572
40	1235721214026	1235721221098
40	1235721221564	1235721227176
40	1235721240259	1235721250021
41	1235712651533	1235712664855
41	1235712705290	1235712707165
41	1235712721307	1235712726972
41	1235717507372	1235717518280
41	1235717521109	1235717523034
41	1235717523562	1235717525434
41	1235717533056	1235717538060
41	1235717542126	1235717544109
41	1235717558479	1235717568685
41	1235717573695	1235717582299
41	1235718104964	1235718124486
41	1235718125978	1235718128659
41	1235718162022	1235718167220
41	1235718167615	1235718179567
41	1235718250442	1235718256696
41	1235718257498	1235718262335
41	1235721173604	1235721177266
41	1235721177690	1235721181961
41	1235721195740	1235721197323
41	1235721205679	1235721207852
41	1235721208532	1235721210552
41	1235721213705	1235721220782
41	1235721221416	1235721226455
41	1235721240522	1235721249722
42	1235712639828	1235712642731
42	1235712732765	1235712733824
42	1235721271193	1235721271931
43	1235712639444	1235712643078
43	1235721270895	1235721273324
44	1235712636685	1235712643510
44	1235721271474	1235721276570
44	1235745459334	1235745463422
44	1235745465570	1235745470824
44	1235745522728	1235745525381
44	1235745564360	1235745567760
44	1235745570244	1235745573264
44	1235745817754	1235745822658
44	1235746357813	1235746362620
44	1235746544288	1235746548429
44	1235746676191	1235746678172
44	1235746686178	1235746694650
44	1235747254787	1235747260978
44	1235747265015	1235747272321
44	1235772706366	1235772714069
44	1235772737009	1235772740941
44	1235772783054	1235772787560
44	1235772871252	1235772876643
44	1235773037975	1235773055446
44	1235773072276	1235773080420
44	1235773102234	1235773116064
44	1235773926925	1235773935103
44	1235773978945	1235773983559
44	1235774105080	1235774115027
45	1235745463209	1235745466169
45	1235745584359	1235745595380
45	1235745600364	1235745609213
45	1235745611781	1235745617932
45	1235745620792	1235745632943
45	1235745676551	1235745680189
45	1235745749549	1235745755663
45	1235745782480	1235745785535
45	1235745796524	1235745800309
45	1235745805252	1235745806678
45	1235745819728	1235745823027
45	1235745837699	1235745839486
45	1235745859068	1235745861168
45	1235745864013	1235745864498
45	1235745920589	1235745927530
45	1235745927744	1235745942365
45	1235745943034	1235745951919
45	1235745952186	1235745957524
45	1235745957905	1235745966630
45	1235745966822	1235745968361
45	1235746174735	1235746177257
45	1235746239542	1235746250284
45	1235746259061	1235746264209
45	1235746354188	1235746362034
45	1235746544575	1235746552888
45	1235746568798	1235746571215
45	1235746675885	1235746680826
45	1235746685623	1235746691019
45	1235746697778	1235746701100
45	1235746704844	1235746707656
45	1235746772884	1235746776105
45	1235746902336	1235746904698
45	1235746969943	1235746973383
45	1235747136085	1235747141064
45	1235747155171	1235747156726
45	1235747209898	1235747212289
45	1235747233655	1235747238631
45	1235772792808	1235772798614
45	1235772871071	1235772876490
45	1235772958592	1235772961614
45	1235772969651	1235772974688
45	1235773001777	1235773006929
45	1235773011724	1235773015647
45	1235773023491	1235773037718
45	1235773041716	1235773050857
45	1235773064182	1235773068108
45	1235773080261	1235773085003
45	1235773090377	1235773093386
45	1235773224292	1235773238061
45	1235773241762	1235773247075
45	1235773255735	1235773270022
45	1235773338984	1235773352904
45	1235773357411	1235773365476
45	1235773372627	1235773392653
45	1235773395637	1235773409445
45	1235773418862	1235773426527
45	1235773477362	1235773481852
45	1235773505075	1235773507900
45	1235773545783	1235773554310
45	1235773561172	1235773566188
45	1235773586913	1235773591285
45	1235773875686	1235773882108
45	1235773923237	1235773931072
45	1235773978514	1235773987819
45	1235774100503	1235774109050
45	1235774111228	1235774119043
45	1235774130926	1235774147796
45	1235774157506	1235774164080
45	1235774172023	1235774177576
45	1235774719759	1235774723140
45	1235774934463	1235774937972
45	1235774943494	1235774954793
45	1235775032822	1235775037006
47	1235689735186	1235689739261
47	1235690965549	1235690967290
47	1235690970247	1235690975027
47	1235690978999	1235690986791
47	1235691050238	1235691052198
47	1235691114347	1235691117295
47	1235692385010	1235692394842
47	1235692699695	1235692704207
47	1235692707156	1235692708215
47	1235693256229	1235693260275
47	1235693267410	1235693272219
47	1235693493306	1235693495250
47	1235693650848	1235693655945
47	1235693856366	1235693857882
47	1235693890331	1235693899676
47	1235694156940	1235694161185
47	1235694346654	1235694351759
47	1235694480321	1235694483419
47	1235695004469	1235695006079
47	1235695010247	1235695014546
47	1235695475469	1235695476460
47	1235695478303	1235695484746
47	1235696056199	1235696060790
47	1235696094312	1235696096926
47	1235697601399	1235697608876
47	1235697614049	1235697616889
47	1235697626989	1235697628230
47	1235697628511	1235697631098
47	1235697736536	1235697738135
47	1235697947410	1235697952871
47	1235697958279	1235697959900
47	1235697966047	1235697970234
47	1235698517659	1235698521163
47	1235698521532	1235698528906
47	1235698548212	1235698553285
47	1235698734636	1235698736635
47	1235698739957	1235698741891
47	1235700065329	1235700067150
47	1235700219843	1235700221079
47	1235700327069	1235700328897
47	1235700332604	1235700334813
47	1235700335503	1235700340856
47	1235700341438	1235700343438
47	1235700688190	1235700689869
47	1235702348850	1235702350441
47	1235702350745	1235702356314
47	1235702357786	1235702359279
47	1235704616271	1235704617996
47	1235704618901	1235704620344
47	1235706128399	1235706131781
47	1235706137686	1235706142093
47	1235706412418	1235706414396
47	1235706417584	1235706420149
47	1235706420541	1235706426265
47	1235707443830	1235707447514
47	1235707749800	1235707752865
47	1235707754890	1235707757563
47	1235708415831	1235708418215
47	1235708453272	1235708457216
47	1235708458964	1235708461297
47	1235708784679	1235708786511
47	1235708787007	1235708789289
47	1235709144628	1235709145810
47	1235709614336	1235709615566
47	1235709619227	1235709620991
47	1235710297234	1235710299270
47	1235710300459	1235710301661
47	1235710303271	1235710306234
47	1235710306708	1235710309148
47	1235710474192	1235710476268
47	1235711072820	1235711078285
47	1235711198554	1235711203130
47	1235711476517	1235711478261
47	1235711937093	1235711941190
47	1235711941573	1235711953228
47	1235712083218	1235712087163
47	1235712598128	1235712600153
47	1235712759580	1235712771336
47	1235712828989	1235712832269
47	1235713855383	1235713856410
47	1235713859240	1235713861255
47	1235713963632	1235713970794
47	1235714914514	1235714935676
47	1235714947898	1235714950211
47	1235714996188	1235714997673
47	1235715114299	1235715119145
47	1235715122376	1235715125906
47	1235715126690	1235715129622
47	1235715428132	1235715429983
47	1235715436375	1235715438852
47	1235715439236	1235715441375
47	1235715444195	1235715445174
47	1235715595932	1235715596851
47	1235715600442	1235715610964
47	1235715616812	1235715619059
47	1235716615523	1235716618505
47	1235716633596	1235716637032
47	1235716651103	1235716652613
47	1235716655760	1235716657975
47	1235716660462	1235716660750
47	1235716832312	1235716835399
47	1235717286628	1235717289485
47	1235717290191	1235717292333
47	1235717293551	1235717295392
47	1235775194106	1235775198114
47	1235775203198	1235775206392
47	1235775223656	1235775228804
48	1235690973146	1235690974409
48	1235690977927	1235690988871
48	1235692384041	1235692395681
48	1235692697259	1235692698884
48	1235692699148	1235692707301
48	1235693322118	1235693324214
48	1235693889390	1235693899827
48	1235694345346	1235694352978
48	1235695004771	1235695006238
48	1235695010527	1235695012178
48	1235695476759	1235695485346
48	1235696010679	1235696014124
48	1235696056353	1235696060515
48	1235696090248	1235696098076
48	1235696190554	1235696192190
48	1235697601681	1235697607227
48	1235697607517	1235697608603
48	1235697947851	1235697949217
48	1235697961369	1235697970375
48	1235698517270	1235698529188
48	1235698734799	1235698742378
48	1235700060425	1235700063160
48	1235700329582	1235700342289
48	1235702345734	1235702347155
48	1235702348425	1235702353404
48	1235702353800	1235702362150
48	1235704614363	1235704615710
48	1235704616547	1235704617699
48	1235704618388	1235704620762
48	1235706120475	1235706128561
48	1235706128830	1235706134104
48	1235706137255	1235706141790
48	1235706417267	1235706427544
48	1235706601244	1235706602469
48	1235706730986	1235706736206
48	1235707444083	1235707447823
48	1235707450140	1235707451310
48	1235707748807	1235707751202
48	1235707752147	1235707763929
48	1235708415312	1235708421164
48	1235708459115	1235708463424
48	1235708469274	1235708472061
48	1235708785328	1235708787288
48	1235708787540	1235708789411
48	1235708790446	1235708798275
48	1235709132274	1235709145333
48	1235710291684	1235710294631
48	1235710297382	1235710307463
48	1235710485148	1235710493179
48	1235711069662	1235711075313
48	1235711198851	1235711201175
48	1235711471439	1235711475188
48	1235711476884	1235711481254
48	1235711933321	1235711950267
48	1235712083400	1235712084813
48	1235712758178	1235712771460
48	1235713855691	1235713862051
48	1235713960530	1235713971283
48	1235714911421	1235714924821
48	1235715120975	1235715128859
48	1235715427672	1235715435069
48	1235715435433	1235715441763
48	1235715444329	1235715445554
48	1235715600159	1235715607570
48	1235716611415	1235716618234
48	1235716651258	1235716662210
48	1235716831871	1235716837810
48	1235717284344	1235717293829
48	1235775176685	1235775179493
48	1235775184979	1235775194256
48	1235775203361	1235775206531
48	1235775209594	1235775218297
48	1235775223787	1235775236831
48	1235775248733	1235775260775
48	1235775311143	1235775316695
48	1235775330005	1235775335233
48	1235775373344	1235775379691
48	1235775395183	1235775401075
48	1235775493100	1235775497877
50	1235721272105	1235721279570
50	1235721279862	1235721292700
51	1235719802089	1235719804519
51	1235754482185	1235754494235
51	1235754730590	1235754732625
51	1235754789433	1235754795797
51	1235755183489	1235755186921
51	1235755194581	1235755198026
51	1235755303499	1235755309046
51	1235755504410	1235755508566
51	1235755579360	1235755582437
51	1235755652315	1235755657174
51	1235755963237	1235755966114
51	1235755971144	1235755977442
51	1235756754316	1235756764667
51	1235756765133	1235756790662
51	1235756868564	1235756871191
51	1235756997778	1235757004275
51	1235757265764	1235757270529
51	1235758074696	1235758081864
