1	1235489937842	1235489938354
1	1235491080371	1235491083209
1	1235491112919	1235491115619
1	1235491184171	1235491187163
1	1235491467280	1235491470683
1	1235491614125	1235491616734
1	1235492460570	1235492461479
1	1235492468281	1235492472671
1	1235492517852	1235492521446
1	1235494080475	1235494084077
1	1235494176627	1235494179617
1	1235494201382	1235494204948
1	1235494296615	1235494300534
1	1235494323394	1235494324889
1	1235494339839	1235494341532
1	1235494342935	1235494346121
1	1235496783235	1235496786465
1	1235496874799	1235496878216
1	1235496969197	1235496970257
1	1235497005590	1235497008314
1	1235503380465	1235503385301
1	1235503499876	1235503507636
1	1235503537177	1235503543100
1	1235503543875	1235503550381
1	1235503585244	1235503586783
1	1235503588237	1235503588623
1	1235503591235	1235503595367
1	1235503595642	1235503604659
1	1235503766394	1235503767034
1	1235503767328	1235503774257
1	1235503783191	1235503786091
1	1235503910661	1235503916564
1	1235504276390	1235504279482
1	1235504286709	1235504290218
1	1235504292933	1235504294595
2	1235489935864	1235489938097
2	1235494296170	1235494298208
2	1235494342704	1235494344986
2	1235496782825	1235496784683
2	1235496917028	1235496930141
2	1235496931658	1235496936600
2	1235496937099	1235496939256
2	1235496940908	1235496942510
2	1235496949150	1235496952998
2	1235496954350	1235496956157
2	1235496957357	1235496960240
2	1235496963139	1235496970468
2	1235497006783	1235497009318
2	1235497095525	1235497099384
2	1235497104710	1235497106959
2	1235497643523	1235497645399
2	1235498320870	1235498323771
2	1235498339982	1235498341501
2	1235498743966	1235498747134
2	1235498778423	1235498779432
2	1235503113143	1235503115943
2	1235503688468	1235503689827
2	1235503691105	1235503693345
2	1235504146143	1235504150760
2	1235504151257	1235504153230
2	1235504159337	1235504160670
2	1235504160981	1235504164204
2	1235504165483	1235504167261
2	1235504289908	0
5	1235496779856	1235496783424
5	1235497009573	1235497012470
5	1235497093762	1235497096260
5	1235497106793	1235497110326
5	1235497134310	1235497135611
5	1235497641582	1235497644938
5	1235497662188	1235497665007
5	1235498317547	1235498321161
5	1235498342503	1235498343549
5	1235498742783	1235498745318
5	1235498780684	1235498784334
5	1235502180144	1235502182446
5	1235504293284	0
6	1235489720041	1235489723638
6	1235489761134	1235489762209
6	1235489762780	1235489765131
6	1235489765807	1235489767946
6	1235489775003	1235489777138
6	1235489797752	1235489803462
6	1235489938599	1235489946322
6	1235490049434	1235490053219
6	1235490196144	1235490202513
6	1235490508612	1235490516589
6	1235490553182	1235490562457
6	1235490564479	1235490568055
6	1235490568385	1235490572248
6	1235490630953	1235490648322
6	1235490649946	1235490651231
6	1235490652425	1235490657690
6	1235490664725	1235490668160
6	1235490678602	1235490682466
6	1235490751297	1235490753167
6	1235490760752	1235490763063
6	1235490782094	1235490784356
6	1235490829802	1235490832730
6	1235490860374	1235490861332
6	1235490862483	1235490865719
6	1235490866551	1235490872391
6	1235490937633	1235490942273
6	1235490943768	1235490946438
6	1235490947378	1235490949501
6	1235490968312	1235490969306
6	1235490971253	1235490972155
6	1235490976573	1235490977915
6	1235491018864	1235491025393
6	1235491026302	1235491030528
6	1235491036503	1235491037814
6	1235491051673	1235491055105
6	1235491060972	1235491065225
6	1235491082150	1235491085008
6	1235491087543	1235491089046
6	1235491091468	1235491093917
6	1235491116269	1235491119186
6	1235491139088	1235491141688
6	1235491156924	1235491160272
6	1235491164659	1235491165813
6	1235491176886	1235491180191
6	1235491276445	1235491278942
6	1235491285406	1235491287213
6	1235491289361	1235491293274
6	1235491293682	1235491300352
6	1235491313062	1235491320678
6	1235491353926	1235491357177
6	1235491360934	1235491365809
6	1235491491019	1235491494616
6	1235491541794	1235491542315
6	1235491542936	1235491552383
6	1235491572015	1235491583503
6	1235491810705	1235491814307
6	1235492088219	1235492090403
6	1235492117586	1235492119201
6	1235492123420	1235492125354
6	1235492267199	1235492269180
6	1235492270447	1235492276501
6	1235492281270	1235492289867
6	1235492324990	1235492333645
6	1235492449623	1235492452121
6	1235492455311	1235492460778
6	1235492520968	1235492524221
6	1235492677731	1235492681004
6	1235492717341	1235492722731
6	1235492961056	1235492963738
6	1235493460490	1235493462180
6	1235493463213	1235493464352
6	1235493471852	1235493474274
6	1235493766481	1235493767247
6	1235494069413	1235494074376
6	1235494076299	1235494082063
6	1235496714093	1235496726262
6	1235496727313	1235496729798
6	1235496730212	1235496731388
6	1235496732144	1235496738068
6	1235496740257	1235496741929
6	1235496742259	1235496744572
6	1235496746258	1235496749298
6	1235496756638	1235496758564
6	1235496778100	1235496786018
6	1235496788541	1235496791382
6	1235496795469	1235496797831
6	1235496803641	1235496806248
6	1235496815248	1235496818246
6	1235496820166	1235496823253
6	1235496827237	1235496828179
6	1235496877622	1235496879444
6	1235496916148	1235496918343
6	1235496921612	1235496922690
6	1235496951699	1235496954762
6	1235497009204	1235497014806
6	1235497017925	1235497020820
6	1235497021028	1235497026319
6	1235497032953	1235497038113
6	1235497042718	1235497047909
6	1235497073024	1235497076158
6	1235497089456	1235497100159
6	1235497106313	1235497110478
6	1235497125320	1235497131300
6	1235497134441	1235497138021
6	1235497138459	1235497144209
6	1235497149562	1235497156148
6	1235497162480	1235497163556
6	1235497176243	1235497178541
6	1235497201277	1235497202174
6	1235497348702	1235497359188
6	1235497413337	1235497415071
6	1235497496458	1235497500178
6	1235497514729	1235497520291
6	1235497529258	1235497535944
6	1235497539182	1235497541640
6	1235497542531	1235497545930
6	1235497599068	1235497604258
6	1235497634251	1235497637452
6	1235497638850	1235497645263
6	1235497661735	1235497667278
6	1235497691337	1235497692613
6	1235497694208	1235497697291
6	1235497752743	1235497755680
6	1235497812319	1235497816540
6	1235497817008	1235497819298
6	1235497910355	1235497914350
6	1235497918787	1235497923898
6	1235497971740	1235497974553
6	1235497993719	1235497998291
6	1235498023738	1235498029639
6	1235498032232	1235498033278
6	1235498054506	1235498056278
6	1235498059258	1235498060210
6	1235498074843	1235498077307
6	1235498077738	1235498080151
6	1235498101462	1235498105982
6	1235498134287	1235498138222
6	1235498189650	1235498191503
6	1235498192943	1235498194898
6	1235498210209	1235498212279
6	1235498213402	1235498215218
6	1235498230313	1235498232033
6	1235498233319	1235498234932
6	1235498258203	1235498262031
6	1235498304428	1235498308509
6	1235498312528	1235498323504
6	1235498342227	1235498347382
6	1235498353581	1235498358819
6	1235498369269	1235498373876
6	1235498402177	1235498403531
6	1235498476317	1235498486487
6	1235498562218	1235498568830
6	1235498739445	1235498746822
6	1235498780826	1235498788027
6	1235498903477	1235498906348
6	1235498907873	1235498910669
6	1235498916469	1235498918190
6	1235499051170	1235499052471
6	1235499076413	1235499077094
6	1235499079298	1235499079830
6	1235499210650	1235499214260
6	1235499217258	1235499223418
6	1235499292250	1235499296350
6	1235499297278	1235499300670
6	1235499415616	1235499419548
6	1235499645630	1235499649672
6	1235499656220	1235499660319
6	1235499875712	1235499880412
6	1235500307441	1235500311191
6	1235500579817	1235500581620
6	1235500658311	1235500662344
6	1235501045891	1235501047353
6	1235502002889	1235502008291
6	1235502012763	1235502021759
6	1235502022280	1235502036302
6	1235502041614	1235502042402
6	1235502042765	1235502044867
6	1235502081757	1235502083477
6	1235502156885	1235502161270
6	1235502177090	1235502182541
6	1235502283918	1235502286758
6	1235502289811	1235502291999
6	1235502330972	1235502334638
6	1235502941451	1235502942531
6	1235502943311	1235502944987
6	1235503011966	1235503013806
6	1235503014758	1235503016460
6	1235503093248	1235503115663
6	1235503424461	1235503427210
6	1235503430531	1235503431160
6	1235503435098	1235503436360
6	1235503439274	1235503440738
6	1235503442217	1235503446971
6	1235503448722	1235503449838
6	1235503669960	1235503672528
6	1235503672844	1235503675526
6	1235503873984	1235503875425
6	1235504113303	1235504119370
6	1235504141680	1235504146453
6	1235504292666	0
7	1235489932260	1235489940918
7	1235490199161	1235490202366
7	1235490507150	1235490515443
7	1235490552500	1235490555683
7	1235490556938	1235490561657
7	1235490562060	1235490566336
7	1235491112466	1235491114538
7	1235491466892	1235491469822
7	1235491548484	1235491552049
7	1235491571903	1235491574682
7	1235491614319	1235491615202
7	1235492457528	1235492463303
7	1235492468497	1235492470664
7	1235492518842	1235492523159
7	1235492679090	1235492682214
7	1235492716354	1235492720411
7	1235494080125	1235494083419
7	1235494176832	1235494178533
7	1235494272311	1235494277061
7	1235494297260	1235494299640
7	1235494320401	1235494321234
7	1235496713463	1235496716923
7	1235496722713	1235496728504
7	1235496731664	1235496733316
7	1235496746560	1235496747928
7	1235496782508	1235496785863
7	1235496876252	1235496877893
7	1235496915288	1235496919418
7	1235497011757	1235497013350
7	1235497096528	1235497099094
7	1235497102852	1235497106174
7	1235497150004	1235497152247
7	1235497160526	1235497163124
7	1235497177288	1235497180254
7	1235497183948	1235497186278
7	1235497404411	1235497406278
7	1235497411473	1235497413187
7	1235497533849	1235497538898
7	1235497569502	1235497573319
7	1235497617421	1235497620035
7	1235497621002	1235497625456
7	1235497644009	1235497647705
7	1235497658360	1235497661474
7	1235497979321	1235497980817
7	1235498166028	1235498167852
7	1235498254290	1235498255328
7	1235498321639	1235498326402
7	1235498338476	1235498341784
7	1235498405896	1235498408240
7	1235498577049	1235498579541
7	1235498745606	1235498749184
7	1235498776497	1235498780200
7	1235499473552	1235499476290
7	1235500338198	1235500340216
7	1235501517472	1235501522037
7	1235501532258	1235501535383
7	1235502041456	1235502042987
7	1235502382780	1235502385759
7	1235502387259	1235502387695
7	1235503015192	1235503016741
7	1235503115526	1235503118804
7	1235503379971	1235503383414
7	1235503425176	1235503428214
7	1235503428456	1235503430385
7	1235503445391	1235503449592
7	1235503452301	1235503457739
7	1235503492646	1235503498833
7	1235503534630	1235503537911
7	1235503627948	1235503630349
7	1235503637103	1235503639270
7	1235503658584	1235503660281
7	1235503662255	1235503664153
7	1235503670620	1235503677246
7	1235503686881	1235503689212
7	1235503692243	1235503696219
7	1235503874532	1235503877740
7	1235503911234	1235503916117
7	1235504112492	1235504114628
7	1235504138848	1235504140178
7	1235504141570	1235504147623
7	1235504165737	1235504169907
7	1235504271460	1235504279861
7	1235504287502	1235504292380
7	1235504295667	0
8	1235460298693	1235460303024
8	1235460306061	1235460310260
8	1235489716617	1235489721330
8	1235489931416	1235489936249
8	1235490199681	1235490203118
8	1235490511888	1235490515022
8	1235490550606	1235490554212
8	1235490559258	1235490565613
8	1235491081708	1235491083053
8	1235491089279	1235491091986
8	1235491092288	1235491096676
8	1235491097079	1235491105540
8	1235491106619	1235491110186
8	1235491111531	1235491114966
8	1235491185369	1235491189104
8	1235491464678	1235491469480
8	1235491550546	1235491554615
8	1235491569481	1235491574492
8	1235491613981	1235491617147
8	1235492458663	1235492465286
8	1235492467975	1235492472510
8	1235492519093	1235492521778
8	1235492680503	1235492683194
8	1235492714512	1235492719686
8	1235494079802	1235494083034
8	1235494176183	1235494180178
8	1235494202044	1235494205556
8	1235494271186	1235494276014
8	1235494297485	1235494302963
8	1235494314339	1235494318660
8	1235494318955	1235494325402
8	1235496711783	1235496716257
8	1235496722139	1235496726049
8	1235497096936	1235497099963
8	1235497101558	1235497106590
8	1235497149804	1235497151585
8	1235497159302	1235497163996
8	1235497535325	1235497538400
8	1235497568195	1235497572737
8	1235497619273	1235497625204
8	1235497644734	1235497648247
8	1235497656787	1235497661996
8	1235498322005	1235498326194
8	1235498336085	1235498342035
8	1235498746013	1235498748989
8	1235498775322	1235498780492
8	1235501519444	1235501523234
8	1235501530340	1235501535192
8	1235503115321	1235503119036
8	1235503379317	1235503383637
8	1235503454449	1235503457262
8	1235503491299	1235503493574
8	1235503495280	1235503498316
8	1235503533150	1235503537482
8	1235503675298	1235503676743
8	1235503685281	1235503689692
8	1235503784193	1235503792889
8	1235503795251	1235503796818
8	1235503798622	1235503801953
8	1235503802235	1235503813220
8	1235503816259	1235503819906
8	1235503823510	1235503826024
8	1235503826776	1235503828182
8	1235503834238	1235503846229
8	1235503847323	1235503849484
8	1235503853314	1235503859072
8	1235503875091	1235503878183
8	1235503912323	1235503913148
8	1235504110136	1235504115390
8	1235504166392	1235504169724
8	1235504270265	1235504274979
8	1235504286571	1235504292194
9	1235459395879	1235459398541
9	1235459698259	1235459702292
9	1235459773190	1235459778177
9	1235459903202	1235459907501
9	1235460274584	1235460275442
9	1235460277304	1235460279357
9	1235460299201	1235460302186
9	1235489717136	1235489720196
9	1235489803568	1235489804140
9	1235489931647	1235489933016
9	1235490200705	1235490203723
9	1235490512520	1235490515640
9	1235490550354	1235490553978
9	1235490561820	1235490564619
9	1235491091759	1235491094417
9	1235491094817	1235491100113
9	1235491102583	1235491117590
9	1235491219740	1235491223313
9	1235491225688	1235491227702
9	1235491248654	1235491253182
9	1235491255092	1235491258064
9	1235491288773	1235491290766
9	1235491302757	1235491303265
9	1235491323452	1235491325188
9	1235491327149	1235491330931
9	1235491351468	1235491354045
9	1235491461990	1235491464870
9	1235491550795	1235491552532
9	1235491570073	1235491572562
9	1235491614943	1235491616921
9	1235491623142	1235491625302
9	1235491639008	1235491640336
9	1235491643533	1235491644963
9	1235491650483	1235491652453
9	1235491656302	1235491658272
9	1235491727746	1235491731467
9	1235491801807	1235491802094
9	1235491810871	1235491813195
9	1235492159512	1235492163137
9	1235492184689	1235492186213
9	1235492342130	1235492343878
9	1235492467141	1235492469911
9	1235492659257	1235492660508
9	1235492680708	1235492683757
9	1235492714833	1235492718030
9	1235492719449	1235492722298
9	1235493194528	1235493197306
9	1235493221508	1235493224682
9	1235493227789	1235493230578
9	1235493472510	1235493474430
9	1235493867214	1235493869302
9	1235493875319	1235493876443
9	1235493877224	1235493879059
9	1235493879789	1235493882228
9	1235494171192	1235494178089
9	1235494202684	1235494209200
9	1235494210762	1235494212859
9	1235494213124	1235494214152
9	1235494218351	1235494222720
9	1235494240937	1235494254368
9	1235494260217	1235494261716
9	1235494263309	1235494265061
9	1235494266859	1235494269239
9	1235494269513	1235494273820
9	1235494298512	1235494302500
9	1235494313050	1235494320942
9	1235496711406	1235496713572
9	1235497097535	1235497099249
9	1235497101932	1235497104560
9	1235497159489	1235497163268
9	1235497568665	1235497570181
9	1235497614636	1235497616209
9	1235497616809	1235497619451
9	1235497657251	1235497659074
9	1235497755196	1235497756842
9	1235498173452	1235498173859
9	1235498323660	1235498324966
9	1235498338622	1235498338944
9	1235498417280	1235498418989
9	1235498420188	1235498422108
9	1235498578322	1235498580820
9	1235498677046	1235498679758
9	1235498746528	1235498749336
9	1235498766238	1235498769435
9	1235498776617	1235498778264
9	1235498847292	1235498847795
9	1235499462301	1235499467718
9	1235499472244	1235499474250
9	1235499476444	1235499479279
9	1235499708244	1235499711441
9	1235499729357	1235499733718
9	1235499865803	1235499871158
9	1235499997868	1235500002059
9	1235500002352	1235500003952
9	1235500337364	1235500340379
9	1235500511216	1235500512469
9	1235500550320	1235500555803
9	1235500648862	1235500653199
9	1235500738790	1235500740237
9	1235500804289	1235500805724
9	1235500924250	1235500925546
9	1235501011483	1235501014499
9	1235501132548	1235501133557
9	1235501388361	1235501389118
9	1235501389642	1235501391400
9	1235501512719	1235501515699
9	1235501517614	1235501520572
9	1235501521411	1235501523438
9	1235501526311	1235501527562
9	1235501533991	1235501539995
9	1235501641189	1235501643960
9	1235501652275	1235501653293
9	1235501698303	1235501698691
9	1235501701260	1235501702312
9	1235501708242	1235501711736
9	1235501926223	1235501929247
9	1235501938319	1235501939847
9	1235502041908	1235502044181
9	1235502044580	1235502047298
9	1235502333261	1235502335042
9	1235502369278	1235502372218
9	1235502383062	1235502384764
9	1235502385083	1235502387415
9	1235502387976	1235502391793
9	1235502964174	1235502966607
9	1235503011179	1235503017415
9	1235503026061	1235503031278
9	1235503208190	1235503209001
9	1235503452034	1235503453115
9	1235503534776	1235503535078
9	1235503630565	1235503633208
9	1235503639436	1235503639952
9	1235503662414	1235503672998
9	1235503675676	1235503676982
9	1235503685596	1235503688128
9	1235503693752	1235503696580
9	1235503699265	1235503701143
9	1235503705538	1235503707288
9	1235504110996	1235504114359
10	1235489738262	1235489738874
10	1235489740680	1235489742338
10	1235489750885	1235489752626
10	1235489766340	1235489768218
10	1235489780235	1235489784299
10	1235489797963	1235489800462
10	1235489940624	1235489942309
10	1235489947037	1235489947972
10	1235490055455	1235490058393
10	1235490196293	1235490199289
10	1235490568679	1235490570272
10	1235490637825	1235490643254
10	1235490907407	1235490908652
10	1235491277246	1235491278527
10	1235491289083	1235491290913
10	1235491489183	1235491491296
10	1235491545097	1235491547535
10	1235491574829	1235491575547
10	1235491778078	1235491778424
10	1235491811030	1235491813292
10	1235492370459	1235492371040
10	1235492523711	1235492527183
10	1235492677391	1235492679226
10	1235492720140	1235492722442
10	1235492792081	1235492794233
10	1235493178472	1235493179999
10	1235493262257	1235493264850
10	1235493324368	1235493325422
10	1235493351247	1235493352873
10	1235493354118	1235493357257
10	1235493408498	1235493409763
10	1235493411611	1235493415328
10	1235493424388	1235493426256
10	1235493462853	1235493465473
10	1235493740120	1235493742408
10	1235494068971	1235494072012
10	1235497022244	1235497023884
10	1235497035214	1235497036678
10	1235497162662	1235497164307
10	1235497173222	1235497177590
10	1235497189338	1235497191047
10	1235497428191	1235497429788
10	1235497515370	1235497516354
10	1235497517571	1235497518571
10	1235497639189	1235497641842
10	1235497663313	1235497668713
10	1235497685529	1235497688159
10	1235497694353	1235497695979
10	1235497922171	1235497924206
10	1235497972820	1235497974806
10	1235497995390	1235497998393
10	1235498005848	1235498010211
10	1235498103272	1235498105497
10	1235498135349	1235498137736
10	1235498260453	1235498261579
10	1235498305787	1235498308658
10	1235498314241	1235498316315
10	1235498345708	1235498347562
10	1235498482449	1235498484271
10	1235498563404	1235498565009
10	1235498565305	1235498567670
10	1235498904840	1235498908378
10	1235498908806	1235498911121
10	1235499211902	1235499220219
10	1235499221901	1235499223702
10	1235499290435	1235499296514
10	1235499415179	1235499417103
10	1235499417530	1235499420000
10	1235499647341	1235499649098
10	1235499659227	1235499660780
10	1235499710327	1235499713052
10	1235499720878	1235499723315
10	1235499858756	1235499860268
10	1235499877957	1235499880545
10	1235500309300	1235500311350
10	1235500485469	1235500488460
10	1235500581322	1235500583300
10	1235500696191	1235500698258
10	1235500846320	1235500850680
10	1235500852313	1235500853378
10	1235501062626	1235501066153
10	1235501398720	1235501400316
10	1235501524199	1235501527698
10	1235501528372	1235501530566
10	1235501536122	1235501539460
10	1235501711460	1235501713298
10	1235503033061	1235503034240
10	1235503095710	1235503097761
11	1235489723399	1235489723830
11	1235489737914	1235489739130
11	1235489779755	1235489782449
11	1235489940387	1235489941271
11	1235489946813	1235489950309
11	1235490195773	1235490198721
11	1235490566061	1235490567836
11	1235491586502	1235491589565
11	1235491793781	1235491795431
11	1235491805412	1235491808158
11	1235493179748	1235493180270
11	1235493944453	1235493950057
11	1235497012142	1235497014458
11	1235497017387	1235497020295
11	1235497348374	1235497349282
11	1235497495107	1235497496924
11	1235497517394	1235497518247
11	1235497529079	1235497530319
11	1235497634510	1235497637286
11	1235498104521	1235498104905
11	1235498135688	1235498137436
11	1235498183755	1235498185662
11	1235498306280	1235498308302
11	1235498314484	1235498317241
11	1235498477650	1235498478722
11	1235498482207	1235498483966
11	1235498562924	1235498567457
11	1235498633237	1235498634630
11	1235498903188	1235498910923
11	1235499210391	1235499212581
11	1235499221692	1235499223216
11	1235499290252	1235499291962
11	1235499293634	1235499300905
11	1235499402248	1235499404373
11	1235499407798	1235499410315
11	1235499414830	1235499416918
11	1235499417905	1235499419789
11	1235499508016	1235499509421
11	1235499624994	1235499627499
11	1235499645262	1235499649350
11	1235499655867	1235499657582
11	1235499658883	1235499661015
11	1235499866289	1235499868245
11	1235500303072	1235500304774
11	1235500485226	1235500486290
11	1235500486609	1235500488694
11	1235500582600	1235500584485
11	1235500765455	1235500765858
11	1235501401066	1235501404150
11	1235501404744	1235501408009
11	1235501412078	1235501415238
11	1235501518976	1235501523703
11	1235501526147	1235501527166
11	1235502179662	1235502182285
11	1235503094504	1235503096284
14	1235459318512	1235459321745
14	1235459322155	1235459325043
14	1235459386441	1235459392204
14	1235459774995	1235459778641
14	1235459901340	1235459905162
14	1235460277775	1235460280819
15	1235459317905	1235459321941
15	1235459323915	1235459327191
15	1235459364222	1235459368240
15	1235459368612	1235459371422
15	1235459372660	1235459377501
15	1235459383544	1235459388015
15	1235459775704	1235459780849
15	1235459899595	1235459903516
15	1235460279119	1235460281696
15	1235460295760	1235460300354
15	1235460308757	1235460314064
15	1235489714575	1235489719950
15	1235489803885	1235489809530
15	1235489929745	1235489936050
15	1235490202833	1235490205496
15	1235490389326	1235490393414
15	1235490399162	1235490403707
15	1235490504729	1235490508761
15	1235490515807	1235490517932
15	1235490549650	1235490553451
16	1235458911483	1235458913453
16	1235458926731	1235458935803
16	1235458937501	1235458939637
16	1235458949505	1235458951688
16	1235458966393	1235458971504
16	1235459073696	1235459074675
16	1235459076413	1235459079887
16	1235459093117	1235459094474
16	1235459094757	1235459097446
16	1235459217417	1235459225233
16	1235459306401	1235459309034
16	1235459309506	1235459314614
16	1235459317467	1235459321388
16	1235459323769	1235459327078
16	1235459363870	1235459371714
16	1235459372384	1235459380823
16	1235459383263	1235459387062
16	1235459776257	1235459783981
16	1235459788333	1235459795727
16	1235459807732	1235459813382
16	1235459826853	1235459831309
16	1235459859280	1235459861233
16	1235459866136	1235459871687
16	1235459899277	1235459902903
16	1235460280587	1235460283493
16	1235460295481	1235460299065
16	1235460310409	1235460313794
16	1235460452482	1235460453262
16	1235460453659	1235460459853
16	1235460722878	1235460726648
16	1235460740152	1235460742282
16	1235460743981	1235460746871
16	1235460795306	1235460797101
16	1235460797845	1235460800273
16	1235461146376	1235461152851
16	1235461155617	1235461161396
16	1235461217814	1235461223579
16	1235489667446	1235489673505
16	1235489714205	1235489717796
16	1235489804405	1235489807302
16	1235489824409	1235489828208
16	1235489929231	1235489931949
16	1235490202234	1235490205227
16	1235490389134	1235490392853
16	1235490400844	1235490402033
16	1235490440938	1235490442427
16	1235490443020	1235490445775
16	1235490455376	1235490461092
16	1235490504456	1235490506889
16	1235490515263	1235490516378
16	1235490521342	1235490527352
16	1235490529985	1235490534828
16	1235490548183	1235490552967
17	1235458894255	1235458907605
17	1235458910511	1235458916646
17	1235458920157	1235458928150
17	1235458930809	1235458933037
17	1235458933673	1235458935600
17	1235458939139	1235458947314
17	1235458951215	1235458956398
17	1235458963555	1235458968770
17	1235458969633	1235458977366
17	1235459058383	1235459065105
17	1235459068535	1235459073444
17	1235459077096	1235459079695
17	1235459107052	1235459115584
17	1235459116455	1235459123225
17	1235459127969	1235459137590
17	1235459145847	1235459148435
17	1235459158377	1235459164230
17	1235459164507	1235459166678
17	1235459167677	1235459174220
17	1235459184310	1235459191914
17	1235459194135	1235459201423
17	1235459202682	1235459210045
17	1235459224505	1235459239742
17	1235459240383	1235459253013
17	1235459254927	1235459257487
17	1235459257891	1235459272522
17	1235459273029	1235459279997
17	1235459299890	1235459302500
17	1235459303128	1235459306703
17	1235459309842	1235459311833
17	1235459313208	1235459314411
17	1235459325312	1235459337217
17	1235459338594	1235459342275
17	1235459342612	1235459344615
17	1235459346158	1235459347936
17	1235459362145	1235459366941
17	1235459375905	1235459380659
17	1235459381647	1235459385173
17	1235459784817	1235459789631
17	1235459793454	1235459795375
17	1235459806142	1235459807556
17	1235459860679	1235459865584
17	1235459868321	1235459870199
17	1235459874261	1235459883455
17	1235459884179	1235459892835
17	1235459896182	1235459900187
17	1235460281379	1235460298850
17	1235460313252	1235460314629
17	1235460322739	1235460335685
17	1235460338029	1235460341735
17	1235460341997	1235460349178
17	1235460356467	1235460358394
17	1235460389554	1235460394365
17	1235460416285	1235460426139
17	1235460426517	1235460433035
17	1235460434376	1235460440587
17	1235460441107	1235460443332
17	1235460443627	1235460456030
17	1235460456373	1235460470743
17	1235460471676	1235460482448
17	1235460483268	1235460485629
17	1235460486898	1235460488800
17	1235460496179	1235460501434
17	1235460503913	1235460510920
17	1235460511182	1235460512581
17	1235460515315	1235460519668
17	1235460522165	1235460524663
17	1235460528434	1235460530980
17	1235460545434	1235460548325
17	1235460555059	1235460557238
17	1235460561799	1235460565331
17	1235460577199	1235460579495
17	1235460580146	1235460582697
17	1235460606435	1235460608810
17	1235460626305	1235460633814
17	1235460634086	1235460642834
17	1235460654950	1235460660202
17	1235460660484	1235460662520
17	1235460664100	1235460668483
17	1235460681007	1235460689243
17	1235460689765	1235460690916
17	1235460701526	1235460702425
17	1235460704479	1235460713939
17	1235460716427	1235460722685
17	1235460726296	1235460727981
17	1235460730420	1235460742516
17	1235460743789	1235460754135
17	1235460756085	1235460775280
17	1235460775917	1235460799703
17	1235460803195	1235460817473
17	1235460817794	1235460826828
17	1235460836140	1235460844670
17	1235460901376	1235460914471
17	1235460917883	1235460932965
17	1235460935425	1235460943660
17	1235460944798	1235460949237
17	1235460979686	1235460980843
17	1235461021927	1235461027774
17	1235461085401	1235461094553
17	1235461097664	1235461098857
17	1235461100650	1235461106253
17	1235461115235	1235461120290
17	1235461122834	1235461127559
17	1235461128607	1235461133682
17	1235461137937	1235461142224
17	1235461143497	1235461148389
17	1235461155486	1235461157137
17	1235461158741	1235461163238
17	1235461208271	1235461213262
17	1235461214396	1235461222243
17	1235461235132	1235461240081
17	1235461247235	1235461252227
17	1235461253605	1235461262243
17	1235461266665	1235461271613
17	1235461274361	1235461278976
17	1235461286659	1235461296210
17	1235489662225	1235489679309
17	1235489699007	1235489710937
17	1235489713564	1235489713818
17	1235489806984	1235489822004
17	1235489822953	1235489825646
17	1235489827460	1235489832203
17	1235489836726	1235489843247
17	1235489885111	1235489912127
17	1235489917480	1235489920349
17	1235489920640	1235489935261
17	1235490203398	1235490205015
17	1235490233297	1235490241689
17	1235490248680	1235490253717
17	1235490257154	1235490277572
17	1235490282065	1235490283961
17	1235490287198	1235490292411
17	1235490295603	1235490301896
17	1235490304400	1235490308129
17	1235490327287	1235490331751
17	1235490334654	1235490337726
17	1235490351270	1235490361181
17	1235490370876	1235490379339
17	1235490385421	1235490389561
17	1235490401372	1235490414006
17	1235490421431	1235490433454
17	1235490436736	1235490447057
17	1235490451912	1235490463319
17	1235490467181	1235490473841
17	1235490478437	1235490485747
17	1235490488282	1235490490321
17	1235490494616	1235490506582
17	1235490516009	1235490527225
17	1235490529534	1235490552320
18	1235458889833	1235458897258
18	1235458912312	1235458915345
18	1235458920525	1235458921899
18	1235458953250	1235458968984
18	1235459057103	1235459074012
18	1235459117231	1235459131310
18	1235459188326	1235459197466
18	1235459333722	1235459341889
18	1235459781599	1235459792232
18	1235459889313	1235459898800
18	1235460391432	1235460395452
18	1235460641346	1235460645301
18	1235460653926	1235460659611
18	1235460710855	1235460713331
18	1235460715042	1235460720282
18	1235460823851	1235460827842
18	1235460832749	1235460839091
18	1235460841171	1235460851162
18	1235460853403	1235460856913
18	1235460857433	1235460859524
18	1235460862884	1235460867117
18	1235460868938	1235460869544
18	1235460871250	1235460874266
18	1235460883964	1235460891160
18	1235460898484	1235460903180
18	1235460916234	1235460921333
18	1235461116752	1235461120045
18	1235461121623	1235461126061
18	1235461137291	1235461148899
18	1235461210130	1235461211783
18	1235461213064	1235461216306
18	1235461249036	1235461256674
18	1235461290596	1235461295548
18	1235489661801	1235489665711
18	1235490238507	1235490244291
18	1235490245884	1235490253964
18	1235490292619	1235490297252
18	1235490299389	1235490302120
18	1235490302638	1235490306061
18	1235490355325	1235490362504
18	1235490368373	1235490379500
18	1235490381275	1235490392565
18	1235490422315	1235490425584
18	1235490425986	1235490434665
18	1235490436479	1235490442589
18	1235490470253	1235490481909
19	1235458887875	1235458892311
19	1235459055621	1235459060011
19	1235459193395	1235459195015
19	1235460400515	1235460404760
19	1235460823505	1235460829532
19	1235460830339	1235460835695
19	1235461292495	1235461298225
19	1235489661167	1235489664731
21	1235458887067	1235458889381
21	1235459055852	1235459056415
21	1235489657582	1235489662421
24	1235458886384	1235458890097
24	1235459053460	1235459058707
24	1235489656874	1235489661365
25	1235458884979	1235458889535
25	1235459052542	1235459056121
25	1235489654990	1235489661501
26	1235458884158	1235458886645
26	1235459049492	1235459053846
26	1235489651803	1235489657890
27	1235458880585	1235458883806
27	1235458996958	1235458998353
27	1235459043847	1235459047113
27	1235489647472	1235489653420
28	1235455989777	1235455991424
28	1235455992511	1235455994330
28	1235458878152	1235458882173
28	1235458993648	1235458998847
28	1235459041529	1235459046494
28	1235489644514	1235489651004
29	1235455837625	1235455840311
29	1235455988585	1235455992038
29	1235456247591	1235456250799
29	1235458317936	1235458319556
29	1235458683053	1235458685177
29	1235458877605	1235458881690
29	1235459041965	1235459043591
29	1235461671355	1235461674486
29	1235463269023	1235463272506
29	1235463284397	1235463287866
29	1235463309100	1235463314765
29	1235489645156	1235489648147
30	1235458876066	1235458881133
30	1235458994088	1235458999002
30	1235463311873	0
31	1235457234354	1235457240961
31	1235457243551	1235457249801
31	1235457250085	1235457253024
31	1235457253393	1235457256116
31	1235457259357	1235457261250
31	1235457309820	1235457328765
31	1235457329344	1235457333353
31	1235457339147	1235457340701
31	1235457351224	1235457354691
31	1235457381792	1235457384360
31	1235457391466	1235457395200
31	1235457398267	1235457400327
31	1235457406630	1235457414856
31	1235457418443	1235457422068
31	1235457424354	1235457425651
31	1235457425953	1235457428062
31	1235457437661	1235457440902
31	1235457443053	1235457446263
31	1235457446857	1235457449201
31	1235457452601	1235457454810
31	1235457465171	1235457469314
31	1235457548307	1235457550273
31	1235457565582	1235457570260
31	1235457572665	1235457575653
31	1235457581022	1235457589309
31	1235457595427	1235457596155
31	1235457614893	1235457619521
31	1235457627310	1235457631590
31	1235457652294	1235457658167
31	1235457658447	1235457670691
31	1235457677754	1235457679543
31	1235457682806	1235457685704
31	1235457691359	1235457695743
31	1235457710045	1235457718111
31	1235457719760	1235457720520
31	1235457723704	1235457733056
31	1235457740619	1235457742212
31	1235457746241	1235457749501
31	1235457758555	1235457767831
31	1235457773221	1235457779454
31	1235457780853	1235457782172
31	1235457800433	1235457803353
31	1235457804907	1235457810057
31	1235457815811	1235457818896
31	1235457822810	1235457826121
31	1235457836231	1235457837310
31	1235457837613	1235457848593
31	1235457849425	1235457851440
31	1235457852194	1235457854271
31	1235457854568	1235457857652
31	1235457857933	1235457870120
31	1235457888245	1235457890969
31	1235457891234	1235457893561
31	1235457896783	1235457909201
31	1235457944408	1235457957645
31	1235457965736	1235457969357
31	1235457992693	1235457996171
31	1235458004539	1235458006184
31	1235458017069	1235458018352
31	1235458053342	1235458054513
31	1235458056280	1235458058191
31	1235458059633	1235458062225
31	1235458062507	1235458065457
31	1235458077282	1235458080291
31	1235458086661	1235458092356
31	1235458096181	1235458099861
31	1235458107881	1235458108974
31	1235458110181	1235458116401
31	1235458120444	1235458124162
31	1235458129881	1235458131563
31	1235458134237	1235458138232
31	1235458182903	1235458186061
31	1235458194761	1235458197790
31	1235458201654	1235458203556
31	1235458209311	1235458212291
31	1235458214310	1235458218929
31	1235458222151	1235458224273
31	1235458243235	1235458246267
31	1235458258061	1235458260342
31	1235458265066	1235458266743
31	1235458273672	1235458278712
31	1235458347370	1235458351400
31	1235458372161	1235458373871
31	1235458426563	1235458432985
31	1235458460966	1235458465313
31	1235458515375	1235458518203
31	1235458519727	1235458520217
31	1235458553271	1235458556906
31	1235458570586	1235458573301
31	1235458579710	1235458581121
31	1235458610854	1235458615309
31	1235458620788	1235458625682
31	1235458658677	1235458659630
31	1235458999507	1235459002279
31	1235459003085	1235459007352
31	1235459013374	1235459019444
31	1235459040702	1235459050099
31	1235459056563	1235459058560
31	1235459059316	1235459061543
31	1235459062353	1235459067640
31	1235459071346	1235459073856
31	1235459074384	1235459080193
31	1235459098549	1235459101288
31	1235459101629	1235459103815
31	1235459109334	1235459121750
31	1235459165057	1235459170690
31	1235459172241	1235459175403
31	1235459178653	1235459182274
31	1235459185749	1235459187897
31	1235459195234	1235459199494
31	1235459208667	1235459214288
31	1235459221003	1235459222924
31	1235459225336	1235459226274
31	1235459250012	1235459256288
31	1235459257665	1235459260421
31	1235459269780	1235459270809
31	1235459272661	1235459278255
31	1235459279760	1235459281453
31	1235459303567	1235459309205
31	1235459320305	1235459320830
31	1235459326830	1235459336636
31	1235459341711	1235459342436
31	1235459350233	1235459356341
31	1235459360401	1235459363983
31	1235459366217	1235459366704
31	1235459370293	1235459372521
31	1235459372939	1235459383935
31	1235459411092	1235459413975
31	1235459428620	1235459430345
31	1235459449610	1235459452831
31	1235459453106	1235459455493
31	1235459470500	1235459471750
31	1235459528704	1235459532342
31	1235459561181	1235459564491
31	1235459600791	1235459605026
31	1235459613783	1235459618424
31	1235459624521	1235459625639
31	1235459656201	1235459657631
31	1235459660855	1235459663367
31	1235459664093	1235459666584
31	1235459702412	1235459705543
31	1235459723472	1235459726307
31	1235459726714	1235459727738
31	1235459730903	1235459732671
31	1235459742230	1235459747813
31	1235459759419	1235459760594
31	1235459762276	1235459763114
31	1235459765513	1235459768383
31	1235459822857	1235459824528
31	1235459831470	1235459833247
31	1235459836013	1235459838725
31	1235459853324	1235459854713
31	1235459872203	1235459874391
31	1235459874778	1235459877683
31	1235459887881	1235459889597
31	1235459919691	1235459922295
31	1235459928270	1235459929587
31	1235459930173	1235459932680
31	1235459943704	1235459946497
31	1235459949416	1235459955453
31	1235459959218	1235459960249
31	1235459961732	1235459962263
31	1235459970746	1235459979411
31	1235459979710	1235459992900
31	1235459996012	1235459997415
31	1235460008317	1235460010141
31	1235460029257	1235460031006
31	1235460036852	1235460039669
31	1235460048831	1235460051627
31	1235460060369	1235460062108
31	1235460066292	1235460067661
31	1235460067962	1235460069873
31	1235460093123	1235460097951
31	1235460139305	1235460147191
31	1235460178381	1235460185386
31	1235460191931	1235460197671
31	1235460199880	1235460202481
31	1235460202763	1235460208478
31	1235460209175	1235460211726
31	1235460227705	1235460229583
31	1235460260991	1235460265302
31	1235460267067	1235460271310
31	1235460289702	1235460293861
31	1235460295624	1235460299356
31	1235460300236	1235460303241
31	1235460310903	1235460313504
31	1235460319183	1235460323456
31	1235460328415	1235460331431
31	1235460337531	1235460340502
31	1235460347611	1235460349305
31	1235460350655	1235460355556
31	1235460367503	1235460368113
31	1235460383791	1235460388274
31	1235460453978	1235460457169
31	1235460495812	1235460497741
31	1235460498201	1235460500481
31	1235460501094	1235460507650
31	1235460565095	1235460572232
31	1235460887104	1235460895651
31	1235460921051	1235460929420
31	1235460939151	1235460943993
31	1235460949922	1235460952173
31	1235460970500	1235460977301
31	1235461030230	1235461035311
31	1235461052245	1235461053752
31	1235461095177	1235461103241
31	1235461107783	1235461112232
31	1235461117238	1235461118927
31	1235461119327	1235461121485
31	1235461126353	1235461127930
31	1235461133205	1235461134657
31	1235461137693	1235461148631
31	1235461221017	1235461222448
31	1235461230253	1235461235333
31	1235461244386	1235461248546
31	1235461257313	1235461264017
31	1235461280813	1235461286835
31	1235461324851	1235461330885
31	1235461363270	1235461369332
31	1235461378251	1235461382735
31	1235461389083	1235461390833
31	1235461403882	1235461405447
31	1235461408618	1235461418377
31	1235461430793	1235461433706
31	1235461450203	1235461451271
31	1235461484108	1235461486459
31	1235461518266	1235461520485
31	1235461561431	1235461562298
31	1235461564353	1235461566016
31	1235461579311	1235461580269
31	1235461603921	1235461606231
31	1235461607363	1235461609970
31	1235461618577	1235461621641
31	1235461632473	1235461645762
31	1235461659898	1235461664125
31	1235506154550	1235506195054
31	1235506195332	1235506197925
31	1235506201000	1235506204456
31	1235506250037	1235506254258
31	1235506256225	1235506270870
31	1235506368621	1235506373063
31	1235506380421	1235506389310
31	1235506395078	1235506395699
31	1235506395992	1235506399041
31	1235506399460	1235506410478
31	1235506413262	1235506419398
31	1235506428867	1235506431158
31	1235506431761	1235506434202
31	1235506434684	1235506441710
31	1235506445287	1235506449291
31	1235506451053	1235506452950
31	1235506460132	1235506467469
31	1235506486446	1235506490877
31	1235506492994	1235506496348
31	1235506498287	1235506504919
31	1235506505660	1235506511877
31	1235506513377	1235506519358
31	1235506525600	1235506528230
31	1235506529547	1235506534248
31	1235506544327	1235506549210
31	1235506555492	1235506558690
31	1235506560047	1235506564535
31	1235506573807	1235506581197
31	1235506586863	1235506592131
31	1235506597623	1235506600222
31	1235506601165	1235506604484
31	1235506607073	1235506608051
31	1235506616394	1235506618966
31	1235506690332	1235506694884
31	1235506697531	1235506703553
31	1235506704201	1235506708747
31	1235506711374	1235506720894
31	1235506726572	1235506738357
31	1235506739042	1235506741703
31	1235506742197	1235506747442
31	1235506761152	1235506766223
31	1235506850158	1235506856884
31	1235506862275	1235506866811
31	1235506874347	1235506886250
31	1235506886587	1235506890881
31	1235506891177	1235506893056
31	1235506895722	1235506898981
31	1235506905172	1235506908313
31	1235506923107	1235506926304
31	1235506928639	1235506933001
31	1235506955185	1235506967386
31	1235506967690	1235506970277
31	1235506976262	1235506979574
31	1235506979859	1235506982262
31	1235507018325	1235507029213
31	1235507030572	1235507039482
31	1235507039983	1235507042272
31	1235507043954	1235507046312
31	1235507048953	1235507060683
31	1235507066358	1235507067447
31	1235507067714	1235507072353
31	1235507073742	1235507075891
31	1235507076654	1235507078401
31	1235507082581	1235507085796
31	1235507109334	1235507110261
31	1235507112459	1235507121242
31	1235507124264	1235507130247
31	1235507130856	1235507133300
31	1235507139552	1235507143609
31	1235507154760	1235507157836
31	1235507158207	1235507159291
31	1235507160819	1235507163179
31	1235507166275	1235507173352
31	1235507174019	1235507175820
31	1235507181262	1235507184507
31	1235507184786	1235507191510
31	1235507193380	1235507196829
31	1235507209249	1235507210365
31	1235507217460	1235507221255
31	1235507224424	1235507232305
31	1235507232644	1235507235177
31	1235507236022	1235507244413
31	1235507274660	1235507280908
31	1235507283800	1235507286113
31	1235507291268	1235507292979
31	1235507293380	1235507295404
31	1235507296060	1235507298200
31	1235507301311	1235507310335
31	1235507313170	1235507320231
31	1235507352856	1235507355287
31	1235507356144	1235507357200
31	1235507391183	1235507392753
31	1235507393020	1235507395600
31	1235507412210	1235507416635
31	1235507417715	1235507419349
31	1235507431223	1235507438222
31	1235507440680	1235507443299
31	1235507445321	1235507464682
31	1235507479791	1235507482342
31	1235507483234	1235507495243
31	1235507496023	1235507498362
31	1235507500538	1235507507647
31	1235507510300	1235507513320
31	1235507519135	1235507521289
31	1235507543292	1235507546129
31	1235507552501	1235507554400
31	1235507575965	1235507578309
31	1235507579059	1235507584671
31	1235507587268	1235507589000
31	1235507595269	1235507599254
31	1235507605934	1235507608812
31	1235507616250	1235507622229
31	1235507626432	1235507629669
31	1235507648673	1235507653748
31	1235507654241	1235507656420
31	1235507727850	1235507729213
31	1235507756784	1235507761111
31	1235507772169	1235507774373
31	1235507774973	1235507786883
31	1235507792340	1235507798270
31	1235507813269	1235507819219
31	1235507861474	1235507862550
31	1235507870249	1235507877015
32	1235457177743	1235457180997
32	1235457228882	1235457235113
32	1235506099026	1235506103305
32	1235506152929	1235506157261
32	1235506191304	1235506194864
32	1235506203463	1235506206797
32	1235506212293	1235506215492
32	1235506221347	1235506224489
32	1235506248373	1235506251643
32	1235506268263	1235506272958
32	1235506335231	1235506341765
32	1235506348527	1235506350405
32	1235506366982	1235506369776
32	1235506371190	1235506374142
32	1235506380211	1235506383256
32	1235507240164	1235507244649
32	1235507259743	1235507266651
32	1235507266947	1235507274518
32	1235507461793	1235507464461
32	1235507464926	1235507467523
32	1235507476261	1235507482688
32	1235507873625	1235507876265
34	1235430310381	1235430319310
34	1235436783772	1235436786085
34	1235436804435	1235436812100
34	1235436824371	1235436827198
34	1235436876245	1235436879431
34	1235436881166	1235436899722
34	1235437429457	1235437442297
34	1235437456855	1235437462731
34	1235437858585	1235437861779
34	1235439922427	1235439934618
34	1235439940974	1235439951686
34	1235439982266	1235439988272
34	1235440102161	1235440103097
34	1235440262416	1235440263322
34	1235440490643	1235440493181
34	1235440493473	1235440495065
34	1235441931185	1235441936044
34	1235443444649	1235443452475
34	1235443504308	1235443506607
34	1235445484282	1235445487078
34	1235445487342	1235445488806
34	1235447732425	1235447733957
34	1235447735229	1235447738396
34	1235450278555	1235450284902
34	1235450519170	1235450519567
34	1235452580714	1235452586153
34	1235452644871	1235452647265
34	1235452813766	1235452816855
34	1235453110767	1235453111942
34	1235453113585	1235453115106
34	1235453406288	1235453408305
34	1235453408807	1235453411309
34	1235453411778	1235453416117
34	1235454359404	1235454362187
34	1235454383903	1235454389196
34	1235454438368	1235454439610
34	1235454440173	1235454453244
34	1235455290363	1235455293652
34	1235507897309	1235507900723
34	1235507909980	1235507912157
34	1235507924346	1235507927263
34	1235508270550	1235508279700
34	1235508319547	1235508322227
34	1235508388764	1235508391241
34	1235508400220	1235508401956
34	1235508553440	1235508556898
34	1235509466645	1235509468307
34	1235511911093	1235511928183
34	1235511992166	1235511994207
34	1235511997193	1235512006576
34	1235512796228	1235512801328
34	1235512865408	1235512865751
34	1235513177027	1235513181304
34	1235513187288	1235513189175
34	1235513223252	1235513224185
34	1235513256203	1235513262305
34	1235513289254	1235513292724
34	1235513293512	1235513295223
34	1235513296193	1235513301240
34	1235513302182	1235513311617
34	1235513316204	1235513319210
34	1235513322719	1235513325314
34	1235513325600	1235513329461
34	1235513331215	1235513334469
34	1235513337813	1235513341334
34	1235513343159	1235513346681
34	1235513347404	1235513349355
34	1235513350835	1235513353680
34	1235513353949	1235513358474
34	1235513359657	1235513367639
34	1235513368338	1235513375126
34	1235513376366	1235513376648
34	1235513377046	1235513379215
34	1235513455171	1235513455934
34	1235513464233	1235513465067
34	1235513466073	1235513468485
34	1235513524773	1235513531864
34	1235513546229	1235513548272
34	1235513564862	1235513576142
34	1235513577243	1235513591540
34	1235513605301	1235513608688
34	1235513608971	1235513614130
34	1235513617465	1235513620599
34	1235513624251	1235513626135
34	1235513687063	1235513695610
34	1235513742382	1235513745079
34	1235513747720	1235513751481
34	1235513804230	1235513805728
34	1235513806152	1235513813354
34	1235513816155	1235513818293
34	1235513930361	1235513933219
34	1235514097913	1235514111429
34	1235514144395	1235514147211
34	1235514190746	1235514192284
34	1235514193296	1235514201762
34	1235514203133	1235514211108
34	1235514211705	1235514213602
34	1235514311564	1235514313276
34	1235514377796	1235514380839
34	1235514475670	1235514479929
34	1235514598830	1235514601281
34	1235514627124	1235514635564
34	1235514647800	1235514657389
34	1235514716202	1235514719053
34	1235514737999	1235514743286
34	1235514987413	1235514992192
34	1235515009936	1235515011496
34	1235515011894	1235515015620
34	1235515282941	1235515285425
34	1235515728167	1235515730263
34	1235515730859	1235515739975
34	1235515740363	1235515742787
34	1235515896176	1235515902401
35	1235430047884	1235430053488
35	1235430314676	1235430316275
35	1235430319476	1235430320182
35	1235430464351	1235430465241
35	1235433428065	1235433441825
35	1235433472199	1235433477402
35	1235433609894	1235433613254
35	1235433868424	1235433870062
35	1235434215542	1235434217274
35	1235434280244	1235434286100
35	1235434539779	1235434541915
35	1235434648217	1235434654205
35	1235434770160	1235434775270
35	1235435300218	1235435302665
35	1235435385303	1235435392970
35	1235435410853	1235435418152
35	1235435867296	1235435872269
35	1235435948895	1235435954206
35	1235436072434	1235436075464
35	1235436684146	1235436688105
35	1235436782306	1235436791110
35	1235436803156	1235436812653
35	1235436813606	1235436815306
35	1235436824642	1235436828367
35	1235436878829	1235436879947
35	1235436885843	1235436890219
35	1235436891468	1235436899246
35	1235437429850	1235437432225
35	1235437438279	1235437439195
35	1235439876262	1235439877145
35	1235439877667	1235439879895
35	1235439921212	1235439925172
35	1235439927240	1235439944293
35	1235439945551	1235439948415
35	1235439948677	1235439950327
35	1235440262718	1235440263810
35	1235441936364	1235441938853
35	1235442137455	1235442140672
35	1235442207360	1235442210239
35	1235443358116	1235443362239
35	1235443440989	1235443443608
35	1235443443977	1235443448196
35	1235443450735	1235443452861
35	1235445481283	1235445491965
35	1235445509520	1235445511915
35	1235445512201	1235445514247
35	1235445649310	1235445652179
35	1235445652449	1235445654294
35	1235445686184	1235445688063
35	1235445688363	1235445695211
35	1235446053337	1235446056332
35	1235446613275	1235446619197
35	1235446725146	1235446730184
35	1235447531313	1235447534555
35	1235447576120	1235447577636
35	1235447577897	1235447580243
35	1235447729192	1235447732578
35	1235447735385	1235447737185
35	1235450126455	1235450133430
35	1235450270416	1235450282580
35	1235450439185	1235450440749
35	1235450444455	1235450446266
35	1235450446579	1235450449260
35	1235452582400	1235452583666
35	1235452813216	1235452820019
35	1235453113314	1235453116219
35	1235453406712	1235453418350
35	1235454354505	1235454357205
35	1235454359915	1235454365337
35	1235454381045	1235454383212
35	1235454383472	1235454389329
35	1235454437129	1235454453397
35	1235455292585	1235455295396
35	1235463316668	1235507877744
35	1235507879428	1235507880347
35	1235507885268	1235507886473
35	1235507897460	1235507899004
35	1235507903155	1235507904179
35	1235507910435	1235507912587
35	1235507918766	1235507921426
35	1235507924449	1235507927426
35	1235508273612	1235508276483
35	1235508319997	1235508322349
35	1235508385339	1235508386901
35	1235508400401	1235508401264
35	1235508523792	1235508526289
35	1235512012411	1235512012663
35	1235512015305	1235512022565
35	1235512030390	1235512039122
35	1235512745616	1235512750045
35	1235512797492	1235512801461
35	1235512817769	1235512819243
35	1235512841844	1235512844226
35	1235512864316	1235512865896
35	1235512871257	1235512872519
35	1235513010908	1235513012614
35	1235513025333	1235513028022
35	1235513036888	1235513039297
35	1235513125511	1235513127477
35	1235513130248	1235513133741
35	1235513136361	1235513137367
35	1235513154334	1235513155766
35	1235513175259	1235513179962
35	1235513180235	1235513182276
35	1235513185077	1235513187437
35	1235513256922	1235513259264
35	1235513259743	1235513262463
35	1235513286362	1235513293230
35	1235513383283	1235513385189
35	1235513464448	1235513467445
35	1235513527206	1235513532171
35	1235513533288	1235513534816
35	1235513545374	1235513551230
35	1235513554203	1235513568224
35	1235513573862	1235513575705
35	1235513576773	1235513584237
35	1235513588828	1235513590952
35	1235513602509	1235513610010
35	1235513610277	1235513623306
35	1235513624573	1235513629908
35	1235513652139	1235513654155
35	1235513684138	1235513689313
35	1235513692204	1235513698504
35	1235513742064	1235513744159
35	1235513747438	1235513753175
35	1235513804544	1235513808313
35	1235513808596	1235513811856
35	1235514099260	1235514103442
35	1235514105150	1235514115052
35	1235514143234	1235514144542
35	1235514145558	1235514147358
35	1235514170005	1235514173135
35	1235514190367	1235514198056
35	1235514198874	1235514201237
35	1235514204374	1235514208166
35	1235514208411	1235514214452
35	1235514216564	1235514219178
35	1235514313453	1235514317287
35	1235514358263	1235514359779
35	1235514376812	1235514382174
35	1235514598512	1235514601558
35	1235514628259	1235514629962
35	1235514630604	1235514635851
35	1235514642740	1235514645678
35	1235514646161	1235514654401
35	1235514655142	1235514657690
35	1235514716357	1235514722250
35	1235514731934	1235514746204
35	1235514987736	1235514991670
35	1235515007206	1235515012969
35	1235515173223	1235515176184
35	1235515282294	1235515284216
35	1235515727592	1235515734932
35	1235515736165	1235515737270
35	1235515739578	1235515742137
36	1235458679747	1235458685971
36	1235458996388	1235461665589
36	1235463312246	0
37	1235455837934	1235455849417
37	1235455922624	1235455931223
37	1235455957151	1235455959120
37	1235455959497	1235455962998
37	1235455965392	1235455967199
37	1235455975043	1235455977422
37	1235455980954	1235455991582
37	1235456248697	1235456261059
37	1235456265990	1235456270259
37	1235456271668	1235456275435
37	1235456288150	1235456295721
37	1235456314673	1235456316675
37	1235456358941	1235456361164
37	1235457270408	1235457273431
37	1235457328999	1235457330517
37	1235457336300	1235457336582
37	1235457503420	1235457508256
37	1235457511489	1235457513090
37	1235457527630	1235457529241
37	1235457538967	1235457542323
37	1235457544755	1235457545789
37	1235457556695	1235457559492
37	1235457562420	1235457577485
37	1235457580324	1235457586979
37	1235457589126	1235457599578
37	1235457601252	1235457607294
37	1235457607563	1235457628710
37	1235457639014	1235457652777
37	1235457662427	1235457677203
37	1235457695402	1235457707842
37	1235457740401	1235457744643
37	1235457851895	1235457852778
37	1235458264855	1235458267531
37	1235458299744	1235458303653
37	1235458304187	1235458308643
37	1235458309377	1235458320595
37	1235458683818	1235458691403
37	1235458866870	1235458871437
37	1235461672299	1235461677765
37	1235461680274	1235461683674
37	1235461741200	1235461749143
37	1235462071531	1235462076899
37	1235462510953	1235462522234
37	1235463265414	1235463269270
37	1235463286239	1235463291064
37	1235463301852	1235463310381
38	1235455838837	1235455841884
38	1235455844651	1235455849761
38	1235455909907	1235455914872
38	1235455915178	1235455931472
38	1235455943255	1235455948031
38	1235455955759	1235455961612
38	1235455982282	1235455983758
38	1235455986313	1235455991787
38	1235456250566	1235456253509
38	1235456257851	1235456277299
38	1235456287191	1235456322311
38	1235456322723	1235456325932
38	1235456326433	1235456340493
38	1235456340775	1235456364480
38	1235457263049	1235457300353
38	1235457306879	1235457324590
38	1235457325541	1235457364832
38	1235457367021	1235457399552
38	1235457446552	1235457451701
38	1235457456292	1235457461221
38	1235457472472	1235457474000
38	1235457475304	1235457478273
38	1235457486231	1235457518961
38	1235457520407	1235457520810
38	1235457521265	1235457538731
38	1235457544532	1235457547310
38	1235457549003	1235457560903
38	1235457577867	1235457587781
38	1235457589564	1235457596565
38	1235457625371	1235457635433
38	1235457637410	1235457659563
38	1235457661952	1235457667410
38	1235457668043	1235457682938
38	1235457685869	1235457701812
38	1235457703857	1235457744295
38	1235457851614	1235457863301
38	1235458179760	1235458185746
38	1235458252060	1235458272591
38	1235458276790	1235458312790
38	1235458313097	1235458320337
38	1235458685506	1235458686256
38	1235458687279	1235458692319
38	1235458739381	1235458742665
38	1235458774169	1235458793372
38	1235458856925	1235458861065
38	1235458866045	1235458872430
38	1235461674252	1235461675582
38	1235461680638	1235461682158
38	1235461743465	1235461744175
38	1235461744814	1235461753013
38	1235461755956	1235461770234
38	1235461770959	1235461774290
38	1235461782176	1235461796041
38	1235461806371	1235461812244
38	1235461825234	1235461828512
38	1235461829047	1235461830980
38	1235461839094	1235461851585
38	1235461861037	1235461866343
38	1235461895074	1235461899249
38	1235461903743	1235461906920
38	1235461926311	1235462003277
38	1235462007301	1235462008950
38	1235462010277	1235462014477
38	1235462016211	1235462028271
38	1235462034560	1235462053779
38	1235462055841	1235462076656
38	1235462143961	1235462146052
38	1235462149332	1235462151310
38	1235462153313	1235462155303
38	1235462160230	1235462162178
38	1235462163344	1235462164538
38	1235462199777	1235462202316
38	1235462207031	1235462217851
38	1235462224022	1235462226282
38	1235462246612	1235462249540
38	1235462297454	1235462301967
38	1235462318331	1235462321946
38	1235462322549	1235462326177
38	1235462510253	1235462516241
38	1235462517441	1235462522564
38	1235463184801	1235463190460
38	1235463191192	1235463196271
38	1235463200431	1235463205421
38	1235463208223	1235463210150
38	1235463211442	1235463212613
38	1235463214256	1235463218211
38	1235463226222	1235463230711
38	1235463230994	1235463236747
38	1235463241157	1235463269605
38	1235463288062	1235463292333
38	1235463293809	1235463313811
39	1235455846374	1235455852511
39	1235455910012	1235455911871
39	1235456273469	1235456284112
39	1235456285298	1235456289217
39	1235456359612	1235456365613
39	1235456394373	1235456400240
39	1235457129735	1235457132233
39	1235457174192	1235457175289
39	1235457179467	1235457181577
39	1235457181975	1235457183673
39	1235457192654	1235457193714
39	1235457201969	1235457214197
39	1235457220634	1235457223335
39	1235457224406	1235457241812
39	1235457243859	1235457264831
39	1235457295501	1235457300733
39	1235457304730	1235457309976
39	1235457735336	1235457743792
39	1235458689525	1235458694997
39	1235458738023	1235458741006
39	1235462025625	1235462040230
39	1235462208343	1235462216011
39	1235462298861	1235462304180
39	1235462305020	1235462313626
39	1235462316929	1235462321271
39	1235462323295	1235462327894
39	1235462328310	1235462330184
39	1235462505971	1235462513333
39	1235462519673	1235462526057
39	1235462552131	1235462554283
39	1235463103721	1235463107384
39	1235463115759	1235463117271
39	1235463124545	1235463128022
39	1235463154034	1235463155153
39	1235463157223	1235463160280
39	1235463169789	1235463187276
39	1235463231145	1235463236282
39	1235463238863	1235463242499
39	1235463289583	1235463298416
40	1235455847935	1235455858530
40	1235455897633	1235455898235
40	1235455899240	1235455904395
40	1235455910157	1235455913453
40	1235456275895	1235456280609
40	1235456281907	1235456291257
40	1235456361509	1235456365709
40	1235456369067	1235456374743
40	1235456376252	1235456389980
40	1235456395223	1235456397781
40	1235456406829	1235456409426
40	1235457221058	1235457222311
40	1235457229108	1235457229984
40	1235457255829	1235457267226
40	1235457297381	1235457310131
40	1235458692059	1235458697930
40	1235458736934	1235458742385
40	1235462307992	1235462324349
40	1235463233427	1235463242052
41	1235455848356	1235455852395
41	1235455852977	1235455861354
41	1235455896291	1235455898973
41	1235455900390	1235455912282
41	1235456284994	1235456289951
41	1235456362434	1235456367273
41	1235456385378	1235456386982
41	1235457255672	1235457265126
41	1235457297245	1235457309670
41	1235458691770	1235458701526
41	1235458701927	1235458704349
41	1235458705319	1235458707879
41	1235458709721	1235458710514
41	1235458730543	1235458735287
41	1235458736796	1235458742246
41	1235462309333	1235462310841
41	1235462311142	1235462313510
41	1235462315427	1235462321563
41	1235463233103	1235463236593
41	1235463238384	1235463242376
42	1235455835105	1235455839113
42	1235456246413	1235456247922
42	1235458320207	0
43	1235456245149	1235456250215
43	1235458319855	1235458995887
43	1235489642671	1235489648303
44	1235455994720	1235456249003
44	1235459040847	1235459044204
44	1235504638515	1235504644511
44	1235504652882	1235504653729
44	1235504814807	1235504818580
44	1235504821483	1235504825948
44	1235504828409	1235504834640
44	1235507054465	1235507057854
45	1235504661493	1235504680204
45	1235504710219	1235504716227
45	1235504716712	1235504723362
45	1235504726857	1235504728817
45	1235504753333	1235504756282
45	1235504773279	1235504782030
45	1235504785408	1235504790110
45	1235504812164	1235504820131
45	1235504832151	1235504839192
45	1235504841211	1235504848367
45	1235504851186	1235504852623
45	1235504858478	1235504860267
45	1235504945314	1235504947816
45	1235504948741	1235504953944
45	1235504959162	1235504965139
45	1235504965792	1235504974663
45	1235505081412	1235505086202
45	1235505096670	1235505104092
45	1235505403360	1235505405194
45	1235505406495	1235505408252
45	1235505409134	1235505411353
45	1235505442071	1235505444262
45	1235505454199	1235505456165
45	1235505456531	1235505459206
45	1235505474511	1235505481302
45	1235505495901	1235505498373
45	1235505499483	1235505501147
45	1235505504186	1235505504736
45	1235505505059	1235505507229
45	1235505510552	1235505512233
45	1235505519114	1235505520360
45	1235505534197	1235505535357
45	1235505622624	1235505634639
45	1235505634933	1235505637908
45	1235505638795	1235505643484
45	1235505707054	1235505715333
45	1235505756243	1235505769152
45	1235505787162	1235505790323
45	1235505900008	1235505906572
45	1235505912615	1235505917224
45	1235506023782	1235506034294
45	1235506129242	1235506139257
45	1235506139976	1235506145660
45	1235506149397	1235506155906
45	1235506160357	1235506163232
45	1235506179086	1235506180596
45	1235506203578	1235506209382
45	1235506246874	1235506256090
45	1235506300739	1235506305842
45	1235506309430	1235506317201
45	1235506318390	1235506327121
45	1235506362257	1235506365614
45	1235506368147	1235506371367
45	1235506371617	1235506379014
45	1235506410704	1235506419634
45	1235506467256	1235506474989
45	1235506486241	1235506498578
45	1235506525241	1235506534746
45	1235506537184	1235506546101
45	1235506552227	1235506564337
45	1235506570232	1235506576262
45	1235506580409	1235506588140
45	1235506651240	1235506655027
45	1235506832825	1235506839194
45	1235506841203	1235506843025
45	1235506895513	1235506903155
45	1235506913538	1235506917777
45	1235506922281	1235506927298
45	1235506948113	1235506955551
45	1235506961188	1235506964716
45	1235506974026	1235506979247
45	1235507020233	1235507027408
45	1235507031527	1235507034812
45	1235507036212	1235507042509
45	1235507042809	1235507045764
45	1235507046687	1235507056151
47	1235430629117	1235430633278
47	1235430637813	1235430641010
47	1235432426413	1235432434329
47	1235432878343	1235432879387
47	1235432879864	1235432884605
47	1235432885420	1235432891398
47	1235433293284	1235433294584
47	1235433295315	1235433297117
47	1235433297705	1235433300200
47	1235433305127	1235433308488
47	1235433315279	1235433321756
47	1235433835485	1235433840251
47	1235433965184	1235433968057
47	1235434275782	1235434278295
47	1235434523217	1235434524740
47	1235434844914	1235434847340
47	1235434865247	1235434865896
47	1235434963267	1235434968507
47	1235435542994	1235435551822
47	1235435552805	1235435563128
47	1235436382385	1235436383684
47	1235436436254	1235436439332
47	1235436440580	1235436446193
47	1235437774061	1235437775784
47	1235437776066	1235437787220
47	1235437806677	1235437817282
47	1235437820865	1235437823285
47	1235437981526	1235437987731
47	1235439751952	1235439753641
47	1235440853375	1235440854935
47	1235440860660	1235440864855
47	1235441559895	1235441561042
47	1235441565231	1235441571847
47	1235442572035	1235442585080
47	1235442847246	1235442848330
47	1235443184895	1235443187229
47	1235443211190	1235443218434
47	1235443220278	1235443224504
47	1235443240188	1235443242117
47	1235443727893	1235443729293
47	1235443732257	1235443733664
47	1235443735259	1235443740149
47	1235443759290	1235443768120
47	1235443875077	1235443878233
47	1235443880179	1235443892212
47	1235443896867	1235443898225
47	1235443944100	1235443945144
47	1235443949196	1235443950912
47	1235443955263	1235443956527
47	1235444816684	1235444825215
47	1235445524695	1235445526174
47	1235445824309	1235445825718
47	1235446709725	1235446712125
47	1235446757396	1235446760220
47	1235446760495	1235446762083
47	1235446873028	1235446874234
47	1235447380415	1235447384234
47	1235447384756	1235447387934
47	1235448317307	1235448325494
47	1235449995334	1235449996716
47	1235449998264	1235450004457
47	1235450084094	1235450085813
47	1235450087200	1235450089105
47	1235451347502	1235451349330
47	1235451350052	1235451358149
47	1235451364464	1235451367985
47	1235451413678	1235451416152
47	1235451417334	1235451422339
47	1235452156996	1235452159263
47	1235452517553	1235452519207
47	1235452761814	1235452765169
47	1235453103171	1235453105070
47	1235453456375	1235453460375
47	1235453467245	1235453469054
47	1235453547382	1235453548429
47	1235453550275	1235453557534
47	1235453557839	1235453559160
47	1235453649346	1235453651112
47	1235453662899	1235453664660
47	1235453667235	1235453667883
47	1235454128300	1235454134201
47	1235454578304	1235454585894
47	1235454586719	1235454589619
47	1235454856760	1235454859128
47	1235455166558	1235455167947
47	1235455169107	1235455169455
47	1235455175371	1235455176762
47	1235455336141	1235455338281
47	1235455536755	1235455540042
47	1235455541120	1235455543183
47	1235455549454	1235455552989
47	1235507939426	1235507942325
47	1235507943569	1235507946740
47	1235509926360	1235509928049
47	1235510766649	1235510769144
47	1235510876122	1235510879265
47	1235510880682	1235510881659
47	1235511238724	1235511242219
47	1235511326299	1235511327332
47	1235511423444	1235511425235
47	1235511814915	1235511816563
47	1235512352335	1235512355258
47	1235512359899	1235512361564
47	1235512361846	1235512365658
47	1235512365941	1235512368217
47	1235513081959	1235513084172
47	1235513826064	1235513828085
47	1235513828896	1235513837263
47	1235514620509	1235514621805
47	1235514622409	1235514624019
47	1235514627269	1235514632548
47	1235514830224	1235514831841
47	1235514886062	1235514890384
47	1235514908409	1235514909565
47	1235515233315	1235515238452
47	1235515268582	1235515270889
47	1235515493821	1235515498151
47	1235515502281	1235515504467
47	1235515595404	1235515601258
47	1235515616270	1235515618260
47	1235515711272	1235515712832
47	1235515715691	1235515721606
47	1235515724218	1235515731473
47	1235515784294	1235515785386
47	1235515786085	1235515791208
47	1235515845433	1235515848240
47	1235515917240	1235515920367
47	1235515966895	1235515969536
47	1235516092982	1235516100135
47	1235516159338	1235516167199
47	1235516170970	1235516172179
47	1235516241192	1235516242994
47	1235516254371	1235516255968
47	1235516257364	1235516258486
47	1235516269777	1235516275251
47	1235516284389	1235516287289
48	1235507935497	1235507942777
48	1235509908399	1235509919031
48	1235509920402	1235509924752
48	1235509926502	1235509927309
48	1235510673581	1235510678515
48	1235510760504	1235510761311
48	1235510763264	1235510772250
48	1235510849137	1235510854431
48	1235510877348	1235510880820
48	1235510907270	1235510911803
48	1235511559172	1235511564047
48	1235511589199	1235511596760
48	1235512359094	1235512370407
48	1235513828615	1235513835060
48	1235513835443	1235513840245
48	1235513882347	1235513889288
48	1235513987168	1235513993081
48	1235514622096	1235514633661
48	1235514647950	1235514653219
48	1235514755137	1235514756166
48	1235514827187	1235514836090
48	1235514884216	1235514887272
48	1235515232242	1235515235668
48	1235515498331	1235515500050
48	1235515715399	1235515719183
48	1235515724350	1235515727204
48	1235516162987	1235516164982
48	1235516165275	1235516173691
48	1235516182686	1235516185242
48	1235516239227	1235516263199
48	1235516269166	1235516278478
48	1235516281190	1235516285125
48	1235516287763	1235516290059
48	1235516294539	1235516296327
51	1235459118941	1235459124734
51	1235459190551	1235459199340
51	1235459335421	1235459338809
51	1235459890446	1235459899113
51	1235460642048	1235460647407
51	1235460650992	1235460656313
51	1235460833105	1235460838956
51	1235460845336	1235460847693
51	1235461118526	1235461124209
51	1235461142543	1235461145190
51	1235461211411	1235461215664
51	1235461250332	1235461257963
51	1235490299173	1235490305770
51	1235490359482	1235490361452
51	1235490369313	1235490371205
51	1235490376742	1235490388944
51	1235490424743	1235490430632
51	1235490478624	1235490479824
