1	1234973820747	1234973823377
1	1234985711373	0
2	1234973818236	1234973819095
2	1234973820905	1234973821829
2	1234993551259	0
6	1234974210509	1234974215814
6	1234980734944	1234980737844
6	1234980880418	1234980883791
6	1234981185674	1234981191443
6	1234982659287	1234982662852
6	1234983083788	1234983086797
6	1234983373041	1234983375381
6	1234983605206	1234983610066
6	1234983646459	1234983647944
6	1234984865221	1234984869416
6	1234985369551	1234985371565
6	1234985372222	1234985374080
6	1234985603570	1234985606396
6	1234990841725	1234990845502
6	1234990878710	1234990883982
6	1234990887900	1234990900963
6	1234991367131	1234991371335
6	1234992852552	1234992855925
6	1234993525383	1234993529897
6	1234993535552	1234993544585
7	1234973816264	1234973821139
7	1234973821509	1234973826054
7	1234974210126	1234974215658
7	1234975320426	1234975323315
7	1234975327934	1234975329806
7	1234975397372	1234975398463
7	1234975482401	1234975484199
7	1234977439043	1234977441684
7	1234977481531	1234977489324
7	1234979391995	1234979395491
7	1234979463577	1234979467569
7	1234979699148	1234979702496
7	1234979762452	1234979769667
7	1234979822575	1234979828144
7	1234980146102	1234980148626
7	1234980723184	1234980726418
7	1234981185367	1234981191305
7	1234982657834	1234982660650
7	1234982683224	1234982686873
7	1234982815459	1234982818496
7	1234982952522	1234982954338
7	1234983032282	1234983032637
7	1234983033290	1234983035562
7	1234983083158	1234983088222
7	1234983336229	1234983339166
7	1234983371094	1234983375232
7	1234983562987	1234983565163
7	1234983586171	1234983589337
7	1234983646781	1234983648137
7	1234983804730	1234983806753
7	1234983813298	1234983815586
7	1234984306004	1234984308134
7	1234984344172	1234984345520
7	1234984867067	1234984870027
7	1234985367193	1234985371406
7	1234985479052	1234985480016
7	1234985607810	1234985609497
7	1234985707314	1234985743015
7	1234985743194	1234985760152
7	1234985763199	1234985765175
7	1234985766066	1234985771394
7	1234985777732	1234985780909
7	1234993547702	1234993550687
8	1234941627005	1234941631643
8	1234941638585	1234941643264
8	1234941692411	1234941694926
8	1234942289529	1234942294211
8	1234973815262	1234973820441
8	1234973823210	1234973827591
8	1234973854661	1234973857528
8	1234973905610	1234973909084
8	1234974213204	1234974216327
8	1234975302571	1234975305369
8	1234975320259	1234975323660
8	1234975329638	1234975333016
8	1234975371775	1234975376207
8	1234975482815	1234975488951
8	1234975547080	1234975554303
8	1234975559366	1234975562167
8	1234975565824	1234975572814
8	1234977366449	1234977368249
8	1234977425199	1234977434341
8	1234977438686	1234977441902
8	1234977480752	1234977486998
8	1234977495579	1234977502593
8	1234977541099	1234977545994
8	1234979261310	1234979267582
8	1234979299949	1234979303184
8	1234979338844	1234979342110
8	1234979355659	1234979363334
8	1234979369293	1234979374342
8	1234979391707	1234979395348
8	1234979467253	1234979470521
8	1234979613102	1234979621046
8	1234979698821	1234979702362
8	1234980453422	1234980458099
8	1234981570222	1234981573808
8	1234982656218	1234982662108
8	1234984868362	1234984871213
8	1234985362394	1234985371196
8	1234985709904	1234985739962
8	1234985747771	1234985750051
8	1234985756100	1234985761038
8	1234985762083	1234985772593
9	1234941627900	1234941631929
9	1234941692980	1234941695066
9	1234942290108	1234942292022
9	1234973812979	1234973821294
9	1234973823774	1234973829585
9	1234973852994	1234973858594
9	1234973869393	1234973870357
9	1234973870868	1234973872928
9	1234973905746	1234973912754
9	1234974209782	1234974211048
9	1234974213414	1234974216541
9	1234975302852	1234975308264
9	1234975308754	1234975314018
9	1234975314728	1234975324525
9	1234975329959	1234975334129
9	1234975351068	1234975355314
9	1234975365514	1234975367594
9	1234975371945	1234975374713
9	1234975403718	1234975406061
9	1234975419526	1234975421373
9	1234975434696	1234975436554
9	1234975449402	1234975451616
9	1234975454976	1234975457275
9	1234975457749	1234975460408
9	1234975461588	1234975464664
9	1234975478380	1234975481502
9	1234975482581	1234975490650
9	1234975547864	1234975551047
9	1234975568386	1234975574304
9	1234977314793	1234977319123
9	1234977320510	1234977323864
9	1234977347131	1234977351957
9	1234977365145	1234977369472
9	1234977425348	1234977437766
9	1234977440394	1234977442100
9	1234977459207	1234977462525
9	1234977480450	1234977486493
9	1234977496816	1234977501138
9	1234977540648	1234977547437
9	1234979243618	1234979247329
9	1234979261476	1234979272565
9	1234979300116	1234979303340
9	1234979308818	1234979313343
9	1234979335035	1234979338923
9	1234979355892	1234979363486
9	1234979395654	1234979399070
9	1234979463681	1234979470996
9	1234979614077	1234979624105
9	1234979628997	1234979636975
9	1234979699300	1234979702638
9	1234979762623	1234979769777
9	1234979825380	1234979830862
9	1234980012593	1234980014774
9	1234980146269	1234980148787
9	1234980444062	1234980458382
9	1234980723822	1234980737961
9	1234980744525	1234980748947
9	1234980880586	1234980883957
9	1234980947624	1234980950599
9	1234980980700	1234980986064
9	1234981023779	1234981030812
9	1234981451041	1234981453882
9	1234981502182	1234981506602
9	1234981570370	1234981577310
9	1234982651645	1234982657294
9	1234982657490	1234982665144
9	1234982668050	1234982669241
9	1234982674125	1234982676053
9	1234982677144	1234982680098
9	1234982680555	1234982689064
9	1234982815207	1234982818227
9	1234982858246	1234982860086
9	1234982867374	1234982871148
9	1234982898840	1234982904018
9	1234982952126	1234982957233
9	1234983032444	1234983035366
9	1234983083332	1234983089760
9	1234983195817	1234983199693
9	1234983219877	1234983222203
9	1234983249109	1234983250062
9	1234983266206	1234983270804
9	1234983331230	1234983339684
9	1234983370868	1234983376358
9	1234983801486	1234983803937
9	1234983815175	1234983816729
9	1234984303656	1234984306229
9	1234984341150	1234984344335
9	1234984345668	1234984347123
9	1234984868698	1234984871638
9	1234985362971	1234985364084
9	1234985477319	1234985479201
9	1234985572566	1234985575082
9	1234985606593	1234985609121
9	1234985708734	1234985710100
9	1234985757416	1234985759417
9	1234990849252	1234990853839
9	1234990878821	1234990884078
9	1234990896444	1234990901126
9	1234990910574	1234990916088
9	1234990920480	1234990923402
9	1234991173754	1234991178224
9	1234991260360	1234991264513
9	1234991367313	1234991375877
9	1234991449334	1234991452406
9	1234991498215	1234991502588
9	1234992849056	1234992852724
9	1234992856073	1234992859367
9	1234993525578	1234993530060
10	1234973906455	1234973908238
10	1234973909575	1234973911159
10	1234977428574	1234977430133
10	1234977433045	1234977435309
10	1234977446058	1234977447017
10	1234977447966	1234977449909
10	1234977450427	1234977452060
10	1234977469094	1234977471199
10	1234977480873	1234977483243
10	1234977711520	1234977717132
10	1234977744541	1234977745472
10	1234977757640	1234977758656
10	1234977775129	1234977779322
10	1234977782462	1234977785916
10	1234977788969	1234977800294
10	1234977800583	1234977802172
10	1234977808121	1234977809458
10	1234977812164	1234977814442
10	1234977816994	1234977817384
10	1234977835067	1234977838550
10	1234977845209	1234977851982
10	1234977856750	1234977859418
10	1234977866188	1234977868061
10	1234977868753	1234977871115
10	1234977878206	1234977881784
10	1234977889351	1234977890397
10	1234977892094	1234977892856
10	1234977893083	1234977895598
10	1234977913161	1234977914022
10	1234977914395	1234977916114
10	1234977922327	1234977923768
10	1234977932262	1234977935901
10	1234977943102	1234977947374
10	1234977956882	1234977958611
10	1234977962451	1234977964139
10	1234977964345	1234977967247
10	1234977973144	1234977974784
10	1234977977094	1234977980899
10	1234977982801	1234977985094
10	1234977988524	1234977989586
10	1234977991837	1234977994319
10	1234977998193	1234977999998
10	1234978001339	1234978003133
10	1234978010373	1234978012081
10	1234978022324	1234978024331
10	1234978036148	1234978039188
10	1234978050190	1234978054099
10	1234978059047	1234978061131
10	1234978064179	1234978068508
10	1234978069222	1234978071200
10	1234978151900	1234978158320
10	1234978173013	1234978178041
10	1234978181342	1234978182728
10	1234978185444	1234978187768
10	1234978209702	1234978215077
10	1234978265286	1234978267096
10	1234978268296	1234978274159
10	1234978280068	1234978281003
10	1234978283594	1234978285164
10	1234978287899	1234978289379
10	1234978295018	1234978298581
10	1234978311673	1234978315056
10	1234978316174	1234978319119
10	1234978333099	1234978334744
10	1234978340183	1234978340568
10	1234978343101	1234978344509
10	1234978349071	1234978360892
10	1234978373008	1234978374686
10	1234978376123	1234978380264
10	1234978384397	1234978387447
10	1234978398208	1234978398873
10	1234978404092	1234978405774
10	1234978416444	1234978417525
10	1234978422854	1234978426465
10	1234978426949	1234978431074
10	1234978432370	1234978440070
10	1234978441999	1234978446117
10	1234978447649	1234978449494
10	1234978450933	1234978452885
10	1234978462563	1234978464119
10	1234978467193	1234978470794
10	1234978479328	1234978480113
10	1234978486614	1234978488211
10	1234978489756	1234978491596
10	1234978494718	1234978497061
10	1234978527192	1234978528044
10	1234978530148	1234978531901
10	1234978545174	1234978548250
10	1234978552168	1234978554600
10	1234978557075	1234978561706
10	1234978563399	1234978565087
10	1234978572378	1234978576408
10	1234978576632	1234978578682
10	1234978582574	1234978586130
10	1234978587786	1234978591512
10	1234978593193	1234978597144
10	1234978599096	1234978600016
10	1234978600603	1234978605312
10	1234978611680	1234978616063
10	1234978618327	1234978620557
10	1234978623331	1234978627422
10	1234978627936	1234978632157
10	1234978632972	1234978635212
10	1234978639046	1234978642190
10	1234978650189	1234978651807
10	1234978653101	1234978656285
10	1234978662089	1234978663454
10	1234978663771	1234978666220
10	1234978667516	1234978673313
10	1234978679711	1234978684203
10	1234978684376	1234978687453
10	1234978699596	1234978703696
10	1234978705863	1234978708043
10	1234978713982	1234978719094
10	1234978720201	1234978722228
10	1234978723357	1234978726052
10	1234978727331	1234978729636
10	1234978730427	1234978732151
10	1234978732404	1234978736253
10	1234978738232	1234978748336
10	1234978801651	1234978804084
10	1234978807738	1234978810200
10	1234978826841	1234978831167
10	1234978837894	1234978841026
10	1234978846374	1234978846640
10	1234978873081	1234978874446
10	1234978874986	1234978879564
10	1234979243904	1234979247441
10	1234983372816	1234983375565
10	1234992849193	1234992852879
11	1234977712154	1234977715291
11	1234977715737	1234977717324
11	1234977717586	1234977720524
11	1234977949360	1234977952250
11	1234977952888	1234977956696
11	1234978067941	1234978070399
11	1234978145836	1234978151121
11	1234978152556	1234978160671
11	1234978163304	1234978164946
11	1234978169123	1234978170381
11	1234978178509	1234978184469
11	1234978185653	1234978187153
11	1234978209488	1234978217283
11	1234978266536	1234978271395
11	1234978362254	1234978365548
11	1234978371364	1234978374115
11	1234978420312	1234978422313
11	1234978422650	1234978423722
11	1234978697983	1234978699446
11	1234978699827	1234978702436
11	1234978840128	1234978847204
11	1234978873465	1234978876368
12	1234978145474	1234978148070
12	1234978148436	1234978152318
13	1234977700520	1234977709283
13	1234977709439	1234977714362
13	1234978070681	1234978074518
13	1234978142035	1234978145637
13	1234978214148	1234978217532
13	1234978260759	1234978265168
13	1234978876634	1234978880117
14	1234941653290	1234941658384
14	1234941688434	1234941692545
14	1234975538672	1234975542264
14	1234977622805	1234977624291
14	1234977699305	1234977703335
14	1234978071615	1234978074997
14	1234978094321	1234978100754
14	1234978105025	1234978106088
14	1234978139170	1234978145171
14	1234978215330	1234978220129
14	1234978259540	1234978263690
14	1234978877450	1234978882071
14	1234982648878	1234982653367
14	1234984871517	1234984874433
15	1234941618704	1234941621829
15	1234941653624	1234941662866
15	1234942240365	1234942244558
15	1234942288326	1234942292372
15	1234974216105	1234974221281
15	1234974222464	1234974229244
15	1234975301367	1234975305505
15	1234975485165	1234975490812
15	1234975516165	1234975521188
15	1234975538831	1234975544264
15	1234975544901	1234975550167
15	1234975572144	1234975577420
15	1234975644016	1234975650661
15	1234976538011	1234976546488
15	1234976664148	1234976667937
15	1234976783539	1234976786219
15	1234977312674	1234977317327
15	1234977367184	1234977371646
15	1234977543739	1234977547821
15	1234977622123	1234977626098
15	1234977633858	1234977637219
15	1234977699101	1234977701975
15	1234978073453	1234978077446
15	1234978093155	1234978097313
15	1234978097611	1234978103099
15	1234978103993	1234978111124
15	1234978137823	1234978142702
15	1234978217782	1234978220296
15	1234978259136	1234978263117
15	1234978879878	1234978882707
15	1234979009151	1234979014766
15	1234979467735	1234979471128
15	1234979613716	1234979618554
15	1234980454333	1234980458525
15	1234980717795	1234980723963
15	1234981374212	1234981379217
15	1234981446791	1234981451196
15	1234981574398	1234981577453
15	1234981745134	1234981753400
15	1234982058967	1234982061091
15	1234982647858	1234982652199
15	1234984869813	1234984875718
15	1234985100123	1234985104740
15	1234985359303	0
16	1234941618192	1234941621705
16	1234941653452	1234941662723
16	1234941678941	1234941692699
16	1234942048094	1234942050983
16	1234942056713	1234942058840
16	1234942059034	1234942062205
16	1234942288088	1234942289725
16	1234974215502	1234974227518
16	1234974231191	1234974233389
16	1234974236515	1234974237612
16	1234974239165	1234974243553
16	1234974254526	1234974254927
16	1234974255279	1234974257935
16	1234974284970	1234974286042
16	1234974287935	1234974290588
16	1234974671333	1234974677142
16	1234974687126	1234974689124
16	1234974721931	1234974725664
16	1234974755713	1234974762629
16	1234974773724	1234974776094
16	1234974784833	1234974786808
16	1234974829769	1234974832727
16	1234974835327	1234974838767
16	1234974846631	1234974855840
16	1234974862356	1234974864129
16	1234974877061	1234974886110
16	1234974941466	1234974946864
16	1234974956859	1234974962064
16	1234974965876	1234974978712
16	1234974981841	1234974987566
16	1234974991907	1234975005604
16	1234975012762	1234975017520
16	1234975045422	1234975052416
16	1234975086130	1234975087826
16	1234975089438	1234975093276
16	1234975118140	1234975119321
16	1234975120198	1234975125259
16	1234975129026	1234975131015
16	1234975152983	1234975154120
16	1234975155200	1234975157197
16	1234975168214	1234975173133
16	1234975254058	1234975254548
16	1234975254964	1234975257315
16	1234975282058	1234975285944
16	1234975291597	1234975296607
16	1234975300561	1234975304106
16	1234975485573	1234975488269
16	1234975515789	1234975520152
16	1234975540076	1234975548266
16	1234975572546	1234975577307
16	1234975606110	1234975610158
16	1234975617382	1234975620156
16	1234975622844	1234975625091
16	1234975643727	1234975650514
16	1234975657908	1234975659077
16	1234975659378	1234975662250
16	1234975680215	1234975683459
16	1234975696451	1234975699577
16	1234975736268	1234975738096
16	1234975738292	1234975744555
16	1234975752665	1234975757123
16	1234975762745	1234975765544
16	1234975783186	1234975788101
16	1234975828509	1234975831779
16	1234975870081	1234975882472
16	1234975930081	1234975933671
16	1234975939477	1234975945200
16	1234976153689	1234976157084
16	1234976484663	1234976488997
16	1234976535267	1234976546333
16	1234976607028	1234976610563
16	1234976634623	1234976636416
16	1234976657586	1234976672149
16	1234976696481	1234976697574
16	1234976717417	1234976718696
16	1234976739041	1234976744664
16	1234976747238	1234976749095
16	1234976750251	1234976751776
16	1234976782168	1234976789536
16	1234976799813	1234976804587
16	1234976807736	1234976812091
16	1234976812326	1234976814583
16	1234976825108	1234976825679
16	1234976829847	1234976831685
16	1234976835417	1234976843632
16	1234976849096	1234976853561
16	1234976860449	1234976861727
16	1234976863524	1234976864964
16	1234976912164	1234976914284
16	1234976917652	1234976921371
16	1234976926463	1234976932166
16	1234976933208	1234976935523
16	1234976944475	1234976945595
16	1234976988098	1234976990905
16	1234977016441	1234977017831
16	1234977137663	1234977139590
16	1234977234663	1234977239094
16	1234977254638	1234977256144
16	1234977312309	1234977316087
16	1234977368416	1234977371835
16	1234977375815	1234977380051
16	1234977385990	1234977389966
16	1234977396959	1234977398190
16	1234977398558	1234977404148
16	1234977419665	1234977423664
16	1234977544095	1234977548223
16	1234977621707	1234977625303
16	1234977634539	1234977637763
16	1234977669917	1234977675251
16	1234977684149	1234977688274
16	1234977697866	1234977702175
16	1234978073795	1234978076536
16	1234978092666	1234978097164
16	1234978104755	1234978110918
16	1234978119719	1234978126246
16	1234978133383	1234978142572
16	1234978217421	1234978221328
16	1234978242437	1234978247114
16	1234978257741	1234978263903
16	1234978879422	1234978883148
16	1234978885103	1234978888761
16	1234979004668	1234979018752
16	1234979076021	1234979078921
16	1234979082403	1234979097734
16	1234979238168	1234979243326
16	1234979467425	1234979470850
16	1234979613417	1234979618398
16	1234980453712	1234980458235
16	1234980714697	1234980723008
16	1234981197060	1234981200022
16	1234981206444	1234981210530
16	1234981217132	1234981223707
16	1234981227354	1234981229901
16	1234981284477	1234981288471
16	1234981325648	1234981330094
16	1234981339764	1234981353272
16	1234981374065	1234981379066
16	1234981444650	1234981450766
16	1234981574134	1234981577134
16	1234981620396	1234981625606
16	1234981655125	1234981664340
16	1234981670100	1234981687003
16	1234981744957	1234981751396
16	1234981761285	1234981763110
16	1234981768902	1234981772195
16	1234981783259	1234981802061
16	1234981819635	1234981824341
16	1234981897311	1234981903552
16	1234981932856	1234981935291
16	1234982004020	1234982008338
16	1234982031071	1234982038859
16	1234982042696	1234982055482
16	1234982058784	1234982064944
16	1234982282517	1234982286636
16	1234982300449	1234982304021
16	1234982320764	1234982330752
16	1234982380687	1234982383597
16	1234982396541	1234982398462
16	1234982403978	1234982409971
16	1234982447763	1234982455018
16	1234982459506	1234982462672
16	1234982644704	1234982645478
16	1234982646186	1234982650151
16	1234984872158	1234984875923
16	1234984910626	1234984917563
16	1234984919051	1234984928001
16	1234985076506	1234985078197
16	1234985082618	1234985083726
16	1234985086371	1234985088244
16	1234985089307	1234985091341
16	1234985093174	1234985095488
16	1234985097888	1234985103339
16	1234985122665	1234985124151
16	1234985131696	1234985134589
16	1234985134948	1234985136440
16	1234985139052	1234985139845
16	1234985142091	1234985148183
16	1234985184109	1234985190721
16	1234985196146	1234985197308
16	1234985211310	1234985211513
16	1234985211722	1234985217094
16	1234985227976	1234985238754
16	1234985253380	1234985257191
16	1234985280232	1234985301426
16	1234985318688	1234985323334
16	1234985336375	1234985338546
16	1234985339023	1234985341925
16	1234985351656	1234985352964
16	1234985353747	1234985356782
16	1234985359002	1234985362631
17	1234941617864	1234941621560
17	1234941662240	1234941667307
17	1234942047781	1234942050816
17	1234942239835	1234942244144
17	1234942246532	1234942248567
17	1234942281024	1234942292236
17	1234974227413	1234974233048
17	1234974233727	1234974239029
17	1234974239371	1234974243986
17	1234974245145	1234974245713
17	1234974248141	1234974249706
17	1234974251559	1234974258146
17	1234974281116	1234974289185
17	1234974290431	1234974295054
17	1234974297387	1234974302574
17	1234974316178	1234974329545
17	1234974329984	1234974341262
17	1234974341962	1234974344407
17	1234974344575	1234974351800
17	1234974368313	1234974371365
17	1234974378461	1234974381554
17	1234974381746	1234974384735
17	1234974396205	1234974398833
17	1234974424025	1234974426055
17	1234974437454	1234974439600
17	1234974465157	1234974466758
17	1234974469765	1234974471937
17	1234974486569	1234974489840
17	1234974567846	1234974570336
17	1234974669144	1234974675755
17	1234974694537	1234974700714
17	1234974714394	1234974718119
17	1234974721773	1234974737075
17	1234974743948	1234974752047
17	1234974755583	1234974760226
17	1234974779621	1234974784723
17	1234974885959	1234974896602
17	1234974913965	1234974916426
17	1234974923041	1234974941323
17	1234974961920	1234974970155
17	1234974978443	1234974987414
17	1234975052259	1234975069943
17	1234975080683	1234975088024
17	1234975227284	1234975234306
17	1234975294414	1234975305733
17	1234975487303	1234975493604
17	1234975682266	1234975688197
17	1234975695373	1234975698964
17	1234975795360	1234975799010
17	1234975804100	1234975815869
17	1234975821417	1234975834921
17	1234975836458	1234975849456
17	1234975857240	1234975882316
17	1234975976403	1234976001702
17	1234976014581	1234976028964
17	1234976036456	1234976052462
17	1234976056849	1234976069079
17	1234976256156	1234976270394
17	1234976275850	1234976287535
17	1234976333902	1234976347043
17	1234976517501	1234976532260
17	1234976546160	1234976554991
17	1234976565499	1234976579166
17	1234976613682	1234976622596
17	1234976624716	1234976630762
17	1234976632050	1234976636251
17	1234976668230	1234976671163
17	1234976741317	1234976748860
17	1234976933909	1234976938212
17	1234976941749	1234976945356
17	1234977143817	1234977149970
17	1234977151151	1234977158468
17	1234977161409	1234977164884
17	1234977167059	1234977168554
17	1234977175149	1234977179591
17	1234977180423	1234977182193
17	1234977195359	1234977198866
17	1234977200348	1234977208200
17	1234977211096	1234977216081
17	1234977246672	1234977251644
17	1234977254471	1234977262045
17	1234977266116	1234977275223
17	1234977368749	1234977371449
17	1234977389740	1234977392129
17	1234977396193	1234977398421
17	1234977402453	1234977410238
17	1234977558311	1234977562428
17	1234977562636	1234977576190
17	1234977580410	1234977587126
17	1234977604591	1234977624507
17	1234977636096	1234977651310
17	1234977666436	1234977672176
17	1234977685631	1234977702761
17	1234978075379	1234978082803
17	1234978091050	1234978094462
17	1234978109324	1234978121374
17	1234978124112	1234978125865
17	1234978133187	1234978134340
17	1234978136019	1234978139373
17	1234978218694	1234978222150
17	1234978240108	1234978244153
17	1234978880517	1234978888152
17	1234978909017	1234978910057
17	1234978912125	1234978915241
17	1234978915442	1234978918138
17	1234978918850	1234978921608
17	1234978921925	1234978930184
17	1234978933200	1234978937214
17	1234978960403	1234978968173
17	1234978974353	1234978978272
17	1234978982981	1234978987634
17	1234978992245	1234978995967
17	1234979014628	1234979034348
17	1234979038629	1234979049752
17	1234979067661	1234979078768
17	1234979093060	1234979112213
17	1234979169969	1234979187183
17	1234979225007	1234979243161
17	1234979470681	1234979473471
17	1234979542155	1234979545051
17	1234979545696	1234979548064
17	1234979548537	1234979551364
17	1234979577627	1234979582214
17	1234979606728	1234979618242
17	1234980562092	1234980566199
17	1234980569994	1234980575160
17	1234980707081	1234980711279
17	1234981191166	1234981199876
17	1234981203775	1234981210372
17	1234981223563	1234981227218
17	1234981734914	1234981740711
17	1234981754214	1234981758083
17	1234981794255	1234981798054
17	1234982042535	1234982044817
17	1234982048922	1234982052199
17	1234982144603	1234982152091
17	1234982354031	1234982372415
17	1234982407380	1234982428409
17	1234982459351	1234982469463
17	1234982592022	1234982594128
17	1234982632841	1234982649081
17	1234984874213	1234984877308
17	1234984878594	1234984883408
17	1234984886352	1234984897184
17	1234984899734	1234984904163
17	1234984909094	1234984912112
17	1234984921999	1234984931983
17	1234984934687	1234984946222
17	1234985073664	1234985079592
17	1234985091629	1234985103173
17	1234985150144	1234985158722
17	1234985172814	1234985175083
17	1234985197678	1234985202127
17	1234985203326	1234985208200
17	1234985214304	1234985224898
17	1234985226149	1234985230090
17	1234985236323	1234985238972
17	1234985281944	1234985283341
17	1234985290003	1234985292073
17	1234985306321	1234985310045
17	1234985311188	1234985315540
17	1234985317091	1234985320544
17	1234985323123	1234985329637
17	1234985333247	1234985338212
17	1234985339427	1234985341619
17	1234985354229	1234985359966
18	1234941658706	1234941671587
18	1234942240519	1234942248227
18	1234975684774	1234975689402
18	1234975692813	1234975697057
18	1234976019741	1234976024572
18	1234976052628	1234976056999
18	1234976619124	1234976621756
18	1234976624283	1234976630920
18	1234976631125	1234976635069
18	1234976935339	1234976939030
18	1234976941374	1234976944277
18	1234977146678	1234977154706
18	1234977203988	1234977209235
18	1234977209724	1234977213565
18	1234977258514	1234977272328
18	1234977564120	1234977570496
18	1234977616534	1234977622442
18	1234978079573	1234978083230
18	1234978089604	1234978094605
18	1234978112229	1234978119432
18	1234978926373	1234978930782
18	1234978931753	1234978939092
18	1234979097927	1234979100472
18	1234979170418	1234979177009
18	1234979225187	1234979235253
18	1234979542456	1234979551526
18	1234980547237	1234980552488
18	1234980555894	1234980558632
18	1234980635368	1234980639363
18	1234980701998	1234980707568
18	1234981192035	1234981197196
18	1234982145208	1234982148827
18	1234982354505	1234982362572
18	1234982462955	1234982466939
18	1234984875168	1234984881815
18	1234984943390	1234984946688
18	1234985073273	1234985076896
18	1234985151514	1234985157287
18	1234985215909	1234985220261
18	1234985221366	1234985231070
18	1234985308022	1234985314348
18	1234985326381	1234985330784
18	1234985332133	1234985335982
19	1234979229002	1234979231539
19	1234982144904	1234982148348
19	1234985071884	1234985075435
21	1234993556021	0
22	1234993556335	0
24	1234941613619	1234941618428
24	1234993556625	0
27	1234942427604	0
28	1234942427981	0
29	1234936768822	1234936772108
29	1234936841616	1234936844704
29	1234940445315	1234940449323
29	1234940478775	1234940481468
29	1234942428643	0
30	1234939529453	1234939532808
30	1234940470912	1234940474930
30	1234940846788	1234940854614
31	1234986237237	1234986247695
31	1234986255922	1234986269387
31	1234986273548	1234986277017
31	1234986281617	1234986284287
31	1234986291797	1234986296744
31	1234986301926	1234986304298
31	1234986317127	1234986320304
31	1234986322985	1234986326080
31	1234986329453	1234986333305
31	1234986347456	1234986352759
31	1234986355596	1234986363267
31	1234986366544	1234986371174
31	1234986378527	1234986381671
31	1234986396177	1234986399819
31	1234986404670	1234986407989
31	1234986409991	1234986414295
31	1234986425086	1234986428626
31	1234986438060	1234986443829
31	1234986507185	1234986514423
31	1234986519085	1234986522811
31	1234986526977	1234986530843
31	1234986536183	1234986539434
31	1234986544950	1234986563287
31	1234986573752	1234986577162
31	1234986605338	1234986609469
31	1234986654109	1234986657605
31	1234986666083	1234986671467
31	1234986686745	1234986691547
31	1234986698829	1234986703131
31	1234986712503	1234986719666
31	1234986738461	1234986750707
31	1234987002619	1234987045347
31	1234987054546	1234987061904
31	1234987087940	1234987092286
31	1234987104483	1234987110933
31	1234987125419	1234987129272
31	1234987133590	1234987136450
31	1234987140814	1234987143112
31	1234987154126	1234987157634
31	1234987165156	1234987168094
31	1234987193276	1234987197048
31	1234987201063	1234987207208
31	1234987241256	1234987245992
31	1234987255963	1234987265213
31	1234987268816	1234987277757
31	1234987301464	1234987307452
31	1234987348925	1234987357897
31	1234987366146	1234987376398
31	1234987395447	1234987397741
31	1234987400787	1234987408042
31	1234987426272	1234987430827
31	1234987434447	1234987443509
31	1234987583613	1234987589271
31	1234987598007	1234987601875
31	1234987659350	1234987664181
31	1234987667759	1234987677339
31	1234987719558	1234987723579
31	1234987728422	1234987738292
31	1234987743133	1234987747902
31	1234987763060	1234987773065
31	1234987777346	1234987780692
31	1234987804377	1234987814627
31	1234987856914	1234987862656
31	1234988068864	1234988076422
31	1234988139448	1234988147937
31	1234988199447	1234988202683
31	1234988216496	1234988218684
31	1234988218941	1234988223743
31	1234988265867	1234988269371
31	1234988272465	1234988289128
31	1234988296312	1234988309655
31	1234988327190	1234988347776
31	1234988377678	1234988380678
31	1234988408718	1234988412152
31	1234988460547	1234988463414
31	1234988471720	1234988474575
31	1234988492801	1234988495303
31	1234988504901	1234988510798
31	1234988513102	1234988514217
31	1234988521745	1234988529928
31	1234988549215	1234988559157
31	1234988564510	1234988569046
31	1234988582707	1234988590603
31	1234988593535	1234988596034
31	1234988601635	1234988605176
31	1234988617443	1234988620054
31	1234988623016	1234988633165
31	1234988649813	1234988658819
31	1234988671640	1234988678992
31	1234988689467	1234988692435
31	1234988696605	1234988699249
31	1234988709327	1234988712087
31	1234988719564	1234988723797
31	1234988781989	1234988788378
31	1234988797127	1234988804678
31	1234988811901	1234988818773
31	1234988832838	1234988844878
31	1234988850476	1234988860174
31	1234988863510	1234988872180
31	1234988897559	1234988900742
31	1234988923065	1234988931312
31	1234988948048	1234988963419
31	1234988996767	1234988999255
31	1234989031786	1234989035086
31	1234989051207	1234989058071
31	1234989061157	1234989064805
31	1234989075220	1234989079069
31	1234989094767	1234989105693
31	1234989126377	1234989130834
31	1234989134050	1234989136247
31	1234989150958	1234989153332
31	1234989164284	1234989169872
31	1234989216636	1234989221327
31	1234989242442	1234989243217
31	1234989254257	1234989258819
31	1234989274623	1234989279301
31	1234989311425	1234989315541
31	1234989331164	1234989331493
31	1234989336685	1234989341322
31	1234989377042	1234989380792
31	1234989391095	1234989406645
31	1234989451999	1234989455748
31	1234989485167	1234989492766
31	1234989524311	1234989527898
31	1234989540846	1234989552855
31	1234989558116	1234989560914
31	1234989563850	1234989567548
31	1234989579763	1234989587226
31	1234989607497	1234989617459
31	1234989641715	1234989646015
31	1234989678594	1234989683325
31	1234989691023	1234989707809
31	1234989774569	1234989778262
31	1234989785380	1234989789117
31	1234989860404	1234989865850
31	1234989954877	1234989959032
31	1234989969853	1234989975429
31	1234989991943	1234989995352
31	1234990185381	1234990196722
31	1234990205664	1234990207871
31	1234990231337	1234990238894
31	1234990249266	1234990253187
31	1234990328940	1234990332424
31	1234990345072	1234990349467
31	1234990362872	1234990370926
31	1234990389522	1234990393660
31	1234990405131	1234990419304
31	1234990452647	1234990466573
31	1234990469940	1234990476507
31	1234990493211	1234990500729
31	1234990503791	1234990507415
31	1234990517403	1234990520252
31	1234990539536	1234990543767
31	1234990622617	1234990626863
31	1234990640922	1234990643460
31	1234990653309	1234990658097
31	1234990673792	1234990677812
31	1234990680587	1234990685254
31	1234990754264	1234990761900
31	1234990854136	1234990858188
31	1234990896616	1234990901272
31	1234990934882	1234990941774
31	1234990946267	1234990953777
31	1234990961976	1234990966007
31	1234991015432	1234991021290
31	1234991035749	1234991042853
31	1234991058464	1234991063627
31	1234991079110	1234991083113
31	1234991108917	1234991113323
31	1234991190815	1234991197221
31	1234991243483	1234991253160
31	1234991292528	1234991301315
31	1234991313863	1234991317893
31	1234991324489	1234991329822
31	1234991344094	1234991367457
31	1234991401128	1234991405784
31	1234991449495	1234991460907
31	1234991476400	1234991480260
31	1234991488797	1234991498361
31	1234991513253	1234991525893
31	1234991594193	1234991599337
31	1234991605423	1234991609863
31	1234991613464	1234991616575
31	1234991619882	1234991631380
31	1234991694323	1234991697711
31	1234991706393	1234991709732
31	1234991718004	1234991723021
31	1234991726155	1234991730323
31	1234991755468	1234991759226
31	1234991763149	1234991767258
31	1234991774554	1234991779843
31	1234991821510	1234991825791
31	1234991838339	1234991841963
31	1234991902784	1234991917010
31	1234991925912	1234991930784
31	1234991940151	1234991950001
31	1234991980925	1234991991944
31	1234992003319	1234992006868
31	1234992017617	1234992021802
31	1234992057151	1234992065387
31	1234992069807	1234992073942
31	1234992087765	1234992091788
31	1234992165215	1234992169707
31	1234992267715	1234992271283
31	1234992345409	1234992352482
31	1234992373727	1234992381732
31	1234992393521	1234992398047
31	1234992406677	1234992413773
31	1234992416666	1234992421627
31	1234992425122	1234992433558
31	1234992442169	1234992445168
31	1234992466329	1234992474631
31	1234992496981	1234992504513
31	1234992533020	1234992537644
31	1234992542427	1234992545379
31	1234992556316	1234992566879
31	1234992583217	1234992593204
31	1234992600123	1234992604308
31	1234992628562	1234992633817
31	1234992636832	1234992650113
31	1234993265387	1234993269118
31	1234993359821	1234993363702
31	1234993367186	1234993372043
31	1234993375533	1234993383366
32	1234940854497	1234986195557
32	1234986996338	1234987003126
32	1234987443355	1234987451665
32	1234987579966	1234987583442
32	1234992926645	1234992929607
32	1234993066676	1234993068861
32	1234993152171	1234993157622
32	1234993195108	1234993206367
32	1234993208589	1234993217002
32	1234993220625	1234993236813
32	1234993240763	1234993245184
32	1234993260033	1234993265090
32	1234993268974	1234993273109
32	1234993297417	1234993299897
32	1234993383240	1234993392848
33	1234940453584	0
34	1234912936244	1234912938114
34	1234912938578	1234912941107
34	1234915850462	1234915852948
34	1234917558405	1234917561797
34	1234918385465	1234918387718
34	1234920079608	1234920092567
34	1234920247111	1234920248448
34	1234922610530	1234922614625
34	1234922832171	1234922835387
34	1234923262290	1234923265214
34	1234923419591	1234923424167
34	1234924253614	1234924256110
34	1234924301676	1234924306164
34	1234927221374	1234927229108
34	1234927262055	1234927265641
34	1234927265848	1234927268091
34	1234927307095	1234927316407
34	1234927524301	1234927533202
34	1234928185924	1234928187982
34	1234929051855	1234929054548
34	1234929056027	1234929064818
34	1234929687204	1234929692455
34	1234931131995	1234931137179
34	1234936914964	1234936925961
34	1234936933110	1234936937012
34	1234938556039	1234938560235
34	1234938613764	1234938616349
34	1234938619409	1234938622891
34	1234938631093	1234938634134
34	1234938821419	1234938825084
34	1234938861058	1234938864485
34	1234939317625	1234939326222
34	1234939457309	1234939483962
34	1234993663583	1234993673406
34	1234993690312	1234993697750
34	1234993732792	1234993744548
34	1234993748071	1234993761421
34	1234993784771	1234993791146
34	1234993795524	1234993804336
34	1234993839434	1234993854144
34	1234993867296	1234993887964
34	1234993918218	1234993922546
34	1234993947692	1234993954894
34	1234993975796	1234993978883
34	1234994037260	1234994040242
34	1234994063762	1234994072332
34	1234994083438	1234994085302
34	1234994119747	1234994135359
34	1234994139197	1234994146871
34	1234994155695	1234994159094
34	1234994168894	1234994186631
34	1234994190594	1234994203206
34	1234994214590	1234994220247
34	1234994271758	1234994290537
34	1234994294475	1234994298927
34	1234994312055	1234994315432
34	1234994330702	1234994336430
34	1234994340040	1234994343863
34	1234994355424	1234994363346
34	1234994368843	1234994376099
34	1234994387871	1234994401468
34	1234994406124	1234994411200
34	1234994433530	1234994436613
34	1234994446830	1234994452618
34	1234994484720	1234994487469
34	1234994504328	1234994514692
34	1234994538130	1234994540922
34	1234994552272	1234994557622
34	1234994571762	1234994575619
34	1234994611324	1234994615676
34	1234994674638	1234994679003
34	1234994704257	1234994708363
34	1234994852303	1234994855865
34	1234994858573	1234994870747
34	1234994884416	1234994892638
34	1234994892954	1234994909632
34	1234995025229	1234995029272
34	1234995046518	1234995051060
34	1234995060363	1234995064897
34	1234995068139	1234995071460
34	1234995080428	1234995083517
34	1234995095480	1234995098788
34	1234995103801	1234995106081
34	1234995110327	1234995119180
34	1234995123981	1234995133564
34	1234995147718	1234995157293
34	1234995160442	1234995168844
34	1234995180219	1234995187310
34	1234995205989	1234995211692
34	1234995226422	1234995233132
34	1234995251137	1234995260984
34	1234995269169	1234995274158
34	1234995283069	1234995288024
34	1234995300304	1234995313483
34	1234995317602	1234995322793
34	1234995349148	1234995357977
34	1234995367648	1234995373591
34	1234995377492	1234995381292
34	1234995396857	1234995401700
34	1234995413540	1234995416930
34	1234995429350	1234995438418
34	1234995441982	1234995450656
34	1234995468182	1234995473554
34	1234995481688	1234995505412
34	1234995509656	1234995513081
34	1234995525329	1234995528093
34	1234995551803	1234995557595
34	1234995559462	1234995564773
34	1234995606821	1234995612403
34	1234995615503	1234995622733
34	1234995623020	1234995630377
34	1234995669048	1234995673422
34	1234995687454	1234995690422
34	1234995696747	1234995717177
34	1234995734948	1234995755566
34	1234995760898	1234995765278
34	1234995767629	1234995794367
34	1234995913391	1234995917218
34	1234996037379	1234996047148
34	1234996523615	1234996527947
34	1234996537992	1234996542989
34	1234996658451	1234996667491
34	1234996750399	1234996753690
34	1234996846694	1234996852937
34	1234997761512	1234997770470
35	1234912935255	1234912938335
35	1234912938735	1234912944637
35	1234913558825	1234913562501
35	1234913697189	1234913702204
35	1234913872334	1234913875158
35	1234914559254	1234914563162
35	1234914564155	1234914570287
35	1234915850122	1234915856387
35	1234916347261	1234916350295
35	1234916379144	1234916385073
35	1234916891242	1234916892410
35	1234917430313	1234917434408
35	1234917507805	1234917514204
35	1234917556403	1234917561338
35	1234917574114	1234917576330
35	1234917826235	1234917829114
35	1234917959890	1234917965057
35	1234918382785	1234918387916
35	1234918471157	1234918476015
35	1234918483384	1234918487685
35	1234918507118	1234918510661
35	1234919130118	1234919132299
35	1234919134051	1234919135209
35	1234919492176	1234919494196
35	1234919495409	1234919497749
35	1234920077142	1234920086592
35	1234920089053	1234920094085
35	1234920245139	1234920247243
35	1234920647574	1234920651387
35	1234920653135	1234920654819
35	1234922553253	1234922560055
35	1234922610115	1234922613505
35	1234923263741	1234923268128
35	1234923419269	1234923420992
35	1234923570329	1234923571988
35	1234924254775	1234924256580
35	1234924651264	1234924653620
35	1234927218369	1234927220134
35	1234927223684	1234927227187
35	1234927265101	1234927275165
35	1234927298733	1234927301162
35	1234927301440	1234927304711
35	1234927305297	1234927311028
35	1234927311950	1234927316070
35	1234927525457	1234927532972
35	1234928161959	1234928163188
35	1234928187214	1234928188792
35	1234929049102	1234929057114
35	1234929060069	1234929067254
35	1234929687533	1234929691067
35	1234930685739	1234930686757
35	1234930770304	1234930771322
35	1234931131241	1234931138714
35	1234932447953	1234932450595
35	1234932840479	1234932849924
35	1234933539643	1234933545310
35	1234933807739	1234933812919
35	1234934376913	1234934380007
35	1234934554160	1234934555163
35	1234936912224	1234936943031
35	1234938448762	1234938451439
35	1234938454234	1234938457251
35	1234938556186	1234938560350
35	1234938613937	1234938623062
35	1234938631260	1234938631469
35	1234938667365	1234938670075
35	1234938861295	1234938864639
35	1234939313476	1234939322961
35	1234939450740	1234939453883
35	1234939457459	1234939463635
35	1234939475025	1234939486663
35	1234940449615	1234940453269
35	1234994169195	1234994181703
35	1234994190747	1234994193474
35	1234994214762	1234994217280
35	1234994267462	1234994277330
35	1234995104084	1234995106236
35	1234995110490	1234995113505
35	1234995124146	1234995128168
35	1234995160578	1234995164315
35	1234995283238	1234995288129
35	1234995352962	1234995354921
35	1234995728026	1234995741266
35	1234995749752	1234995752475
35	1234995761492	1234995765440
35	1234995767433	1234995772061
35	1234995913592	1234995921921
35	1234995924049	1234995926635
35	1234996031413	1234996034305
35	1234996037546	1234996051880
35	1234996089786	1234996092882
35	1234996125394	1234996130203
35	1234996176371	1234996179650
35	1234996204380	1234996212402
35	1234996219310	1234996223314
35	1234996252652	1234996258813
35	1234996273857	1234996277032
35	1234996280081	1234996285142
35	1234996336225	1234996343228
35	1234996523777	1234996528079
35	1234996538154	1234996546582
35	1234996577752	1234996581927
35	1234996618368	1234996623152
35	1234996628036	1234996632131
35	1234996658190	1234996672504
35	1234996706448	1234996711209
35	1234996715217	1234996722711
35	1234996750550	1234996758894
35	1234996768332	1234996772642
35	1234996816947	1234996820562
35	1234996846852	1234996859496
35	1234996891039	1234996894571
35	1234996907556	1234996911166
35	1234996987901	1234996992558
35	1234997124628	1234997127652
35	1234997138131	1234997152938
35	1234997375758	1234997380634
35	1234997411536	1234997419062
35	1234997497808	1234997506824
35	1234997517842	1234997523218
35	1234997592347	1234997598457
35	1234997668518	1234997672347
35	1234997761792	1234997778711
35	1234997935979	1234997940621
35	1234997996835	0
36	1234940450068	1234940471118
36	1234940847228	0
37	1234936769085	1234936781298
37	1234936835197	1234936844867
37	1234939532668	1234939542643
37	1234940441114	1234940446061
37	1234940481102	1234940489344
37	1234940842223	1234940846471
38	1234936772805	1234936781442
38	1234936834829	1234936845151
38	1234939560911	1234939576156
38	1234940445805	1234940449783
38	1234940484867	1234940508261
38	1234940511272	1234940555355
38	1234940558007	1234940584932
38	1234940588742	1234940595643
38	1234940605913	1234940614303
38	1234940619621	1234940647593
38	1234940656432	1234940678158
38	1234940693042	1234940698169
38	1234940700797	1234940705411
38	1234940711788	1234940722436
38	1234940734943	1234940736869
38	1234940739753	1234940762254
38	1234940767608	1234940832139
38	1234940842371	1234940846939
39	1234936777045	1234936782953
39	1234936832088	1234936835668
39	1234939570522	1234939578938
39	1234939611549	1234939621054
39	1234940362765	1234940370117
39	1234940373890	1234940377263
39	1234940388489	1234940392556
39	1234940397925	1234940400001
39	1234940421472	1234940443162
39	1234940609639	1234940614465
39	1234940619787	1234940623103
39	1234940638778	1234940660657
40	1234936777661	1234936789376
40	1234936821266	1234936829437
40	1234936829716	1234936839420
40	1234939576473	1234939587943
40	1234939605454	1234939614927
40	1234940617690	1234940623245
41	1234936777985	1234936792488
41	1234936821137	1234936835505
41	1234939575987	1234939591722
41	1234939606158	1234939614532
41	1234940614142	1234940622947
42	1234936766665	1234936772257
43	1234936766377	1234936769341
43	1234936841910	1234936847752
44	1234936763408	1234936772417
44	1234987988243	1234988000915
45	1234987068694	1234987092116
45	1234987095922	1234987107211
45	1234987117482	1234987142950
45	1234987146033	1234987165007
45	1234987178827	1234987183494
45	1234987189277	1234987193122
45	1234987205202	1234987207976
45	1234987217135	1234987221814
45	1234987225692	1234987235560
45	1234987245834	1234987255783
45	1234987272668	1234987277601
45	1234987281243	1234987283953
45	1234987336031	1234987351994
45	1234987420970	1234987430677
45	1234987434317	1234987438580
45	1234987473248	1234987484099
45	1234987489747	1234987492903
45	1234987497009	1234987511516
45	1234987519893	1234987524597
45	1234987527679	1234987538202
45	1234987574716	1234987589116
45	1234987862502	1234987870252
45	1234987874500	1234987882922
45	1234987911639	1234987915781
45	1234987938895	1234987948351
45	1234987971873	1234987983798
46	1234936759479	1234936763557
47	1234912292462	1234912294751
47	1234912471139	1234912475435
47	1234912603204	1234912609068
47	1234912645179	1234912651438
47	1234912656062	1234912657125
47	1234912657717	1234912660512
47	1234912776605	1234912782064
47	1234912782762	1234912785143
47	1234912788038	1234912789318
47	1234912795815	1234912798254
47	1234913462262	1234913465057
47	1234913723130	1234913724462
47	1234915111244	1234915113037
47	1234915115108	1234915116301
47	1234915122074	1234915123835
47	1234915803354	1234915808297
47	1234915809953	1234915814122
47	1234915969181	1234915972794
47	1234916759092	1234916763119
47	1234917254342	1234917260080
47	1234919413495	1234919415095
47	1234920208792	1234920211089
47	1234922044211	1234922049613
47	1234922051835	1234922054334
47	1234923060572	1234923065007
47	1234923066125	1234923067954
47	1234923355841	1234923358045
47	1234923874634	1234923876109
47	1234923878954	1234923881500
47	1234925216625	1234925217939
47	1234925219278	1234925222122
47	1234926644338	1234926652751
47	1234928626012	1234928627912
47	1234928630108	1234928631619
47	1234929211219	1234929212425
47	1234929214117	1234929220191
47	1234929541142	1234929548453
47	1234930424354	1234930426033
47	1234930728935	1234930734285
47	1234932430099	1234932432538
47	1234932434006	1234932438385
47	1234932547157	1234932552148
47	1234932553450	1234932555535
47	1234933758692	1234933758914
47	1234933759174	1234933762185
47	1234933991027	1234933996163
47	1234934418761	1234934419004
47	1234934425987	1234934427836
47	1234935512700	1234935520579
47	1234935522082	1234935526911
47	1234935863702	1234935866386
47	1234935866547	1234935867637
47	1234936004700	1234936005725
47	1234936748768	1234936754743
47	1234936756935	1234936762799
47	1234936860764	1234936870819
47	1234937335112	1234937343790
47	1234937685052	1234937695042
47	1234937889778	1234937893511
47	1234937897500	1234937903495
47	1234937949121	1234937953021
47	1234938010582	1234938013434
47	1234938022237	1234938022736
47	1234938691616	1234938696204
47	1234938811193	1234938813979
47	1234939000665	1234939005142
47	1234939005362	1234939010638
47	1234939013385	1234939016362
47	1234939368182	1234939373885
47	1234939376818	1234939380964
47	1234997822003	1234997827800
47	1234997838091	1234997843545
47	1234997913627	1234997918749
47	1234997944626	1234997948652
48	1234912469850	1234912478121
48	1234912601382	1234912661201
48	1234912776168	1234912790141
48	1234912791222	1234912805988
48	1234912902065	1234912906537
48	1234913459755	1234913468049
48	1234913720170	1234913723343
48	1234915041693	1234915047255
48	1234915113824	1234915124054
48	1234915152304	1234915153836
48	1234915154023	1234915156655
48	1234915388481	1234915390248
48	1234915810297	1234915816194
48	1234915966623	1234915971910
48	1234916753392	1234916755154
48	1234916755731	1234916762700
48	1234917254625	1234917260206
48	1234919410608	1234919420139
48	1234920203031	1234920205016
48	1234920207155	1234920212076
48	1234922043786	1234922054101
48	1234922417201	1234922434739
48	1234923057716	1234923064710
48	1234923179241	1234923180343
48	1234923388574	1234923391134
48	1234923540105	1234923543430
48	1234923869937	1234923881008
48	1234925213130	1234925218137
48	1234926201040	1234926204684
48	1234926643044	1234926653050
48	1234927518292	1234927521392
48	1234929208217	1234929211482
48	1234929212162	1234929221036
48	1234929537393	1234929551559
48	1234930001052	1234930007124
48	1234930416975	1234930418859
48	1234930420155	1234930433172
48	1234930728296	1234930737107
48	1234932428223	1234932440332
48	1234932491518	1234932495100
48	1234932544220	1234932558035
48	1234932718226	1234932722108
48	1234932857937	1234932864699
48	1234933398687	1234933401299
48	1234933493587	1234933496740
48	1234933753533	1234933768163
48	1234933986298	1234933996292
48	1234934417060	1234934419159
48	1234934421615	1234934428480
48	1234935511889	1234935517791
48	1234935518010	1234935524864
48	1234935858889	1234935869961
48	1234936000194	1234936011019
48	1234936751342	1234936763787
48	1234936852548	1234936866334
48	1234936870951	1234936881679
48	1234937331760	1234937340100
48	1234937682027	1234937692177
48	1234937897664	1234937903646
48	1234937949285	1234937953188
48	1234938020357	1234938032515
48	1234938689169	1234938698795
48	1234938802474	1234938821625
48	1234938996909	1234939010769
48	1234997685591	1234997697157
48	1234997856382	1234997860317
48	1234997899416	1234997908785
48	1234997944771	1234997958008
50	1234936763097	1234936769178
50	1234936845034	1234936847920
51	1234942244420	1234942246688
51	1234975686812	1234975698081
51	1234976019448	1234976024422
51	1234976046899	1234976061465
51	1234976620069	1234976627635
51	1234976627908	1234976634463
51	1234976936025	1234976947123
51	1234977148084	1234977154596
51	1234977205006	1234977213336
51	1234978080613	1234978093331
51	1234979170275	1234979173613
51	1234982354335	1234982358229
51	1234984875565	1234984881617
51	1234985152151	1234985158973
51	1234985308634	1234985313194
