1	1234546322387	1234546323347
1	1234548068345	1234548137907
1	1234549091535	1234549092841
1	1234549100224	1234549103369
1	1234549110399	1234549114151
1	1234549114447	1234549118823
2	1234542307268	1234542311499
2	1234549094353	1234549104117
6	1234542488485	1234542491416
6	1234542867079	1234542874073
6	1234542889358	1234542894045
6	1234542902278	1234542908333
6	1234542911233	1234542917293
6	1234542917777	1234542921355
6	1234542922335	1234542923496
6	1234542928255	1234542935269
6	1234542991161	1234542995292
6	1234542996206	1234542999636
6	1234543002643	1234543010292
6	1234543011473	1234543013384
6	1234543013660	1234543016295
6	1234543020522	1234543023613
6	1234543025441	1234543028452
6	1234543038292	1234543041802
6	1234543043323	1234543045014
6	1234543058503	1234543061833
6	1234543074279	1234543079122
6	1234543123183	1234543127156
6	1234543129194	1234543133706
6	1234543232577	1234543235895
6	1234543239222	1234543241164
6	1234543244251	1234543254156
6	1234543256294	1234543257916
6	1234543322578	1234543329733
6	1234543469784	1234543472212
6	1234543548292	1234543550368
6	1234544124139	1234544126134
6	1234546272728	1234546277539
6	1234546858356	1234546859592
6	1234548168992	1234548171233
6	1234549071098	1234549075215
6	1234549076965	1234549080104
7	1234542305817	1234542313317
7	1234542338486	1234542342215
7	1234542369934	1234542372851
7	1234542373340	1234542377409
7	1234542485344	1234542491253
7	1234542559250	1234542563431
7	1234542641845	1234542644447
7	1234542688002	1234542692913
7	1234542855028	1234542860573
7	1234542865280	1234542869427
7	1234542890462	1234542891584
7	1234542911526	1234542915023
7	1234543004387	1234543007306
7	1234543024336	1234543028325
7	1234543040263	1234543043630
7	1234543067706	1234543070257
7	1234543070545	1234543073204
7	1234543167035	1234543171080
7	1234543248073	1234543250794
7	1234543324164	1234543331369
7	1234546373516	1234546376279
7	1234548051567	1234548057607
7	1234548068688	1234548138336
7	1234549071557	1234549076683
7	1234549077715	1234549085627
7	1234549091738	1234549093051
7	1234549114646	1234549116542
8	1234542304456	1234542309082
8	1234542309817	1234542313008
8	1234542336637	1234542341796
8	1234542374370	1234542377769
8	1234542483396	1234542488727
8	1234542560957	1234542564002
8	1234542599580	1234542606249
8	1234542639663	1234542645097
8	1234542689372	1234542693256
8	1234542854274	1234542860856
8	1234542863639	1234542869218
8	1234548053548	1234548056830
8	1234548066132	1234548138176
8	1234549079647	1234549080620
8	1234549082195	1234549086420
8	1234549088221	1234549088586
8	1234549089688	1234549094566
8	1234549111170	1234549118252
9	1234520766299	1234520768311
9	1234520775200	1234520777189
9	1234520912300	1234520914096
9	1234520915160	1234520918465
9	1234520938251	1234520940725
9	1234521087755	1234521091294
9	1234542306123	1234542307604
9	1234542311224	1234542312741
9	1234542336959	1234542339639
9	1234542483786	1234542485669
9	1234542558536	1234542560744
9	1234542561425	1234542564885
9	1234542599773	1234542602459
9	1234542640087	1234542642377
9	1234542854687	1234542856119
9	1234542864554	1234542867359
9	1234543341310	1234543343235
9	1234543556307	1234543556719
9	1234543598613	1234543601320
9	1234543845298	1234543850163
9	1234543895669	1234543898371
9	1234544057188	1234544058893
9	1234544341066	1234544343373
9	1234544348285	1234544349432
9	1234544351232	1234544352407
9	1234544389293	1234544391181
9	1234544406373	1234544408666
9	1234544488382	1234544490042
9	1234545920408	1234545921754
9	1234546034553	1234546035728
9	1234546316423	1234546317833
9	1234546376569	1234546378272
9	1234546739369	1234546742791
9	1234546855104	1234546857053
9	1234546859745	1234546862456
9	1234547163617	1234547166873
9	1234547228779	1234547232109
9	1234547235113	1234547237233
9	1234547263035	1234547264371
9	1234547369353	1234547370973
9	1234547428153	1234547430115
9	1234547709397	1234547711435
9	1234547715818	1234547720302
9	1234548047319	1234548048364
9	1234548053984	1234548056588
9	1234548164302	1234548166063
9	1234548452348	1234548454323
9	1234548936555	1234548938261
9	1234549071740	1234549073183
9	1234549083330	1234549085335
9	1234549089464	1234549091898
9	1234549113895	1234549115983
14	1234520763523	1234520765842
14	1234520916615	1234520919638
14	1234520936392	1234520939783
14	1234521089639	1234521092937
15	1234520762889	1234520766726
15	1234520918643	1234520922941
15	1234520935220	1234520939563
15	1234521090664	1234521093911
15	1234541414918	1234541420650
15	1234541487013	1234541491236
15	1234542303404	1234542308071
15	1234542311933	1234542315549
15	1234542335585	1234542339787
15	1234542375487	1234542380739
15	1234542397301	1234542401427
15	1234542402496	1234542407483
15	1234542420439	1234542422813
15	1234542476353	1234542486183
15	1234542563584	1234542567538
15	1234542599323	1234542602624
15	1234542603758	1234542608436
15	1234542638811	1234542642667
15	1234542691469	1234542698133
15	1234542852919	1234542857521
15	1234542859243	1234542866542
15	1234546280827	1234546284097
15	1234546290958	1234546296022
15	1234546298672	1234546301648
15	1234546314786	1234546319331
15	1234548055141	1234548059909
15	1234548065426	1234548069307
16	1234508969265	1234508973069
16	1234508974270	1234508977409
16	1234508995769	1234509001534
16	1234509886470	1234509886797
16	1234509949659	1234509956618
16	1234509958299	1234509961179
16	1234511092999	1234511098234
16	1234511133111	1234511144179
16	1234520339514	1234520347254
16	1234520351820	1234520354526
16	1234520747482	1234520753266
16	1234520757908	1234520760102
16	1234520761390	1234520766569
16	1234520918302	1234520922141
16	1234520934658	1234520939395
16	1234521091135	1234521095614
16	1234521107276	1234521109423
16	1234541406789	1234541413092
16	1234541414265	1234541418343
16	1234541487590	1234541491099
16	1234542302864	1234542306816
16	1234542311797	1234542315864
16	1234542318737	1234542320871
16	1234542335162	1234542338887
16	1234542375887	1234542380554
16	1234542396619	1234542401265
16	1234542402753	1234542407338
16	1234542410145	1234542416263
16	1234542417565	1234542434242
16	1234542435565	1234542441804
16	1234542475041	1234542477407
16	1234542478235	1234542486083
16	1234542563286	1234542567260
16	1234542590232	1234542602294
16	1234542604236	1234542608746
16	1234542611404	1234542613293
16	1234542638397	1234542642101
16	1234542691346	1234542714250
16	1234542749463	1234542752583
16	1234542787084	1234542788935
16	1234542791872	1234542809195
16	1234542846838	1234542849154
16	1234542852374	1234542857390
16	1234542860371	1234542866388
16	1234546280535	1234546283702
16	1234546290675	1234546293594
16	1234546298511	1234546302277
16	1234546305235	1234546307306
16	1234546307897	1234546310605
16	1234546314509	1234546318099
16	1234548055503	1234548059305
16	1234548064164	1234548068540
17	1234508965562	1234508971261
17	1234508974746	1234508980493
17	1234508989108	1234508995567
17	1234508998247	1234509001414
17	1234509008475	1234509019170
17	1234509878163	1234509886983
17	1234509889386	1234509893706
17	1234509905614	1234509910677
17	1234509911665	1234509919911
17	1234509931218	1234509935163
17	1234509944044	1234509947453
17	1234509947745	1234509952678
17	1234509959442	1234509969126
17	1234510787210	1234510792145
17	1234510798229	1234510802456
17	1234510813778	1234510817282
17	1234510820094	1234510822525
17	1234510825161	1234510829619
17	1234511088504	1234511095238
17	1234511096264	1234511098856
17	1234511114040	1234511129701
17	1234511129941	1234511135642
17	1234511140145	1234511150530
17	1234511159953	1234511165410
17	1234511638337	1234511643284
17	1234511644420	1234511653916
17	1234520335917	1234520341103
17	1234520350917	1234520353247
17	1234520356399	1234520362844
17	1234520374939	1234520380437
17	1234520454036	1234520466170
17	1234520480251	1234520489193
17	1234520492156	1234520507089
17	1234520507755	1234520514896
17	1234520611142	1234520615525
17	1234520616188	1234520621890
17	1234520622263	1234520630677
17	1234520643038	1234520647084
17	1234520673810	1234520683068
17	1234520684688	1234520699194
17	1234520706889	1234520712194
17	1234520729204	1234520736168
17	1234520738202	1234520750170
17	1234520757713	1234520760337
17	1234520761166	1234520762522
17	1234520920122	1234520925893
17	1234520927240	1234520936689
17	1234521092646	1234521100097
17	1234521104854	1234521109078
17	1234541328069	1234541332074
17	1234541343329	1234541348061
17	1234541358907	1234541366099
17	1234541384171	1234541393339
17	1234541399649	1234541403542
17	1234541489203	1234541492419
17	1234541692272	1234541705537
17	1234541705824	1234541711803
17	1234542036799	1234542050254
17	1234542071255	1234542077231
17	1234542077901	1234542080286
17	1234542083287	1234542096230
17	1234542196486	1234542203227
17	1234542207682	1234542212240
17	1234542212730	1234542221595
17	1234542224757	1234542231937
17	1234542258577	1234542266649
17	1234542267870	1234542287794
17	1234542294731	1234542306368
17	1234542314419	1234542317832
17	1234542332301	1234542338281
17	1234542377241	1234542380337
17	1234542394160	1234542399588
17	1234542404295	1234542413207
17	1234542437847	1234542453084
17	1234542454286	1234542470273
17	1234542474467	1234542477063
17	1234542564540	1234542567069
17	1234542587226	1234542591184
17	1234542611197	1234542627422
17	1234542636955	1234542641480
17	1234542711741	1234542716157
17	1234542728156	1234542729915
17	1234542744323	1234542761806
17	1234542777545	1234542786898
17	1234542788661	1234542794505
17	1234542847212	1234542854436
17	1234546281695	1234546292727
17	1234546299752	1234546307685
17	1234546310283	1234546319890
17	1234548057297	1234548066291
18	1234508964276	1234508968852
18	1234508976236	1234508984093
18	1234508986269	1234508994466
18	1234509014216	1234509019389
18	1234509877496	1234509882080
18	1234509965113	1234509968776
18	1234510771495	1234510776325
18	1234510786507	1234510790523
18	1234510799993	1234510805014
18	1234510812535	1234510816602
18	1234510826241	1234510830342
18	1234511088137	1234511093149
18	1234511116242	1234511121221
18	1234511126357	1234511134465
18	1234511161624	1234511165960
18	1234511636976	1234511641349
18	1234511649181	1234511654236
18	1234520335506	1234520339093
18	1234520377185	1234520384110
18	1234520453340	1234520465342
18	1234520501785	1234520504930
18	1234520507293	1234520514298
18	1234520610650	1234520615286
18	1234520625102	1234520629013
18	1234520642646	1234520648799
18	1234520652098	1234520657402
18	1234520663260	1234520666439
18	1234520669267	1234520670659
18	1234520672981	1234520676902
18	1234520732236	1234520736482
18	1234520737166	1234520750387
18	1234520928160	1234520936890
18	1234521096027	1234521099239
18	1234521104292	1234521108846
18	1234541327692	1234541331481
18	1234541331849	1234541334213
18	1234541363449	1234541366296
18	1234541384620	1234541394913
18	1234541399165	1234541402608
18	1234541489910	1234541498621
18	1234541691801	1234541702166
18	1234541708475	1234541711560
18	1234542036081	1234542041300
18	1234542042049	1234542047658
18	1234542092366	1234542095990
18	1234542195507	1234542200566
18	1234542208335	1234542218255
18	1234542260377	1234542269316
18	1234542449528	1234542458213
18	1234546283456	1234546294257
18	1234546301270	1234546306077
18	1234548059607	1234548065591
19	1234508962958	1234508968118
19	1234509014699	1234509020701
19	1234509875520	1234509880587
19	1234509965601	1234509970576
19	1234510769342	1234510778562
19	1234510784806	1234510789209
19	1234510801170	1234510805465
19	1234510810196	1234510816307
19	1234510826820	1234510832712
19	1234511087073	1234511092640
19	1234511161838	1234511167895
19	1234511635516	1234511641144
19	1234511650474	1234511657498
19	1234520333414	1234520338358
19	1234520381233	1234520388749
19	1234520391547	1234520414756
19	1234520417461	1234520423706
19	1234520424453	1234520432349
19	1234520432605	1234520441258
19	1234520442098	1234520445664
19	1234520446376	1234520457508
19	1234520510521	1234520519138
19	1234520531185	1234520535930
19	1234520609245	1234520613196
19	1234520625464	1234520630962
19	1234520640715	1234520645199
19	1234541493406	1234541498256
19	1234541690682	1234541695033
19	1234541708262	1234541712712
19	1234542034454	1234542038543
19	1234542092709	1234542098096
19	1234542194135	1234542199289
51	1234511117004	1234511120939
51	1234511127063	1234511131958
51	1234520377664	1234520386302
51	1234520458072	1234520461259
51	1234520503050	1234520509272
51	1234520732935	1234520741610
51	1234520929017	1234520937373
51	1234521097085	1234521107728
51	1234541391397	1234541402201
51	1234542260734	1234542267632
51	1234546284544	1234546292276
51	1234546301114	1234546305824
51	1234548060351	1234548063859
21	1234508962391	1234508965764
21	1234509017361	1234509022337
21	1234509874736	1234509877775
21	1234511164580	1234511638540
21	1234520532219	1234520537353
21	1234541495432	1234541498474
21	1234546323689	0
24	1234509017867	0
29	1234508971668	1234508977777
