2	1233772439823	1233772446521
3	1233772443234	1233772448223
4	1233772445474	1233772449349
4	1233772451770	1233772454269
5	1233767997064	1233768000057
5	1233772445914	1233772457644
6	1233764131280	1233764140270
6	1233764143294	1233764147687
6	1233764147869	1233764150163
6	1233764152575	1233764153635
6	1233764162285	1233764164911
6	1233764293381	1233764294613
6	1233764422575	1233764424427
6	1233764536894	1233764539653
6	1233764542507	1233764545327
6	1233764548163	1233764550243
6	1233764665708	1233764668348
6	1233764693237	1233764695330
6	1233764755950	1233764758669
6	1233764791399	1233764794343
6	1233764797776	1233764800388
6	1233765183613	1233765184506
6	1233765185188	1233765187271
6	1233765189383	1233765190463
6	1233765191000	1233765192893
6	1233765509780	1233765514301
6	1233766130087	1233766134751
6	1233766138224	1233766145374
6	1233766145822	1233766151361
6	1233766242462	1233766251176
6	1233766258504	1233766261601
6	1233766266503	1233766269365
6	1233766272390	1233766279253
6	1233766284713	1233766290198
6	1233766392260	1233766393666
6	1233766398510	1233766399910
6	1233766513207	1233766514376
6	1233766560890	1233766562507
6	1233766566538	1233766568298
6	1233767168872	1233767173960
6	1233767464203	1233767465854
6	1233767996500	1233767998443
6	1233768043370	1233768047519
6	1233769560150	1233769560869
6	1233770486248	1233770491523
6	1233770496398	1233770503002
6	1233770512347	1233770514763
6	1233770517558	1233770522253
6	1233770523898	1233770524182
6	1233770524642	1233770530388
6	1233772079401	1233772081716
6	1233772082421	1233772084784
6	1233772199549	1233772203080
6	1233772434031	1233772441489
6	1233772448488	0
7	1233764128987	1233764134327
7	1233764137575	1233764140545
7	1233764141874	1233764146809
7	1233766139825	1233766143756
7	1233766145234	1233766149263
7	1233772438079	1233772441016
7	1233772460379	0
8	1233764128563	1233764132494
8	1233764138541	1233764146276
8	1233766141260	1233766149017
8	1233772439343	1233772441292
8	1233772460941	0
9	1233764141624	1233764143710
9	1233766142758	1233766145978
9	1233772461646	0
10	1233728871274	1233728873253
10	1233764463225	1233764464801
10	1233764466346	1233764469210
10	1233764478348	1233764482483
10	1233764532090	1233764533195
10	1233764742253	1233764744946
10	1233764788740	1233764790113
10	1233764791537	1233764792965
10	1233764800915	1233764803748
10	1233765520490	1233765521794
10	1233766133221	1233766134355
10	1233766148462	1233766150166
10	1233766170439	1233766180030
10	1233766242582	1233766244084
10	1233766409217	1233766411440
10	1233766514616	1233766515387
10	1233766666101	1233766667954
10	1233766676838	1233766678130
10	1233766881469	1233766882071
10	1233767092388	1233767095538
10	1233768043814	1233768045102
10	1233768417674	1233768419324
10	1233769055010	1233769058363
10	1233772433580	1233772434680
10	1233772456209	1233772460524
11	1233764146575	1233764147476
11	1233766168847	1233766171078
11	1233766171667	1233766173590
11	1233767010552	1233767012278
11	1233767093732	1233767095849
11	1233767155738	1233767158500
11	1233767168544	1233767171927
11	1233767995370	1233767997319
11	1233769526820	1233769529447
11	1233769550726	1233769551329
11	1233770065312	1233770071543
11	1233770081422	1233770084440
11	1233770180868	1233770183251
11	1233770186577	1233770189731
11	1233770268616	1233770271992
11	1233770403952	1233770406777
11	1233770436218	1233770437145
11	1233770438047	1233770439565
11	1233771959262	1233771961294
11	1233772431312	1233772436320
14	1233727582503	1233727589664
14	1233727603708	1233727607991
14	1233727687633	1233727692954
14	1233727700418	1233727705513
14	1233727810515	1233727815259
14	1233727934801	1233727938062
14	1233728247623	1233728251609
14	1233729406623	1233729410922
14	1233730588514	1233730591446
14	1233730615788	1233730619124
14	1233730629238	1233730630915
14	1233730724864	1233730727254
14	1233731622856	1233731625501
14	1233731628248	1233731630919
14	1233742278012	1233742282448
15	1233727582206	1233727590267
15	1233727605152	1233727610366
15	1233727610888	1233727613528
15	1233727613884	1233727621720
15	1233727627768	1233727635604
15	1233727664150	1233727670867
15	1233727700881	1233727706200
15	1233727793533	1233727808166
15	1233727935291	1233727938674
15	1233728058540	1233728066848
15	1233728072171	1233728080742
15	1233728244004	1233728248668
15	1233729408973	1233729411251
15	1233729428950	1233729431741
15	1233729441826	1233729445108
15	1233730415359	1233730418298
15	1233730421461	1233730423603
15	1233730426443	1233730431624
15	1233730584975	1233730588678
15	1233730590646	1233730593607
15	1233730614176	1233730619409
15	1233730629034	1233730633773
15	1233730640437	1233730644183
15	1233730709734	1233730712720
15	1233730727656	1233730729327
15	1233730748348	1233730749044
15	1233730768781	1233730772970
15	1233730838063	1233730846283
15	1233730980853	1233730984521
15	1233731613111	1233731616792
15	1233731621730	1233731625690
15	1233731628778	1233731633669
15	1233740350033	1233740358738
15	1233740359943	1233740392931
15	1233741146889	1233741149656
15	1233741406334	1233741409277
15	1233741494987	1233741497938
15	1233741648163	1233741652039
15	1233741849256	1233741853023
15	1233742282710	1233742289663
15	1233742299543	1233742302949
16	1233727311906	1233727315698
16	1233727320462	1233727328367
16	1233727514104	1233727521669
16	1233727534459	1233727539115
16	1233727541850	1233727549592
16	1233727549805	1233727553542
16	1233727565745	1233727574046
16	1233727580231	1233727585372
16	1233727608150	1233727621575
16	1233727632652	1233727635453
16	1233727663994	1233727666720
16	1233727700726	1233727705865
16	1233727793391	1233727808008
16	1233727938374	1233727947488
16	1233727954074	1233727973494
16	1233727975922	1233727976678
16	1233727977201	1233727979694
16	1233727980010	1233727993435
16	1233728012775	1233728015414
16	1233728023367	1233728026966
16	1233728029036	1233728031352
16	1233728058323	1233728066710
16	1233728072020	1233728076458
16	1233728107526	1233728113156
16	1233728115574	1233728125612
16	1233728195391	1233728199518
16	1233728204735	1233728212427
16	1233728243712	1233728248107
16	1233729408693	1233729411091
16	1233729428852	1233729431603
16	1233729441216	1233729444930
16	1233730415193	1233730433912
16	1233730536730	1233730540921
16	1233730541163	1233730549129
16	1233730569229	1233730570104
16	1233730572790	1233730575656
16	1233730584627	1233730588260
16	1233730590519	1233730593867
16	1233730606894	1233730610413
16	1233730613543	1233730619255
16	1233730631072	1233730637088
16	1233730640067	1233730643671
16	1233730724093	1233730729170
16	1233730747968	1233730752447
16	1233730763774	1233730772021
16	1233730838681	1233730850808
16	1233730850992	1233730858713
16	1233730858944	1233730860081
16	1233730862176	1233730887076
16	1233730955177	1233730963190
16	1233730980552	1233730984158
16	1233731612807	1233731616656
16	1233731621365	1233731624624
16	1233731629028	1233731633506
16	1233731642544	1233731646133
16	1233740067244	1233740068048
16	1233740070054	1233740084960
16	1233740094853	1233740100418
16	1233740103350	1233740106051
16	1233740109004	1233740116141
16	1233740290472	1233740293490
16	1233740308233	1233740310486
16	1233740349212	1233740354005
16	1233740356259	1233740356888
16	1233740358588	1233740359460
16	1233740361878	1233740368139
16	1233740368564	1233740371227
16	1233740371762	1233740380249
16	1233740380445	1233740382404
16	1233740383006	1233740392328
16	1233741146436	1233741149403
16	1233741303482	1233741307004
16	1233741405989	1233741408897
16	1233741494716	1233741497451
16	1233741647522	1233741651883
16	1233741817346	1233741820414
16	1233741837600	1233741837944
16	1233741848785	1233741852008
16	1233742287669	1233742290447
16	1233742299397	1233742301770
17	1233727302244	1233727315543
17	1233727324035	1233727332566
17	1233727338071	1233727341808
17	1233727345147	1233727354504
17	1233727363709	1233727367573
17	1233727371501	1233727375809
17	1233727379597	1233727382128
17	1233727386506	1233727411382
17	1233727417636	1233727453091
17	1233727455124	1233727458562
17	1233727459066	1233727466800
17	1233727468610	1233727472335
17	1233727479125	1233727491426
17	1233727494934	1233727499362
17	1233727499826	1233727508353
17	1233727513919	1233727517642
17	1233727568444	1233727570675
17	1233727580087	1233727581942
17	1233727635251	1233727647245
17	1233727705718	1233727710215
17	1233727713900	1233727718069
17	1233727739160	1233727744672
17	1233727760480	1233727764079
17	1233727768383	1233727777963
17	1233727781679	1233727793048
17	1233727799255	1233727807842
17	1233727941531	1233727950386
17	1233728076301	1233728080349
17	1233728101133	1233728107391
17	1233728143126	1233728168626
17	1233728180854	1233728199401
17	1233728201643	1233728212263
17	1233728215919	1233728222094
17	1233728238126	1233728247917
17	1233729409346	1233729413456
17	1233729417052	1233729422604
17	1233729425122	1233729429124
17	1233729442197	1233729449965
17	1233729452471	1233729455081
17	1233729458932	1233729464086
17	1233729467159	1233729473341
17	1233729476452	1233729484346
17	1233729484546	1233729490520
17	1233729511579	1233729513881
17	1233730407537	1233730412278
17	1233730453253	1233730456700
17	1233730460876	1233730464760
17	1233730483494	1233730495151
17	1233730495540	1233730498101
17	1233730500534	1233730504036
17	1233730506710	1233730513353
17	1233730527167	1233730539259
17	1233730545673	1233730549981
17	1233730561967	1233730564096
17	1233730566902	1233730570526
17	1233730573858	1233730578888
17	1233730582619	1233730585923
17	1233730631625	1233730633639
17	1233730639913	1233730640287
17	1233730710199	1233730719109
17	1233730723874	1233730725015
17	1233730750687	1233730756662
17	1233730757319	1233730762543
17	1233730950970	1233730954616
17	1233730960804	1233730964280
17	1233730966747	1233730979186
17	1233731614167	1233731618198
17	1233731618966	1233731624220
17	1233731631072	1233731640131
17	1233731641157	1233731645964
17	1233739981508	1233739985686
17	1233740003471	1233740003938
17	1233740013639	1233740019326
17	1233740027443	1233740031045
17	1233740037556	1233740045613
17	1233740051376	1233740067649
17	1233740111190	1233740117367
17	1233740142920	1233740144612
17	1233740145015	1233740147829
17	1233740148420	1233740153236
17	1233740156619	1233740158058
17	1233740159733	1233740162705
17	1233740171665	1233740176020
17	1233740275160	1233740289152
17	1233740290035	1233740295863
17	1233740304735	1233740313997
17	1233740318311	1233740322596
17	1233740323956	1233740326459
17	1233740346874	1233740352423
17	1233740392226	1233740395920
17	1233740443215	1233740449419
17	1233740454187	1233740458656
17	1233740461850	1233740469900
17	1233740475889	1233740478583
17	1233740478784	1233740497356
17	1233740497838	1233740515563
17	1233740627423	1233740629193
17	1233740635545	1233740641542
17	1233740644215	1233740648828
17	1233740689864	1233740695940
17	1233740696172	1233740698499
17	1233740698697	1233740699764
17	1233740701346	1233740707915
17	1233741147488	1233741160937
17	1233741163465	1233741201193
17	1233741202675	1233741221908
17	1233741272010	1233741275139
17	1233741279551	1233741291182
17	1233741297864	1233741309373
17	1233741314020	1233741322387
17	1233741402671	1233741408788
17	1233741425409	1233741429815
17	1233741456335	1233741464693
17	1233741494426	1233741497316
17	1233741648397	1233741655120
17	1233741706795	1233741715940
17	1233741726230	1233741735905
17	1233741783106	1233741797332
17	1233741803334	1233741808699
17	1233741812780	1233741820270
17	1233741831615	1233741844254
17	1233741846566	1233741852199
17	1233742294044	1233742305781
18	1233727288024	1233727295558
18	1233727297373	1233727308354
18	1233727332691	1233727341949
18	1233727495103	1233727504317
18	1233727706550	1233727718460
18	1233727788546	1233727793694
18	1233728081048	1233728107674
18	1233728122077	1233728128458
18	1233728165410	1233728171543
18	1233728174298	1233728186724
18	1233729419865	1233729422735
18	1233729423053	1233729431901
18	1233729469802	1233729473667
18	1233729476563	1233729487655
18	1233730456977	1233730464488
18	1233730478896	1233730487563
18	1233730575473	1233730578670
18	1233730581381	1233730588837
18	1233730752635	1233730762283
18	1233730962867	1233730971961
18	1233731616025	1233731624382
18	1233731636960	1233731640315
18	1233731640665	1233731646272
18	1233739909647	1233739913871
18	1233739932096	1233739958521
18	1233740041209	1233740045988
18	1233740049105	1233740056176
18	1233740113162	1233740117529
18	1233740118834	1233740121457
18	1233740130106	1233740132392
18	1233740141690	1233740153375
18	1233740172543	1233740178499
18	1233740275731	1233740278593
18	1233740293905	1233740309125
18	1233740310697	1233740321076
18	1233740454882	1233740464984
18	1233740702114	1233740706224
18	1233741804366	1233741808862
18	1233741809702	1233741817711
19	1233727287414	1233727290786
19	1233727295381	1233727297216
19	1233739909036	1233739911187
19	1233739915129	1233739919936
19	1233739932498	1233739958374
19	1233740051633	1233740053197
19	1233740173223	1233740178016
19	1233740273420	1233740278173
19	1233740702800	1233740708043
21	1233739905996	1233739909188
21	1233740705095	1233740708191
24	1233739905394	1233739909847
24	1233740704673	1233740709194
25	1233739903110	1233739909383
25	1233740706018	1233740711324
26	1233739900066	1233739905634
26	1233740708493	1233740713506
27	1233739896922	1233739899776
27	1233740711668	1233740720001
28	1233724373630	1233724376623
28	1233739896104	1233739899253
28	1233740717506	1233740721239
28	1233772909642	1233772911516
29	1233724373887	1233724379165
29	1233724660150	1233724662988
29	1233729564457	1233729567673
29	1233729632871	1233729638579
29	1233739896419	1233739899403
29	1233740717753	1233740724101
29	1233772910215	1233772912536
29	1233774876092	1233774878883
30	1233728786585	1233728790660
30	1233729564838	1233729571025
30	1233729606608	1233729608408
30	1233777938391	1233777943353
30	1233777946994	1233777947926
30	1233777950930	1233777954543
30	1233783691481	1233783694873
30	1233783695265	1233783697338
30	1233784500292	1233784502792
30	1233784613695	1233784616313
31	1233728770813	1233728774117
31	1233777959072	1233777969267
31	1233777970917	1233777989006
31	1233777992517	1233777998743
31	1233778004170	1233778005267
31	1233778007326	1233778012613
31	1233778018628	1233778022490
31	1233778026441	1233778035077
31	1233778040007	1233778046097
31	1233778058598	1233778062187
31	1233778067287	1233778073283
31	1233778088388	1233778096808
31	1233778103848	1233778106257
31	1233778106550	1233778109469
31	1233778135920	1233778136209
31	1233778139273	1233778142450
31	1233778147556	1233778153538
31	1233778165451	1233778169329
31	1233778174508	1233778181098
31	1233778209012	1233778212225
31	1233778214850	1233778218597
31	1233778220267	1233778232688
31	1233778236008	1233778236503
31	1233778242714	1233778251153
31	1233778277846	1233778278560
31	1233778280328	1233778281396
31	1233778311217	1233778316799
31	1233778326091	1233778330147
31	1233778331597	1233778344243
31	1233778361727	1233778373628
31	1233778376800	1233778379847
31	1233778385951	1233778394756
31	1233778397846	1233778400277
31	1233778410448	1233778413614
31	1233778424866	1233778432287
31	1233778433582	1233778434625
31	1233778436588	1233778440746
31	1233778444079	1233778448623
31	1233778459128	1233778463553
31	1233778469659	1233778475978
31	1233778476808	1233778485071
31	1233778500681	1233778502382
31	1233778508088	1233778510947
31	1233778511897	1233778514006
31	1233778516381	1233778520680
31	1233778524088	1233778526348
31	1233778528939	1233778532605
31	1233778552647	1233778561482
31	1233778564777	1233778565782
31	1233778568347	1233778571827
31	1233778576811	1233778577938
31	1233778594668	1233778595693
31	1233778597978	1233778600699
31	1233778603418	1233778606357
31	1233778637061	1233778638078
31	1233778645692	1233778647297
31	1233778672420	1233778678949
31	1233778685386	1233778693466
31	1233778693851	1233778697042
31	1233778726291	1233778727093
31	1233778740037	1233778742668
31	1233778750964	1233778752326
31	1233778757477	1233778759980
31	1233778760279	1233778762396
31	1233778802463	1233778804319
31	1233778810963	1233778816002
31	1233778830685	1233778831389
31	1233778833642	1233778834687
31	1233778834956	1233778836997
31	1233778847371	1233778852089
31	1233778879088	1233778880295
31	1233778905598	1233778908516
31	1233778920929	1233778924492
31	1233778930197	1233778939372
31	1233778940189	1233778942479
31	1233778942914	1233778944716
31	1233779005376	1233779007712
31	1233779008319	1233779012240
31	1233779016748	1233779019448
31	1233779036300	1233779041329
31	1233779052723	1233779056720
31	1233779057270	1233779060119
31	1233779111760	1233779114752
31	1233779118277	1233779121716
31	1233779123613	1233779124998
31	1233779129789	1233779133370
31	1233779140237	1233779145249
31	1233779149313	1233779153735
31	1233779156825	1233779157231
31	1233779180713	1233779184947
31	1233779205110	1233779208580
31	1233779210546	1233779213318
31	1233779218250	1233779221017
31	1233779223796	1233779232028
31	1233779232751	1233779250968
31	1233779261518	1233779276584
31	1233779280232	1233779282248
31	1233779295731	1233779297748
31	1233779307877	1233779309634
31	1233779327850	1233779331306
31	1233779427777	1233779434260
31	1233779485283	1233779485811
31	1233779488578	1233779494188
31	1233779496184	1233779502737
31	1233779508590	1233779523684
31	1233779532867	1233779538615
31	1233779548345	1233779557534
31	1233779590059	1233779595774
31	1233779598849	1233779601488
31	1233779622627	1233779628412
31	1233779645075	1233779647227
31	1233779652431	1233779659019
31	1233779674978	1233779676717
31	1233779677998	1233779679168
31	1233779685936	1233779687018
31	1233779688670	1233779691544
31	1233779715637	1233779717488
31	1233779753546	1233779757817
31	1233779758339	1233779769308
31	1233779778908	1233779781459
31	1233779838060	1233779841927
31	1233780035704	1233780042534
31	1233780125034	1233780140476
31	1233780144494	1233780166428
31	1233780168282	1233780194728
31	1233780197253	1233780204285
31	1233780209558	1233780211383
31	1233780354970	1233780359135
31	1233780430134	1233780433115
31	1233780437198	1233780448237
31	1233780451270	1233780452155
31	1233780456904	1233780458313
31	1233780468881	1233780474577
31	1233780478026	1233780479493
31	1233780499742	1233780501876
31	1233780534795	1233780540886
31	1233780558399	1233780570634
31	1233780574270	1233780576592
31	1233780580727	1233780582799
31	1233780584020	1233780586382
31	1233780588687	1233780589662
31	1233780609690	1233780615000
31	1233780618580	1233780626424
31	1233780635913	1233780639249
31	1233780641638	1233780647599
31	1233780647881	1233780652328
31	1233780653920	1233780665779
31	1233780666102	1233780671974
31	1233780697327	1233780702517
31	1233780702799	1233780711297
31	1233780735166	1233780738447
31	1233780746693	1233780747528
31	1233780752892	1233780759258
31	1233780787009	1233780788269
31	1233780858097	1233780875699
31	1233780888168	1233780889230
31	1233780896669	1233780897232
31	1233780911747	1233780914959
31	1233780924202	1233780929092
31	1233780974477	1233780977317
31	1233780977635	1233780980967
31	1233780992923	1233780994768
31	1233780995768	1233780997789
31	1233781002187	1233781009497
31	1233781015828	1233781017020
31	1233781024390	1233781045768
31	1233781046403	1233781049829
31	1233781081833	1233781082561
31	1233781088629	1233781090557
31	1233781112479	1233781115188
31	1233781123707	1233781123969
31	1233781139667	1233781144349
31	1233781148128	1233781151398
31	1233781175742	1233781180540
31	1233781198727	1233781199809
31	1233781220213	1233781222154
31	1233781225068	1233781228840
31	1233781232308	1233781237798
31	1233781243046	1233781246347
31	1233781246620	1233781248905
31	1233781251968	1233781254662
31	1233781261038	1233781264550
31	1233781271360	1233781275917
31	1233781279376	1233781281698
31	1233781287706	1233781290881
31	1233781291462	1233781294164
31	1233781331599	1233781339117
31	1233781344918	1233781345919
31	1233781348536	1233781351590
31	1233781352090	1233781354808
31	1233781357818	1233781358367
31	1233781360750	1233781361003
31	1233781363267	1233781365472
31	1233781366717	1233781370378
31	1233781378346	1233781382061
31	1233781382485	1233781393287
31	1233781422721	1233781424037
31	1233781447718	1233781453678
31	1233781471080	1233781471371
31	1233781476663	1233781477195
31	1233781495129	1233781496058
31	1233781515753	1233781526700
31	1233781529929	1233781537001
31	1233781545757	1233781554689
31	1233781564149	1233781566170
31	1233781569267	1233781569934
31	1233781570214	1233781575087
31	1233781575842	1233781578080
31	1233781583309	1233781584648
31	1233781603324	1233781608289
31	1233781614728	1233781616478
31	1233781626671	1233781629737
31	1233781632565	1233781635503
31	1233781639008	1233781641758
31	1233781644738	1233781659148
31	1233781663110	1233781668103
31	1233781689682	1233781692080
31	1233781695672	1233781698268
31	1233781718647	1233781722542
31	1233781737695	1233781740689
31	1233781754597	1233781757739
31	1233781768056	1233781769537
31	1233781782154	1233781784889
31	1233781793688	1233781799899
31	1233781803138	1233781806081
31	1233781812386	1233781815298
31	1233781818350	1233781819880
31	1233781820951	1233781825763
31	1233781830042	1233781832443
31	1233781834843	1233781837743
31	1233781839041	1233781852315
31	1233781853915	1233781859305
31	1233781861428	1233781865790
31	1233781867736	1233781875292
31	1233781923327	1233781924886
31	1233781952632	1233781955302
31	1233781958514	1233781974291
31	1233781988822	1233781992007
31	1233781994152	1233781997446
31	1233782080884	1233782083955
31	1233782092468	1233782095903
31	1233782114675	1233782117003
31	1233782130809	1233782136842
31	1233782137105	1233782139538
31	1233782148991	1233782152167
31	1233782157382	1233782163598
31	1233782172403	1233782178292
31	1233782182137	1233782184866
31	1233782207103	1233782209063
31	1233782226672	1233782228198
31	1233782322967	1233782323454
31	1233782350805	1233782355633
31	1233782359002	1233782363253
31	1233782400337	1233782403503
31	1233782409540	1233782413701
31	1233782424363	1233782424765
31	1233782435566	1233782436723
31	1233782438722	1233782439922
31	1233782485373	1233782491102
31	1233782500067	1233782507392
31	1233782537462	1233782537979
31	1233782589635	1233782592388
31	1233782605323	1233782609165
31	1233782619082	1233782620074
31	1233782654960	1233782656041
31	1233782675923	1233782678820
31	1233782697733	1233782703603
31	1233782705361	1233782706313
31	1233782711864	1233782715415
31	1233782743482	1233782749375
31	1233782750922	1233782752657
31	1233782763003	1233782767511
31	1233782768253	1233782773944
31	1233782776814	1233782779889
31	1233782784343	1233782792037
31	1233782803328	1233782804498
31	1233782812363	1233782815565
31	1233782821355	1233782825332
31	1233782834412	1233782839278
31	1233782864312	1233782866379
31	1233782866865	1233782867897
31	1233782869953	1233782871134
31	1233782876175	1233782877133
31	1233782891115	1233782897516
31	1233782908368	1233782909542
31	1233782915093	1233782923705
31	1233782960496	1233782963279
31	1233782966397	1233782968384
31	1233782987042	1233782988001
31	1233782995763	1233783001528
31	1233783059573	1233783064035
31	1233783064336	1233783066126
31	1233783075452	1233783077606
31	1233783083657	1233783083943
31	1233783119529	1233783123285
31	1233783126090	1233783131592
31	1233783134244	1233783135518
31	1233783144290	1233783145325
31	1233783147070	1233783147800
31	1233783152281	1233783152558
31	1233783285997	1233783292167
31	1233783300457	1233783306887
31	1233783324880	1233783327815
31	1233783339667	1233783342647
31	1233783360489	1233783369799
31	1233783372886	1233783381631
31	1233783394768	1233783402402
31	1233783476215	1233783480518
31	1233783487715	1233783489948
31	1233783499608	1233783502047
31	1233783505127	1233783506217
31	1233783507752	1233783510682
31	1233783526086	1233783532875
31	1233783536223	1233783538167
31	1233783546290	1233783550528
31	1233783568948	1233783579834
31	1233783607630	1233783609632
31	1233783650706	1233783656089
31	1233783675009	1233783676897
31	1233783686614	1233783692179
31	1233783700669	1233783701878
31	1233783702283	1233783704112
31	1233783724229	1233783728415
31	1233783735435	1233783737582
31	1233783746722	1233783751814
31	1233783773863	1233783778907
31	1233783854286	1233783859477
31	1233783859881	1233783867297
31	1233783870108	1233783873269
31	1233783878823	1233783881106
31	1233783892764	1233783895500
31	1233783901930	1233783905266
31	1233783914682	1233783920562
31	1233783949099	1233783951621
31	1233783960412	1233783963822
31	1233783975856	1233783978745
31	1233783982240	1233783988854
31	1233783990986	1233783991389
31	1233784008246	1233784009096
31	1233784012463	1233784017957
31	1233784026367	1233784032370
31	1233784041212	1233784048913
31	1233784057067	1233784062657
31	1233784065342	1233784067312
31	1233784068519	1233784071669
31	1233784086549	1233784087153
31	1233784089419	1233784093084
31	1233784095995	1233784098981
32	1233728767382	1233728773970
32	1233777944202	1233777946847
32	1233777953664	1233777955855
32	1233778343984	1233778347818
32	1233778349396	1233778364386
32	1233781874507	1233781878073
32	1233781900102	1233781907059
32	1233781909607	1233781910851
32	1233781912226	1233781913747
32	1233781918807	1233781921283
32	1233781923016	1233781946418
32	1233781948843	1233781952874
32	1233781953269	1233781958286
32	1233784084937	1233784090609
32	1233784505483	1233784508910
32	1233784515030	1233784521553
32	1233784556849	1233784562342
32	1233784610580	1233784616155
32	1233784634434	1233784642823
33	1233728763806	1233728770574
33	1233777954457	1233777959721
33	1233781874971	1233781880606
33	1233781886725	1233781903561
33	1233781937337	1233781943071
33	1233784506271	1233784509639
33	1233784510272	1233784521417
33	1233784559869	1233784562060
33	1233784573517	1233784574736
33	1233784577389	1233784581050
33	1233784602190	1233784607019
33	1233784607942	1233784610861
33	1233784612916	1233784613973
34	1233702179914	1233702183054
34	1233702291687	1233702294600
34	1233702907446	1233702907684
34	1233703012238	1233703013464
34	1233703347445	1233703350798
34	1233704813712	1233704818263
34	1233706600459	1233706601747
34	1233706646327	1233706648194
34	1233706768270	1233706769758
34	1233706886262	1233706890109
34	1233706921358	1233706925226
34	1233706926247	1233706940631
34	1233706949861	1233706970191
34	1233706970663	1233706971462
34	1233706972083	1233706974216
34	1233707647330	1233707648478
34	1233708242384	1233708243964
34	1233709325568	1233709328386
34	1233711142630	1233711145176
34	1233711146407	1233711149714
34	1233711354339	1233711354741
34	1233711357241	1233711364849
34	1233712977272	1233712980494
34	1233713394252	1233713396237
34	1233713397419	1233713402038
34	1233716896736	1233716898464
34	1233716898879	1233716900110
34	1233719352865	1233719354676
34	1233720099143	1233720101235
34	1233722931156	1233722937779
34	1233781902337	1233781906698
34	1233784629279	1233784635129
34	1233784692173	1233784696404
34	1233784697768	1233784699560
34	1233784699947	1233784718501
34	1233785036361	1233785037067
34	1233785207166	1233785209219
34	1233785214963	1233785218316
34	1233785226916	1233785228189
34	1233785230242	1233785230752
34	1233788150064	1233788152614
35	1233702180346	1233702190854
35	1233702290118	1233702291803
35	1233702292042	1233702295216
35	1233702826791	1233702831242
35	1233702873634	1233702877405
35	1233702902432	1233702908862
35	1233703012552	1233703015241
35	1233703174394	1233703180911
35	1233703307921	1233703310162
35	1233703349288	1233703350520
35	1233704807313	1233704810639
35	1233704812198	1233704818732
35	1233704989970	1233704992245
35	1233706597456	1233706601315
35	1233706643024	1233706648344
35	1233706763889	1233706765479
35	1233706883944	1233706886442
35	1233706918395	1233706919995
35	1233706920826	1233706925406
35	1233706932893	1233706958239
35	1233706970361	1233706973369
35	1233709325194	1233709330342
35	1233709580922	1233709581853
35	1233709583224	1233709586295
35	1233709951735	1233709954155
35	1233710558005	1233710562754
35	1233711142205	1233711144910
35	1233711146552	1233711151004
35	1233711357420	1233711358316
35	1233712974814	1233712983944
35	1233713394559	1233713397696
35	1233713401745	1233713403315
35	1233714947247	1233714948649
35	1233714949604	1233714952196
35	1233716897024	1233716900260
35	1233719349456	1233719354194
35	1233719765096	1233719767133
35	1233719767736	1233719770662
35	1233720092725	1233720093549
35	1233720095272	1233720096327
35	1233722172424	1233722173766
35	1233722931695	1233722936440
35	1233723376365	1233723378151
35	1233723379381	1233723391889
35	1233728767219	1233728770444
35	1233729567988	1233729574475
35	1233777941962	1233777944846
35	1233777953944	1233777959457
35	1233781900504	1233781907979
35	1233781912833	1233781914233
35	1233781917058	1233781921745
35	1233781942921	1233781945918
35	1233781947046	1233781949129
35	1233784084223	1233784085212
35	1233784521246	1233784523702
35	1233784525602	1233784529796
35	1233784531369	1233784533172
35	1233784535495	1233784535993
35	1233784547451	1233784550035
35	1233784555906	1233784559305
35	1233784625979	1233784628006
35	1233784628479	1233784631361
35	1233784631868	1233784637567
35	1233784640120	1233784645532
35	1233784646190	1233784648770
35	1233784687630	1233784706645
35	1233784715216	1233784721341
35	1233784788107	1233784792411
35	1233785036664	1233785039869
35	1233785127706	1233785134690
35	1233785205736	1233785210244
35	1233785215109	1233785215847
35	1233785218470	1233785227846
35	1233788149622	1233788150445
36	1233728770914	1233728778165
36	1233729565238	1233729571178
36	1233729603411	1233729609141
36	1233777939447	1233777950166
36	1233777952537	1233777956058
36	1233778362753	1233778364528
36	1233781955721	1233781958651
36	1233783688993	1233783700835
36	1233784067024	1233784071835
36	1233784084431	1233784087430
36	1233784500764	1233784507169
36	1233784526500	1233784529983
36	1233784547639	1233784550231
36	1233784613256	1233784619987
36	1233784627468	1233784628297
37	1233724377072	1233724388075
37	1233724476562	1233724486208
37	1233724662612	1233724673708
37	1233724691673	1233724694966
37	1233724700225	1233724707161
37	1233726395383	1233726398555
37	1233726399816	1233726418229
37	1233726420923	1233726434716
37	1233726441936	1233726444535
37	1233726447171	1233726453161
37	1233726459388	1233726471943
37	1233726594471	1233726605912
37	1233726679889	1233726687142
37	1233728796063	1233728802517
37	1233729558952	1233729564572
37	1233729609375	1233729616481
37	1233729984159	1233729988934
37	1233772911811	1233772913351
37	1233772918270	1233772920826
37	1233773049938	1233773052647
37	1233773223763	1233773226028
37	1233774856422	1233774868769
37	1233774874234	1233774878984
38	1233724383992	1233724388267
38	1233724451104	1233724456295
38	1233724471070	1233724484333
38	1233724664408	1233724668344
38	1233724671348	1233724677670
38	1233724689425	1233724710248
38	1233725688143	1233725715620
38	1233725717841	1233725760325
38	1233725760677	1233725766927
38	1233725773337	1233725775974
38	1233725778823	1233725780705
38	1233725784567	1233725788475
38	1233725788803	1233725797669
38	1233725802790	1233725804909
38	1233725807321	1233725814084
38	1233725814298	1233725828221
38	1233725829075	1233725843691
38	1233725843931	1233725846989
38	1233725858753	1233725861220
38	1233725864483	1233725866463
38	1233725873125	1233725876062
38	1233725877239	1233725882622
38	1233725888446	1233725891613
38	1233725894686	1233725899268
38	1233725900118	1233725911153
38	1233725915079	1233725918158
38	1233725919001	1233725927828
38	1233725930635	1233725936111
38	1233725939563	1233725969382
38	1233725971496	1233725984861
38	1233725993561	1233726006035
38	1233726007831	1233726013604
38	1233726013968	1233726020058
38	1233726023677	1233726034275
38	1233726034739	1233726044442
38	1233726044858	1233726067689
38	1233726071566	1233726085325
38	1233726090892	1233726169043
38	1233726169370	1233726186873
38	1233726187557	1233726194594
38	1233726197011	1233726212123
38	1233726214543	1233726217443
38	1233726217967	1233726250607
38	1233726250789	1233726262886
38	1233726266152	1233726279610
38	1233726286954	1233726291719
38	1233726295092	1233726310075
38	1233726315460	1233726325961
38	1233726331095	1233726357536
38	1233726358936	1233726396955
38	1233726402348	1233726408373
38	1233726411108	1233726414851
38	1233726423646	1233726431074
38	1233726450199	1233726453305
38	1233726456286	1233726462239
38	1233726469420	1233726486422
38	1233726490279	1233726501496
38	1233726501737	1233726588659
38	1233726588866	1233726601015
38	1233726602833	1233726645111
38	1233726648496	1233726670019
38	1233726675233	1233726683561
38	1233728796419	1233728837094
38	1233729553786	1233729564959
38	1233729616651	1233729651063
38	1233729682999	1233729736313
38	1233729740456	1233729752401
38	1233729800289	1233729825538
38	1233729828964	1233729832232
38	1233729837213	1233729857744
38	1233729861600	1233729904986
38	1233729907097	1233729930438
38	1233729942190	1233729944799
38	1233729953043	1233729956256
38	1233729965613	1233729967556
38	1233729977582	1233729989361
38	1233772912131	1233772921022
38	1233772974667	1233772981828
38	1233772983582	1233772987997
38	1233772989314	1233773004668
38	1233773021267	1233773023654
38	1233773025438	1233773031167
38	1233773036367	1233773044298
38	1233773046459	1233773055428
38	1233773061217	1233773064297
38	1233773085118	1233773097653
38	1233773100825	1233773127986
38	1233773132658	1233773138897
38	1233773142016	1233773148056
38	1233773162635	1233773235528
38	1233774571453	1233774591354
38	1233774614080	1233774640605
38	1233774652854	1233774664578
38	1233774667638	1233774674647
38	1233774680543	1233774692342
38	1233774804157	1233774808748
38	1233774810317	1233774815636
38	1233774823738	1233774833599
38	1233774835848	1233774839158
38	1233774841478	1233774859348
38	1233774865958	1233774876901
39	1233724385244	1233724390321
39	1233724449890	1233724453671
39	1233724673915	1233724679726
39	1233724685820	1233724691945
39	1233724704746	1233724710958
39	1233724725524	1233724734215
39	1233725521366	1233725524524
39	1233725537937	1233725540248
39	1233725558215	1233725561812
39	1233725568059	1233725573111
39	1233725603969	1233725630090
39	1233725631189	1233725636143
39	1233725636661	1233725646963
39	1233725651945	1233725658156
39	1233725675734	1233725682193
39	1233725685166	1233725691317
39	1233726354983	1233726364945
39	1233726450326	1233726461912
39	1233728834377	1233728837250
39	1233728882939	1233728888965
39	1233729487516	1233729544363
39	1233729546288	1233729559074
39	1233729748320	1233729755149
39	1233729757703	1233729767945
39	1233729900865	1233729914310
39	1233772917970	1233772941627
39	1233772972877	1233772977917
39	1233773061560	1233773068921
39	1233773076788	1233773088503
39	1233773124277	1233773135987
39	1233773177898	1233773183765
39	1233773217123	1233773222692
39	1233773230127	1233773258627
39	1233773259735	1233773261970
39	1233773264959	1233773271598
39	1233773273559	1233773300570
39	1233773306347	1233773309618
39	1233773339538	1233773340569
39	1233773384264	1233773386088
39	1233773413643	1233773413944
39	1233773415453	1233773417307
39	1233773427588	1233773428998
39	1233773521458	1233773524372
39	1233773682944	1233773684339
39	1233773946321	1233773948869
39	1233773999347	1233774001112
39	1233774096908	1233774100252
39	1233774166010	1233774167893
39	1233774204617	1233774206977
39	1233774466512	1233774471678
39	1233774493044	1233774498848
39	1233774529977	1233774577506
39	1233774585711	1233774617986
39	1233774649729	1233774656595
39	1233774688645	1233774695168
39	1233774731647	1233774736669
39	1233774742675	1233774751834
39	1233774767390	1233774769543
39	1233774789280	1233774799950
40	1233724386984	1233724392551
40	1233724393282	1233724398918
40	1233724435923	1233724438796
40	1233724440705	1233724453879
40	1233724679901	1233724692308
40	1233724707324	1233724712551
40	1233724727794	1233724730979
40	1233725640669	1233725647128
40	1233725650619	1233725654463
40	1233725675894	1233725691118
40	1233728834708	1233728842475
40	1233728847151	1233728849759
40	1233728862292	1233728873707
40	1233728877503	1233728885613
40	1233729752679	1233729764170
40	1233772922253	1233772926427
40	1233772927327	1233772929642
40	1233772931090	1233772935379
40	1233772941780	1233772943172
40	1233772966458	1233772975340
40	1233773064735	1233773069070
40	1233773073788	1233773080598
40	1233773126728	1233773127344
40	1233773130227	1233773132774
40	1233773217680	1233773222267
40	1233773247071	1233773253328
40	1233773286668	1233773292347
40	1233774541165	1233774542015
40	1233774543470	1233774544299
40	1233774550837	1233774552313
40	1233774555618	1233774560227
40	1233774561821	1233774565076
40	1233774570547	1233774571973
40	1233774692456	1233774698168
40	1233774700637	1233774701373
40	1233774709519	1233774712826
40	1233774713356	1233774723204
40	1233774736835	1233774743133
40	1233774745884	1233774746848
40	1233774751996	1233774755101
40	1233774761847	1233774764273
40	1233774764596	1233774773527
40	1233774776068	1233774800115
41	1233724387337	1233724398753
41	1233724435465	1233724453520
41	1233728834082	1233728836934
41	1233728840418	1233728854943
41	1233728862130	1233728870999
41	1233728879694	1233728882788
41	1233774791192	1233774794087
42	1233740723105	1233740727058
42	1233777950023	1233777951184
42	1233779135483	1233779138623
43	1233724373033	1233724376779
43	1233724484177	1233724487107
43	1233724659299	1233724662438
43	1233726686986	1233726695201
43	1233739892697	1233739896578
43	1233740719373	1233740729829
43	1233772908811	1233772911670
43	1233774876572	1233774883893
43	1233774889870	1233774891486
43	1233777949660	1233777952357
44	1233724364396	1233724379593
44	1233724486556	1233724488598
44	1233724653790	1233724662838
44	1233726689227	1233726702172
44	1233739889938	1233739899544
44	1233740725903	1233740732196
44	1233772909076	1233772912276
44	1233774881452	1233780540994
44	1233780577887	1233780579646
45	1233724357916	1233724359669
45	1233740731404	1233740741779
45	1233740743906	1233740744220
45	1233775087092	1233775090437
45	1233775102718	1233775104671
45	1233775106039	1233775107639
45	1233775119546	1233775138886
45	1233775140481	1233775171708
45	1233775173672	1233775174203
45	1233775176740	1233775182352
45	1233775193334	1233775195772
45	1233775196837	1233775198734
45	1233775201634	1233775201926
45	1233775203084	1233775204848
45	1233775226173	1233775234437
45	1233775243933	1233775244724
45	1233775248121	1233775250597
45	1233775353272	1233775354793
45	1233775362243	1233775363907
45	1233775364184	1233775367883
45	1233775369871	1233775372565
45	1233775373560	1233775392102
45	1233775396756	1233775402666
45	1233775402934	1233775409481
45	1233775423273	1233775426162
45	1233775430082	1233775435846
45	1233775444919	1233775445612
45	1233775454788	1233775456764
45	1233775457814	1233775462499
45	1233775469327	1233775473316
45	1233775477812	1233775481271
45	1233775506800	1233775529026
45	1233775530241	1233775531986
45	1233775533854	1233775549921
45	1233775554990	1233775557688
45	1233775559207	1233775561792
45	1233775563994	1233775564427
45	1233775597343	1233775599394
45	1233775599665	1233775601177
45	1233776472297	1233776474500
45	1233776832432	1233776842123
45	1233776845704	1233776847615
45	1233776850286	1233776853814
45	1233776913819	1233776914202
45	1233776915042	1233776917447
45	1233776926138	1233776957327
45	1233776958926	1233776961991
45	1233776962624	1233776964590
45	1233776978161	1233776985480
45	1233776994803	1233777002769
45	1233777040342	1233777049391
45	1233777061363	1233777078002
45	1233777101828	1233777104730
45	1233777110949	1233777122464
45	1233777136342	1233777139633
45	1233777159257	1233777163892
45	1233777164796	1233777170534
45	1233777173097	1233777182189
45	1233777184994	1233777193672
45	1233777196367	1233777204248
45	1233777223709	1233777233391
45	1233777284917	1233777302309
45	1233777306896	1233777319064
45	1233777331959	1233777358903
45	1233777359139	1233777384367
45	1233777415421	1233777436325
45	1233777453947	1233777460553
45	1233777461006	1233777462897
45	1233777465683	1233777468219
45	1233777473044	1233777475166
45	1233777511978	1233777523518
45	1233777552569	1233777557101
45	1233777558661	1233777563142
45	1233777633126	1233777637100
45	1233777665832	1233777675223
45	1233777751122	1233777790314
45	1233777803558	1233777822950
45	1233777825474	1233777830230
45	1233777831952	1233777839301
45	1233777846869	1233777858283
45	1233777863829	1233777869688
45	1233777881773	1233777897726
45	1233777947153	1233777965411
45	1233777989260	1233777998077
45	1233778009801	1233778022304
45	1233778030965	1233778034141
45	1233778124637	1233778129546
45	1233778144899	1233778151851
45	1233778178800	1233778180891
45	1233778185313	1233778190061
45	1233778208727	1233778212464
45	1233778217162	1233778218845
45	1233778239197	1233778242515
45	1233778290037	1233778296331
45	1233778296630	1233778299053
45	1233778307911	1233778308625
45	1233778309140	1233778311474
45	1233778311969	1233778316463
45	1233778382577	1233778383274
45	1233778396031	1233778398072
45	1233778580321	1233778589315
45	1233778591825	1233778596076
45	1233778604009	1233778606554
45	1233778606935	1233778610669
45	1233778620308	1233778626175
45	1233778663251	1233778668040
45	1233778694670	1233778700050
45	1233778838319	1233778845411
45	1233778846460	1233778857530
45	1233778863602	1233778872445
45	1233778897999	1233778902255
45	1233778919015	1233778920591
45	1233778922159	1233778925100
45	1233778965331	1233778966332
45	1233778977440	1233778986392
45	1233778993246	1233778995742
45	1233779061335	1233779062500
45	1233779111543	1233779114568
45	1233779124296	1233779126540
45	1233779126942	1233779129592
45	1233779135751	1233779145502
45	1233779151121	1233779153512
45	1233779156608	1233779157468
45	1233779160291	0
46	1233724358116	1233724366227
46	1233740731773	1233740734848
46	1233775087438	1233775105206
46	1233775107852	1233775111243
46	1233775118099	1233775120490
46	1233775397097	1233775401307
46	1233775507278	1233775510589
46	1233776935338	1233776937963
46	1233780541106	1233780549756
46	1233780552770	1233780559961
46	1233780562768	1233780567927
46	1233780576902	1233780578282
47	1233702640794	1233702642612
47	1233704008936	1233704009904
47	1233705330942	1233705333253
47	1233705333990	1233705339263
47	1233705813170	1233705821268
47	1233706136401	1233706137103
47	1233706139198	1233706140033
47	1233706931261	1233706934625
47	1233707097778	1233707107333
47	1233707891358	1233707895322
47	1233707921368	1233707924104
47	1233708036280	1233708039066
47	1233708249426	1233708252993
47	1233708300256	1233708305172
47	1233708645783	1233708647786
47	1233709814897	1233709816387
47	1233709912240	1233709915206
47	1233709919602	1233709922456
47	1233711158431	1233711163244
47	1233712803566	1233712805139
47	1233714836294	1233714839966
47	1233714961687	1233714968100
47	1233715626156	1233715629197
47	1233716016490	1233716017373
47	1233717657493	1233717661983
47	1233719455259	1233719457260
47	1233720504797	1233720507996
47	1233721166323	1233721174243
47	1233721258504	1233721260135
47	1233721263292	1233721264428
47	1233721267463	1233721269215
47	1233722259536	1233722265170
47	1233724357623	1233724360990
47	1233724493029	1233724494583
47	1233724566811	1233724568904
47	1233775092753	1233775094297
47	1233780541321	1233780543905
47	1233780557157	1233780558868
47	1233780564841	1233780567141
47	1233780592781	1233780595808
47	1233780603762	1233780607702
47	1233780636921	1233780642620
47	1233780716988	1233780726170
47	1233780729031	1233780732511
47	1233780735523	1233780738987
47	1233780777784	1233780780868
47	1233780799282	1233780803434
47	1233780833309	1233780836501
47	1233783705718	1233783712845
47	1233783730129	1233783731289
47	1233786243391	1233786243705
47	1233786731630	1233786736099
47	1233786738826	1233786743978
47	1233786755209	1233786762313
47	1233788151021	1233788152854
47	1233788200560	1233788203221
48	1233703163215	1233703165214
48	1233703999378	1233704000228
48	1233704002199	1233704004023
48	1233704005289	1233704011826
48	1233705333597	1233705339383
48	1233705811734	1233705820228
48	1233706136647	1233706140283
48	1233706925980	1233706929201
48	1233707051272	1233707054600
48	1233707096928	1233707109227
48	1233707539323	1233707540599
48	1233708036543	1233708037703
48	1233708249599	1233708255946
48	1233708297174	1233708298441
48	1233708299040	1233708300416
48	1233709815348	1233709817164
48	1233709911082	1233709920241
48	1233711158668	1233711168559
48	1233712803147	1233712808491
48	1233712809114	1233712813518
48	1233712816721	1233712820437
48	1233713325312	1233713326153
48	1233713431614	1233713435841
48	1233713453016	1233713458150
48	1233713518441	1233713521267
48	1233713555454	1233713557321
48	1233713915676	1233713917220
48	1233714430368	1233714431191
48	1233714833342	1233714834329
48	1233714836431	1233714845625
48	1233714954255	1233714969348
48	1233715619348	1233715634225
48	1233716008838	1233716019708
48	1233717649370	1233717651480
48	1233717653119	1233717657659
48	1233717658679	1233717664709
48	1233718561349	1233718567911
48	1233719447712	1233719452630
48	1233719452912	1233719458750
48	1233720501542	1233720510709
48	1233721164831	1233721172368
48	1233721260259	1233721260565
48	1233721263449	1233721269363
48	1233722257213	1233722258035
48	1233722259661	1233722274695
48	1233723772278	1233723773133
48	1233723775629	1233723783357
48	1233724017789	1233724019890
48	1233724020176	1233724032928
48	1233724488798	1233724495920
48	1233724501361	1233724507338
48	1233724566979	1233724569049
48	1233724649700	1233724650848
48	1233724653249	1233724657087
48	1233726701612	1233726709674
48	1233739888128	1233739892827
48	1233772906081	1233772909791
48	1233780581210	1233780591982
48	1233780603906	1233780609439
48	1233780637189	1233780649103
48	1233780650779	1233780654747
48	1233780657974	1233780659800
48	1233780660894	1233780671806
48	1233780716547	1233780722789
48	1233780737739	1233780741275
48	1233780777897	1233780780418
48	1233780786678	1233780791958
48	1233780804577	1233780811218
48	1233783705291	1233783709844
48	1233783716151	1233783726229
48	1233783728219	1233783739763
48	1233783847987	1233783854520
48	1233784559598	1233784564466
48	1233784565395	1233784570666
48	1233784954427	1233784959748
48	1233785137645	1233785140295
48	1233786237324	1233786244327
48	1233786328798	1233786340648
48	1233786729330	1233786740751
48	1233786752814	1233786760218
48	1233788151292	1233788155568
48	1233788156293	1233788170580
48	1233788171078	1233788175047
48	1233788197205	1233788204254
48	1233788204860	1233788210718
49	1233721167723	1233721169266
49	1233724354172	1233724359884
49	1233724363007	1233724365920
49	1233724488507	1233724493177
49	1233724653385	1233724657262
49	1233726701917	1233726709793
49	1233739886891	1233739892286
49	1233772906546	1233772909942
49	1233775081978	1233775084038
49	1233775116682	1233775117349
49	1233780577182	1233780585547
49	1233788209692	1233788212407
50	1233724363282	1233724367064
50	1233724373217	1233724377267
50	1233724486382	1233724493316
50	1233724653550	1233724662742
50	1233726693135	1233726706004
50	1233739888538	1233739897046
50	1233740726656	1233740734694
50	1233772906813	1233772912012
50	1233775077734	1233775087298
50	1233775522332	1233775524650
50	1233780576754	1233780585260
51	1233727497193	1233727504147
51	1233727785367	1233727793199
51	1233728080622	1233728090901
51	1233729419564	1233729429635
51	1233729473508	1233729479192
51	1233729481991	1233729487385
51	1233730483795	1233730487420
51	1233730964047	1233730968239
51	1233731616487	1233731621146
51	1233731637627	1233731646508
51	1233740043345	1233740052124
51	1233740295176	1233740296247
51	1233740314138	1233740314633
51	1233740317065	1233740318108
51	1233740455986	1233740463565
51	1233741807270	1233741817042
