1	1235397185348	0
2	1235395798432	1235395803934
2	1235398342134	1235398345279
5	1235382800234	1235382801317
6	1235395803099	1235395806201
6	1235395967331	1235395968582
6	1235396165131	1235396166370
6	1235396169429	1235396170211
6	1235396258471	1235396262556
6	1235396350759	1235396353907
6	1235397180054	1235397184278
6	1235398022717	1235398028318
6	1235398031122	1235398034348
6	1235398038299	1235398044098
6	1235398081049	1235398085341
6	1235398162461	1235398165160
6	1235398339026	1235398344121
6	1235398347206	1235398349036
6	1235398351642	1235398354792
6	1235398541420	1235398544218
6	1235398550218	1235398553280
6	1235398652955	1235398654328
6	1235398656784	1235398658721
6	1235398659872	1235398661688
6	1235398691224	1235398694191
6	1235398695322	1235398698447
6	1235398770406	1235398771349
6	1235399053496	1235399054805
6	1235402861409	1235402864855
6	1235402871774	1235402876455
6	1235403292001	1235403297833
7	1235395794817	1235395800401
7	1235395801024	1235395806079
7	1235395967177	1235395967806
7	1235396164699	1235396167648
7	1235396168170	1235396172181
7	1235396258029	1235396263106
7	1235396274332	1235396278122
7	1235396352228	1235396353346
7	1235396481412	1235396482329
7	1235396710330	1235396713492
7	1235396816425	1235396818248
7	1235397181549	1235397185675
7	1235398341264	1235398347512
7	1235398771032	1235398773270
7	1235399053188	1235399054534
7	1235399258021	1235399260927
7	1235399992956	1235399995218
7	1235401603411	1235401608118
7	1235401651969	1235401653646
7	1235402862115	1235402867330
7	1235402870277	1235402874951
7	1235403294488	1235403297671
8	1235373173302	1235374393817
8	1235383354787	1235383357345
8	1235396260343	1235396263328
8	1235396272901	1235396277792
8	1235402864381	1235402873871
8	1235403294999	1235403298432
9	1235373289546	1235373294183
9	1235373401399	1235373406768
9	1235373407268	1235373409428
9	1235373466942	1235373469948
9	1235395804327	1235395805744
9	1235395967538	1235395968312
9	1235396251268	1235396252123
9	1235396258192	1235396259852
9	1235396260798	1235396264013
9	1235396274453	1235396278994
9	1235396352379	1235396353622
9	1235396479417	1235396483364
9	1235396538450	1235396539519
9	1235396601473	1235396605909
9	1235396655298	1235396657271
9	1235396713210	1235396714642
9	1235396723377	1235396724195
9	1235396742418	1235396745973
9	1235396750292	1235396751217
9	1235396762678	1235396765234
9	1235396816577	1235396817182
9	1235396965463	1235396966306
9	1235397004470	1235397007278
9	1235397043328	1235397044728
9	1235397090275	1235397092619
9	1235397114078	1235397115346
9	1235397180197	1235397181831
9	1235398355074	1235398356784
9	1235398362312	1235398363000
9	1235398377943	1235398380289
9	1235398541582	1235398542614
9	1235398650448	1235398652537
9	1235398691515	1235398692520
9	1235398695026	1235398697182
9	1235398767676	1235398770570
9	1235398771465	1235398776363
9	1235398779191	1235398780026
9	1235398896281	1235398897580
9	1235399201272	1235399203353
9	1235399700570	1235399703707
9	1235399710768	1235399712429
9	1235399947164	1235399948330
9	1235399954321	1235399962641
9	1235399970223	1235399975518
9	1235399980276	1235399983178
9	1235399989277	1235399998200
9	1235400012223	1235400013888
9	1235400093179	1235400097298
9	1235400103267	1235400104738
9	1235400299264	1235400300960
9	1235400365370	1235400366828
9	1235400383199	1235400384489
9	1235400423709	1235400425239
9	1235400710463	1235400711498
9	1235400738534	1235400740579
9	1235400773297	1235400774141
9	1235400774554	1235400776948
9	1235400898888	1235400901621
9	1235400907595	1235400908648
9	1235400909160	1235400911328
9	1235401121988	1235401126486
9	1235401265361	1235401265831
9	1235401268230	1235401274258
9	1235401452877	1235401453694
9	1235401602297	1235401606517
9	1235401651670	1235401656200
9	1235401663902	1235401666119
9	1235401704277	1235401705680
9	1235401707262	1235401708409
9	1235401882404	1235401884274
9	1235402009821	1235402014288
9	1235402080825	1235402082261
9	1235402202662	1235402205222
9	1235402208894	1235402211249
9	1235402325798	1235402331407
9	1235402347305	1235402348213
9	1235402369271	1235402371308
9	1235402401250	1235402402530
9	1235402551421	1235402552814
9	1235402669237	1235402670612
9	1235402813356	1235402814521
9	1235402846543	1235402852526
9	1235402856418	1235402858494
9	1235402861661	1235402862935
9	1235402865691	1235402867512
9	1235402868892	1235402871505
9	1235402874202	1235402875245
9	1235402888298	1235402891213
9	1235402893308	1235402894870
9	1235402895161	1235402897294
9	1235402900261	1235402901919
9	1235402904178	1235402906164
9	1235402906736	1235402912201
9	1235402915320	1235402921800
9	1235402927578	1235402929168
9	1235402937816	1235402940729
9	1235403098268	1235403099426
9	1235403110496	1235403112341
9	1235403173446	1235403177278
9	1235403189864	1235403191639
9	1235403241115	1235403245182
9	1235403255299	1235403256521
9	1235403292156	1235403294636
9	1235403295485	1235403298622
10	1235398240997	1235398243164
10	1235398355358	1235398356480
13	1235373426555	1235373438978
13	1235383510996	1235383513590
14	1235373161668	1235373163529
14	1235373173457	1235373174056
14	1235373425928	1235373438489
14	1235383505535	1235383508453
14	1235383510320	1235383514404
14	1235383583645	1235383586383
14	1235383588909	1235383591512
14	1235383597805	1235383602123
14	1235403303978	1235403304839
14	1235403575796	1235403578800
15	1235372992515	1235373003015
15	1235373157529	1235373177891
15	1235373258105	1235373268780
15	1235373286922	1235373294362
15	1235373305292	1235373315959
15	1235373397167	1235373401783
15	1235382968784	1235382976151
15	1235383001278	1235383004997
15	1235383055462	1235383060462
15	1235383354458	1235383357691
15	1235383394634	1235383399541
15	1235383466002	1235383469780
15	1235383505164	1235383508240
15	1235383511532	1235383516913
15	1235383583071	1235383587173
15	1235383589404	1235383591771
15	1235383597517	1235383601511
15	1235396262838	1235396266204
15	1235396271446	1235396275279
15	1235403560820	1235403567052
15	1235403575445	1235403581661
15	1235403606765	1235403608534
15	1235407443320	1235407448928
15	1235407897193	0
16	1235372992101	1235372998123
16	1235372999139	1235373005888
16	1235373043797	1235373050587
16	1235373055176	1235373060028
16	1235373095500	1235373113665
16	1235373157350	1235373177020
16	1235373194379	1235373202021
16	1235373223337	1235373235924
16	1235373249526	1235373253941
16	1235373257596	1235373272471
16	1235373286751	1235373293998
16	1235373301509	1235373327078
16	1235373336328	1235373340281
16	1235373361849	1235373364600
16	1235373374276	1235373378839
16	1235373385057	1235373388010
16	1235373397044	1235373406602
16	1235373421104	1235373426268
16	1235373448653	1235373455659
16	1235373469781	1235373475255
16	1235373475762	1235373479926
16	1235382791092	1235382795081
16	1235382799486	1235382800608
16	1235382801466	1235382803231
16	1235382805543	1235382806691
16	1235382969196	1235382979302
16	1235382997648	1235383004253
16	1235383014001	1235383019373
16	1235383025583	1235383032213
16	1235383045278	1235383049628
16	1235383055723	1235383060367
16	1235383136161	1235383138670
16	1235383140620	1235383150537
16	1235383153830	1235383158258
16	1235383158663	1235383161858
16	1235383163266	1235383171804
16	1235383175061	1235383176892
16	1235383182749	1235383186194
16	1235383188708	1235383195408
16	1235383203418	1235383207216
16	1235383208178	1235383211042
16	1235383220327	1235383227834
16	1235383234022	1235383247080
16	1235383248874	1235383261191
16	1235383279518	1235383284643
16	1235383287884	1235383292253
16	1235383294702	1235383303907
16	1235383306220	1235383326546
16	1235383331157	1235383335406
16	1235383354099	1235383356749
16	1235383376123	1235383379810
16	1235383395229	1235383397528
16	1235383465720	1235383468859
16	1235383482103	1235383484243
16	1235383485304	1235383488328
16	1235383512420	1235383516758
16	1235383589273	1235383592901
16	1235383597410	1235383602498
16	1235396262427	1235396265282
16	1235396271279	1235396273245
16	1235403502738	1235403511346
16	1235403511951	1235403514597
16	1235403521102	1235403523692
16	1235403530850	1235403535771
16	1235403560178	1235403564813
16	1235403574116	1235403581519
16	1235403605486	1235403611674
16	1235407443193	1235407448784
16	1235407462276	1235407470248
16	1235407895994	0
17	1235373010931	1235373022006
17	1235373025623	1235373030648
17	1235373039086	1235373043598
17	1235373045802	1235373062340
17	1235373068059	1235373087800
17	1235373091935	1235373095272
17	1235373119105	1235373128592
17	1235373135061	1235373167214
17	1235373169552	1235373183891
17	1235373201808	1235373206176
17	1235373209813	1235373213397
17	1235373231148	1235373235702
17	1235373239917	1235373246263
17	1235373248302	1235373253733
17	1235373268403	1235373274123
17	1235373276723	1235373309094
17	1235373312837	1235373332848
17	1235373340201	1235373355547
17	1235373362150	1235373368553
17	1235373371512	1235373374098
17	1235373378295	1235373426066
17	1235373438644	1235373440758
17	1235373444666	1235373448453
17	1235373455459	1235373459471
17	1235373469572	1235382789259
17	1235382790827	1235382791873
17	1235382793196	1235382796479
17	1235382802501	1235382803475
17	1235382811316	1235382821226
17	1235382835321	1235382838213
17	1235382844165	1235382847249
17	1235382853237	1235382858220
17	1235382859372	1235382872528
17	1235382877192	1235382883207
17	1235382890190	1235382892797
17	1235382893095	1235382899532
17	1235382901690	1235382908587
17	1235382911516	1235382916493
17	1235382917792	1235382928591
17	1235382929472	1235382931411
17	1235382932667	1235382934257
17	1235382934640	1235382943400
17	1235382968427	1235382976525
17	1235382998302	1235383004519
17	1235383005205	1235383007127
17	1235383048270	1235383054519
17	1235383057756	1235383060901
17	1235383088377	1235383093512
17	1235383101567	1235383105863
17	1235383107837	1235383122181
17	1235383122435	1235383127267
17	1235383128497	1235383153064
17	1235383156341	1235383171327
17	1235383180019	1235383185803
17	1235383186362	1235383193022
17	1235383197901	1235383210690
17	1235383212326	1235383213087
17	1235383215819	1235383229209
17	1235383233741	1235383237236
17	1235383240718	1235383243531
17	1235383244073	1235383245806
17	1235383246766	1235383258855
17	1235383272253	1235383278374
17	1235383281531	1235383288776
17	1235383290539	1235383290779
17	1235383293769	1235383305823
17	1235383306432	1235383311297
17	1235383311901	1235383317757
17	1235383328071	1235383336193
17	1235383336949	1235383341364
17	1235383347300	1235383355082
17	1235383357498	1235383368399
17	1235383368723	1235383374473
17	1235383385979	1235383393784
17	1235383397994	1235383402414
17	1235383412522	1235383417635
17	1235383421389	1235383432841
17	1235383439158	1235383444742
17	1235383444982	1235383451159
17	1235383451575	1235383460661
17	1235383463100	1235383466262
17	1235383487617	1235383499027
17	1235383499471	1235383507643
17	1235383529408	1235383531478
17	1235383534640	1235383535783
17	1235383537893	1235383538465
17	1235383551216	1235383553054
17	1235383591616	1235383601845
17	1235396263807	1235396268177
17	1235396268926	1235396272500
17	1235403305136	1235403309781
17	1235403315022	1235403321837
17	1235403327351	1235403331982
17	1235403341936	1235403347383
17	1235403354600	1235403388748
17	1235403393191	1235403404121
17	1235403407414	1235403412488
17	1235403412974	1235403436203
17	1235403452362	1235403463523
17	1235403463814	1235403481972
17	1235403482980	1235403489201
17	1235403520350	1235403545513
17	1235403545774	1235403563800
17	1235403564191	1235403570002
17	1235403570646	1235403576096
17	1235403579596	1235403593383
17	1235403600341	1235403606413
17	1235403608914	1235403630510
17	1235407444715	1235407448604
17	1235407455266	1235407456422
17	1235407457008	1235407464508
17	1235407473139	1235407476592
17	1235407491248	1235407494237
17	1235407497325	1235407500223
17	1235407507773	1235407517016
17	1235407528468	1235407536447
17	1235407539438	1235407540574
17	1235407542820	1235407545336
17	1235407620232	1235407626241
17	1235407679470	1235407683215
17	1235407806122	1235407807764
17	1235407825711	1235407828216
17	1235407828462	1235407832992
17	1235407837252	1235407879452
17	1235407879965	1235407885343
17	1235407889842	1235407897441
18	1235373060170	1235373062098
18	1235373068265	1235373149179
18	1235373202479	1235373213749
18	1235373268937	1235373272645
18	1235373287068	1235373294457
18	1235373351336	1235373355743
18	1235373379025	1235373382715
18	1235373392610	1235373397306
18	1235373440940	1235373449005
18	1235382940238	1235382943216
18	1235382968148	1235382969997
18	1235382973890	1235382976720
18	1235382995693	1235383001399
18	1235383090174	1235383094085
18	1235383101755	1235383102512
18	1235383166234	1235383171947
18	1235383179464	1235383183033
18	1235383302944	1235383308500
18	1235383361168	1235383374203
18	1235383428196	1235383436651
18	1235383444420	1235383445282
18	1235396265584	1235396272031
18	1235403306822	1235403316758
18	1235403350778	1235403357821
18	1235403468046	1235403472551
18	1235403525278	1235403529183
18	1235403537636	1235403541163
18	1235403566758	1235403573600
18	1235403582164	1235403585927
18	1235403590568	1235403594048
18	1235403599420	1235403602540
18	1235403612173	1235403618223
18	1235403627486	1235403633011
18	1235407457326	1235407463118
18	1235407474800	1235407480000
18	1235407489118	1235407494580
18	1235407497467	1235407500652
18	1235407506809	1235407511097
18	1235407522368	1235407528610
18	1235407614955	1235407622223
18	1235407623775	1235407645493
18	1235407647203	1235407652260
18	1235407656226	1235407662276
18	1235407665030	1235407674819
18	1235407677693	1235407679192
18	1235407680510	1235407692472
18	1235407692783	1235407698393
18	1235407699997	1235407716482
18	1235407717133	1235407725310
18	1235407726898	1235407755230
18	1235407756509	1235407762291
18	1235407762810	1235407765269
18	1235407810268	1235407812063
18	1235407843473	1235407846530
18	1235407852818	1235407855411
18	1235407855931	1235407872129
18	1235407888321	0
19	1235373033876	1235373039241
19	1235373268581	1235373283510
19	1235373378464	1235373385413
19	1235373388319	1235373396867
19	1235382784370	1235382787655
19	1235383168075	1235383172157
19	1235383176556	1235383182410
19	1235383428444	1235383438480
19	1235383441371	1235383447194
19	1235403629558	1235403635877
19	1235407856764	1235407860167
20	1235373277246	1235373280930
20	1235373382533	1235373384889
20	1235373387797	1235373392423
20	1235383171624	1235383172461
20	1235383173938	1235383182549
20	1235383435860	1235383445516
21	1235403632701	0
29	1235370884794	1235370888002
29	1235370962844	1235370967372
29	1235374290557	1235374293123
29	1235377385905	1235377389515
29	1235380126617	0
30	1235371543600	1235371547656
30	1235374290235	1235374293230
31	1235408084986	1235408111723
31	1235408141818	1235408153638
31	1235408162834	1235408165328
31	1235408183218	1235408189890
31	1235408192307	1235408199830
31	1235408202158	1235408210552
31	1235408216395	1235408232396
31	1235408235272	1235408244473
31	1235408308332	1235408316842
31	1235408326100	1235408336276
31	1235408345782	1235408354329
31	1235408365649	1235408371217
31	1235408380298	1235408384863
31	1235408398322	1235408403201
31	1235408405450	1235408410408
31	1235408428748	1235408437249
31	1235408471061	1235408482469
31	1235408500867	1235408506464
31	1235408509940	1235408514028
31	1235408542341	1235408548282
31	1235408550224	1235408551462
31	1235408553090	1235408554598
31	1235408554872	1235408555870
31	1235408562312	1235408575698
31	1235408576928	1235408578950
31	1235408579891	1235408585293
31	1235408594338	1235408600300
31	1235408614781	1235408617208
31	1235408620207	1235408621454
31	1235408624120	1235408628327
31	1235408635338	1235408639820
31	1235408657347	1235408658611
31	1235408667348	1235408671471
31	1235408676298	1235408677832
31	1235408681255	1235408683412
31	1235408692218	1235408697267
31	1235408698005	1235408700556
31	1235408703219	1235408704898
31	1235408713970	1235408718318
31	1235408725160	1235408727209
31	1235408754358	1235408760258
31	1235408769254	1235408771133
31	1235408772400	1235408773551
31	1235408785850	1235408787639
31	1235408793196	1235408799338
31	1235408810169	1235408814169
31	1235408832257	1235408835519
31	1235408838272	1235408848143
31	1235408860644	1235408863120
31	1235408863851	1235408865194
31	1235408871560	1235408875731
31	1235408878123	1235408883340
31	1235408889260	1235408889544
31	1235408890410	1235408892918
31	1235408893439	1235408895254
31	1235408899820	1235408904226
31	1235408905721	1235408910428
31	1235408912019	1235408913720
31	1235408928831	1235408931197
31	1235408932083	1235408934276
31	1235408946311	1235408948027
31	1235408949327	1235408954151
31	1235408956682	1235408960560
31	1235408975477	1235408980588
31	1235408987506	1235408993409
31	1235408995252	1235408996062
31	1235408997096	1235409001893
31	1235409011719	1235409016197
31	1235409028678	1235409030308
31	1235409031352	1235409036324
31	1235409037592	1235409038254
31	1235409040256	1235409044770
31	1235409046936	1235409052659
31	1235409055307	1235409058797
31	1235409071269	1235409073849
31	1235409076371	1235409086808
31	1235409116549	1235409118413
31	1235409124418	1235409126201
31	1235409127448	1235409131545
31	1235409139949	1235409143450
31	1235409148333	1235409155268
31	1235409164399	1235409170626
31	1235409173500	1235409178689
31	1235409212648	1235409221700
31	1235409235626	1235409238582
31	1235409243308	1235409247749
31	1235409285868	1235409288442
31	1235409303902	1235409307206
31	1235409309352	1235409312845
31	1235409328912	1235409334871
31	1235409342646	1235409345808
31	1235409351438	1235409352130
31	1235409360612	1235409365608
31	1235409368236	1235409372686
31	1235409381247	1235409383156
31	1235409388031	1235409389202
31	1235409396209	1235409399324
31	1235409411527	1235409414258
31	1235409418200	1235409420423
31	1235409421194	1235409423231
31	1235409448692	1235409452076
31	1235409453273	1235409457408
31	1235409460630	1235409462740
31	1235409466400	1235409471275
31	1235409471722	1235409482536
31	1235409484626	1235409493608
31	1235409498258	1235409499531
31	1235409501597	1235409502590
31	1235409507248	1235409510639
31	1235409520002	1235409522268
31	1235409529102	1235409537283
31	1235409540566	1235409546354
31	1235409550471	1235409555532
31	1235409556660	1235409560534
31	1235409562184	1235409567062
31	1235409567360	1235409569796
31	1235409577244	1235409577880
31	1235409578400	1235409580444
31	1235409584057	1235409589550
31	1235409601309	1235409608679
31	1235409613496	1235409614796
31	1235409620997	1235409624180
31	1235409627764	1235409631777
31	1235409646824	1235409649278
31	1235409656324	1235409663843
31	1235409665951	1235409671937
31	1235409676394	1235409679675
31	1235409680246	1235409681283
31	1235409682409	1235409688298
31	1235409695883	1235409701993
31	1235409710597	1235409712891
31	1235409723198	1235409728428
31	1235409729027	1235409730154
31	1235409737777	1235409744620
31	1235409749268	1235409753079
31	1235409754148	1235409758201
31	1235409758484	1235409761744
31	1235409762175	1235409763270
31	1235409765951	1235409770543
31	1235409789605	1235409793458
31	1235409803188	1235409805281
31	1235409821384	1235409827278
31	1235409827560	1235409830210
31	1235409834867	1235409846095
31	1235409846379	1235409857578
31	1235409869311	1235409873779
31	1235409879408	1235409883323
31	1235409884364	1235409887311
31	1235409908422	1235409909319
31	1235409912193	1235409914163
31	1235409917660	1235409918748
31	1235409920139	1235409921618
31	1235409924323	1235409926150
31	1235409928198	1235409941840
31	1235409969599	1235409987631
31	1235409992374	1235409993124
31	1235409994031	1235409995579
31	1235409996428	1235410001448
31	1235410007298	1235410007820
31	1235410010274	1235410011946
31	1235410012324	1235410017967
31	1235410019403	1235410020404
31	1235410049210	1235410052958
31	1235410055262	1235410056568
31	1235410056980	1235410059080
31	1235410061097	1235410061602
31	1235410067231	1235410071530
31	1235410085302	1235410089408
31	1235410089778	1235410094312
31	1235410097277	1235410098333
31	1235410101864	1235410105176
31	1235410124578	1235410133128
31	1235410139138	1235410142269
31	1235410161581	1235410163347
31	1235410194367	1235410198007
31	1235410205254	1235410206797
31	1235410208276	1235410209531
31	1235410242638	1235410251611
31	1235410254850	1235410262769
31	1235410265201	1235410272369
31	1235410274278	1235410280617
31	1235410291167	1235410295291
31	1235410296410	1235410298648
31	1235410334371	1235410337673
31	1235410340311	1235410344041
31	1235410344930	1235410349804
31	1235410350501	1235410362497
31	1235410362769	1235410367268
31	1235410417774	1235410433800
31	1235410437558	1235410441036
31	1235410441314	1235410464364
31	1235410464644	1235410470240
31	1235410474394	1235410476346
31	1235410520394	1235410521826
31	1235410527678	1235410530517
31	1235410536320	1235410537204
31	1235410560231	1235410562029
31	1235410562325	1235410567879
31	1235410615648	1235410617368
31	1235410629234	1235410634274
31	1235410635283	1235410642993
31	1235410644274	1235410645607
31	1235410646257	1235410650981
31	1235410653871	1235410659462
31	1235410660700	1235410663868
31	1235410665280	1235410668364
31	1235410674360	1235410679188
31	1235410680459	1235410681600
31	1235410687276	1235410693032
31	1235410693761	1235410703114
31	1235410706314	1235410707768
31	1235410710366	1235410720981
31	1235410725968	1235410740294
31	1235410744607	1235410747508
31	1235410888433	1235410889063
31	1235410891188	1235410892330
31	1235410942242	1235410943250
31	1235411012512	1235411015591
31	1235411026171	1235411039958
31	1235411044354	1235411050278
31	1235411080366	1235411089028
31	1235411092360	1235411099326
31	1235411102981	1235411105271
31	1235411106837	1235411108927
31	1235411114228	1235411115308
31	1235411138607	1235411141293
31	1235411145350	1235411147220
31	1235411172441	1235411174448
31	1235411186420	1235411189412
31	1235411201311	1235411202065
31	1235411221058	1235411222823
31	1235411234509	1235411236268
31	1235411243434	1235411247019
31	1235411265601	1235411267222
31	1235411276250	1235411277100
31	1235411282278	1235411285491
31	1235411286451	1235411289638
31	1235411318218	1235411321550
31	1235411329206	1235411333343
31	1235411342259	1235411342900
31	1235411343529	1235411345374
31	1235411357308	1235411381231
31	1235411382318	1235411385266
31	1235411391909	1235411393296
31	1235411397294	1235411404138
31	1235411411047	1235411413159
31	1235411413661	1235411415451
31	1235411465158	1235411466722
31	1235411481269	1235411485098
31	1235411488439	1235411501206
31	1235411574468	1235411575455
31	1235411578810	0
32	1235408032668	1235408040619
32	1235408109724	1235408114436
32	1235408127130	1235408140211
32	1235408198804	1235408202683
32	1235408231550	1235408234806
32	1235409960493	1235409965216
32	1235409966095	1235409971297
32	1235410349591	1235410353155
32	1235410353488	1235410358139
34	1235427557924	1235427561112
34	1235427562944	1235427566592
34	1235427713217	1235427714432
34	1235427725143	1235427734250
34	1235427737210	1235427741071
34	1235427746166	1235427760030
34	1235427770982	1235427779950
34	1235427809300	1235427812621
34	1235427817282	1235427818828
34	1235427867230	1235427869310
34	1235428047149	1235428050716
34	1235428056252	1235428056883
34	1235428057709	1235428059188
34	1235428155353	1235428158250
34	1235428176421	1235428179205
34	1235428182273	1235428185181
34	1235428191220	1235428191878
34	1235428279241	1235428283672
34	1235428284049	1235428286216
34	1235428288405	1235428300833
34	1235428302051	1235428309566
34	1235428309805	1235428310924
34	1235428316803	1235428322430
34	1235428322722	1235428328893
34	1235428349466	1235428356002
34	1235428370367	1235428375139
34	1235428452186	1235428466222
34	1235428467071	1235428468721
34	1235428514398	1235428519643
34	1235428574107	1235428577192
34	1235428598443	1235428599294
34	1235428599615	1235428601524
34	1235428703248	1235428704724
34	1235428715250	1235428716534
34	1235428733155	1235428742225
34	1235428834062	1235428838252
34	1235428845573	1235428851222
34	1235428875966	1235428890303
34	1235428896654	1235428909398
34	1235428932592	1235428953230
34	1235428963946	1235428965197
34	1235428965830	1235428967281
34	1235429257863	1235429262248
34	1235429630351	1235429632183
34	1235429690133	1235429691000
34	1235429702282	1235429703686
34	1235429708731	1235429714278
34	1235429796607	1235429799183
35	1235370920452	1235370928491
35	1235427245094	1235427246942
35	1235427548230	1235427550334
35	1235427564290	1235427568517
35	1235427591133	1235427592934
35	1235427600168	1235427605188
35	1235427659185	1235427660000
35	1235427681165	1235427684189
35	1235427690357	1235427692459
35	1235427692886	1235427695406
35	1235427695854	1235427699266
35	1235427702135	1235427704591
35	1235427705277	1235427707203
35	1235427711909	1235427728691
35	1235427755543	1235427763144
35	1235427767150	1235427767868
35	1235427768559	1235427774330
35	1235427776236	1235427781110
35	1235427786040	1235427791221
35	1235427791534	1235427794191
35	1235427804499	1235427806230
35	1235427807691	1235427810457
35	1235427818427	1235427819214
35	1235427840454	1235427843540
35	1235427845220	1235427846180
35	1235427854290	1235427855010
35	1235427912879	1235427917427
35	1235427922628	1235427924193
35	1235427984185	1235427984518
35	1235428173342	1235428174361
35	1235428176560	1235428176964
35	1235428260075	1235428262703
35	1235428276867	1235428295168
35	1235428296193	1235428298657
35	1235428299032	1235428301214
35	1235428303372	1235428303891
35	1235428306540	1235428315335
35	1235428315852	1235428318174
35	1235428322871	1235428327920
35	1235428346160	1235428352736
35	1235428354232	1235428354497
35	1235428370070	1235428375861
35	1235428450254	1235428459363
35	1235428463497	1235428468350
35	1235428499060	1235428501119
35	1235428513250	1235428519800
35	1235428574699	1235428577337
35	1235428589253	1235428590965
35	1235428597225	1235428601671
35	1235428616165	1235428619140
35	1235428620628	1235428635280
35	1235428701604	1235428706783
35	1235428713318	1235428721197
35	1235428731582	1235428742373
35	1235428834344	1235428837868
35	1235428876106	1235428878230
35	1235428884661	1235428886305
35	1235428887429	1235428888866
35	1235428890448	1235428893255
35	1235428893522	1235428900999
35	1235428903857	1235428909661
35	1235428910139	1235428911980
35	1235428933936	1235428936735
35	1235428939878	1235428941507
35	1235428950895	1235428953397
35	1235428962305	1235428965339
35	1235428966780	1235428969404
35	1235429257432	1235429260381
35	1235429522259	1235429527048
35	1235429630634	1235429633257
35	1235429702449	1235429703412
35	1235429772649	1235429775186
35	1235429835420	1235429839555
35	1235429845867	1235429849145
36	1235371543949	1235371547858
36	1235374289566	1235374293367
37	1235370885074	1235370894922
37	1235370954271	1235370967510
37	1235371547491	1235371555494
37	1235372180639	1235372184160
37	1235372480519	1235372488859
37	1235372508568	1235372512250
37	1235374292492	1235374296489
37	1235374428137	1235374440406
37	1235374455180	1235374459299
37	1235374459641	1235374467342
37	1235374518862	1235374522159
37	1235377387072	1235377394570
37	1235377395622	1235377397791
37	1235377412417	1235377415444
37	1235377416173	1235377418242
37	1235377418510	1235377424230
37	1235377431768	1235377437782
37	1235379082176	1235379082993
37	1235379190327	1235379192028
37	1235379232181	1235379233762
37	1235379238639	1235379245032
37	1235379245522	1235379247931
37	1235379248206	1235379259139
37	1235379260940	1235379262181
37	1235379267090	1235379271249
37	1235379272186	1235379278735
37	1235379283199	1235379289146
37	1235379289522	1235379296600
37	1235379298497	1235379312035
37	1235379316409	1235379329587
37	1235379355246	1235379355851
37	1235379367844	1235379383271
37	1235379404252	1235379409141
37	1235379410998	1235379415238
37	1235379421764	1235379428888
37	1235380116182	1235380117375
37	1235380121047	1235380127360
38	1235370890937	1235370899670
38	1235370950912	1235370958787
38	1235370963483	1235370967978
38	1235371555696	1235371582938
38	1235372174797	1235372207398
38	1235372217327	1235372233201
38	1235372236639	1235372270057
38	1235372274069	1235372280799
38	1235372298689	1235372353529
38	1235372356104	1235372387628
38	1235372388027	1235372393929
38	1235372406441	1235372410825
38	1235372423865	1235372438925
38	1235372441568	1235372473974
38	1235372476321	1235372489067
38	1235372491097	1235372495292
38	1235372501100	1235372504070
38	1235372504351	1235372512573
38	1235374293677	1235374351327
38	1235374353360	1235374354282
38	1235374360768	1235374367310
38	1235374368506	1235374384855
38	1235374392910	1235374399166
38	1235374400137	1235374410967
38	1235374428949	1235374442022
38	1235374443722	1235374444433
38	1235374445201	1235374447908
38	1235374448218	1235374452636
38	1235374453355	1235374458476
38	1235374464712	1235374467664
38	1235374501438	1235374503672
38	1235374504979	1235374506908
38	1235374507670	1235374509473
38	1235374518398	1235374522352
38	1235377388278	1235377400298
38	1235377409518	1235377416366
38	1235377420345	1235377424435
38	1235377430271	1235377442544
38	1235378832660	1235378847439
38	1235378848070	1235378862463
38	1235378865258	1235378866268
38	1235378869650	1235378879116
38	1235378879375	1235378898221
38	1235378898824	1235378901532
38	1235378901842	1235378910566
38	1235378911260	1235378919208
38	1235378920880	1235378926349
38	1235378927200	1235378931177
38	1235378931437	1235378935276
38	1235378937222	1235379003564
38	1235379004170	1235379099806
38	1235379102119	1235379103079
38	1235379103710	1235379105581
38	1235379108254	1235379187391
38	1235379192361	1235379205337
38	1235379217103	1235379219009
38	1235379220841	1235379233512
38	1235379236639	1235379238846
38	1235379256318	1235379259345
38	1235379266910	1235379277408
38	1235379278367	1235379280431
38	1235379302156	1235379313588
38	1235379313864	1235379323077
38	1235379324054	1235379376199
38	1235379376810	1235379411294
38	1235379412516	1235379451256
38	1235379494330	1235379495479
38	1235379499277	1235379534999
38	1235379538180	1235379552319
38	1235379552632	1235379569278
38	1235379569589	1235379606028
38	1235379606704	1235379614894
38	1235379618778	1235379624019
38	1235379627148	1235379638611
38	1235379644128	1235379645224
38	1235379659390	1235379662258
38	1235379674349	1235379675573
38	1235379682078	1235379684118
38	1235379689275	1235379693518
38	1235379696498	1235379698622
38	1235379701439	1235379704279
38	1235379709230	1235379716223
38	1235379718280	1235379723358
38	1235379737648	1235379740893
38	1235379761297	1235379769848
38	1235379771408	1235379778247
38	1235379780219	1235379783779
38	1235379786188	1235379793765
38	1235379797452	1235379801384
38	1235379808474	1235379810248
38	1235379819268	1235379823117
38	1235379838027	1235379843226
38	1235379849151	1235379850558
38	1235379852231	1235379856310
38	1235379858281	1235379862279
38	1235379885159	1235379888356
38	1235379898913	1235379904557
38	1235379906260	1235379909667
38	1235379913646	1235379917347
38	1235379924848	1235379928650
38	1235379934478	1235379939263
38	1235379940008	1235379942672
38	1235379943121	1235379945268
38	1235379954124	1235379957218
38	1235379957750	1235379961910
38	1235379967578	1235379974082
38	1235379978550	1235379984398
38	1235379987781	1235379991934
38	1235379992230	1235379996769
38	1235380003612	1235380006510
38	1235380023247	1235380024192
38	1235380033397	1235380047394
38	1235380058581	1235380069814
38	1235380070868	1235380100755
38	1235380105900	1235380127653
39	1235370895478	1235370899840
39	1235370951068	1235370954627
39	1235371575528	1235371587495
39	1235371623224	1235371631898
39	1235372093300	1235372101765
39	1235372106768	1235372109327
39	1235372117158	1235372125320
39	1235372127828	1235372128152
39	1235372143378	1235372152367
39	1235372155488	1235372163474
39	1235372168097	1235372170232
39	1235372174951	1235372180846
39	1235372274215	1235372280966
39	1235372384020	1235372390325
39	1235372484186	1235372495415
39	1235372498495	1235372509090
39	1235374299117	1235374299775
39	1235377396310	1235377401327
39	1235377404614	1235377410184
39	1235377422337	1235377436369
39	1235377438120	1235377446478
39	1235377464369	1235377469191
39	1235378708090	1235378715376
39	1235378727777	1235378731159
39	1235378733298	1235378734326
39	1235378736512	1235378742210
39	1235378745598	1235378748219
39	1235378764989	1235378766470
39	1235378787548	1235378790240
39	1235378799174	1235378815677
39	1235378827938	1235378833750
39	1235380097391	1235380102529
39	1235380105318	1235380108490
40	1235370895758	1235370905374
40	1235370940710	1235370958886
40	1235371583164	1235371603289
40	1235371615603	1235371626324
40	1235372278535	1235372281124
40	1235372285638	1235372289642
40	1235372384510	1235372390050
40	1235377397550	1235377410562
40	1235377440167	1235377446198
40	1235377464633	1235377466708
40	1235377475647	1235377476698
40	1235377476991	1235377478994
40	1235378812053	1235378814227
40	1235378823730	1235378832812
40	1235380099804	1235380109156
41	1235370895203	1235370907980
41	1235370942690	1235370947009
41	1235370950782	1235370954478
41	1235371582775	1235371598490
41	1235371615478	1235371626205
41	1235372278244	1235372289298
41	1235372384801	1235372389893
41	1235377398184	1235377409372
41	1235377441227	1235377445596
41	1235378824702	1235378831337
41	1235380099470	1235380108334
42	1235370963328	1235370967726
43	1235370881240	1235370888132
43	1235370962998	1235370972442
43	1235377383101	1235377386526
43	1235380127962	0
44	1235375117732	1235375121572
44	1235375422173	1235375426316
44	1235377171064	1235377171981
44	1235377172272	1235377174197
44	1235377189580	1235377194469
44	1235377206318	1235377386821
44	1235380129817	1235380144501
44	1235380488686	1235380489117
44	1235380527329	1235380531591
44	1235380575386	1235380578226
44	1235380971933	1235380974782
44	1235381083168	1235381087888
44	1235382176344	1235382179197
44	1235382626052	1235382632498
45	1235374530260	1235374536713
45	1235374537014	1235374537925
45	1235374575840	1235374578112
45	1235374584498	1235374585554
45	1235374585825	1235374588438
45	1235374590210	1235374591249
45	1235374591968	1235374593920
45	1235374605132	1235374606012
45	1235374612777	1235374617469
45	1235374978191	1235374980150
45	1235375112578	1235375119267
45	1235375425020	1235375427516
45	1235375428514	1235375430497
45	1235375441017	1235375442513
45	1235375554219	1235375560191
45	1235375572293	1235375582922
45	1235375588417	1235375590257
45	1235375704267	1235375708651
45	1235375753873	1235375755392
45	1235375760076	1235375764167
45	1235375764684	1235375767314
45	1235375769151	1235375773157
45	1235375788722	1235375797482
45	1235375806222	1235375812222
45	1235375864250	1235375867667
45	1235375867949	1235375870854
45	1235375906252	1235375917024
45	1235375917329	1235375918819
45	1235375933227	1235375936892
45	1235375937148	1235375945120
45	1235375951267	1235375957641
45	1235375958324	1235375961552
45	1235376025237	1235376026625
45	1235376077847	1235376081170
45	1235376128257	1235376131281
45	1235376173192	1235376176552
45	1235376182234	1235376188203
45	1235376197174	1235376206171
45	1235376210297	1235376212274
45	1235376213145	1235376215154
45	1235376228132	1235376230732
45	1235376237246	1235376240567
45	1235376287254	1235376291100
45	1235376305607	1235376307082
45	1235376311209	1235376312567
45	1235376343117	1235376344938
45	1235376404306	1235376408422
45	1235376422832	1235376428211
45	1235376428910	1235376431247
45	1235376441232	1235376444902
45	1235376480048	1235376481877
45	1235376509400	1235376511587
45	1235376520222	1235376523158
45	1235376524317	1235376533463
45	1235376647546	1235376652199
45	1235376696278	1235376700273
45	1235376722467	1235376727340
45	1235376730582	1235376736199
45	1235376770157	1235376777414
45	1235376777896	1235376785364
45	1235376786644	1235376792297
45	1235376792574	1235376807302
45	1235376807824	1235376821122
45	1235376848466	1235376858931
45	1235376881721	1235376884342
45	1235376940231	1235376946267
45	1235376953202	1235376956086
45	1235377082453	1235377086552
45	1235377147612	1235377152242
45	1235377168401	1235377174445
45	1235377188132	1235377191469
45	1235377191727	1235377194697
45	1235380162782	1235380165218
45	1235380485842	1235380488374
45	1235380504783	1235380506778
45	1235380587212	1235380615777
45	1235380619266	1235380631261
45	1235380633180	1235380634635
45	1235380639636	1235380641310
45	1235380669877	1235380672200
45	1235380676778	1235380684179
45	1235380684686	1235380687167
45	1235380691179	1235380694348
45	1235380699156	1235380707202
45	1235380733864	1235380741692
45	1235380753864	1235380757802
45	1235380768472	1235380772962
45	1235380777184	1235380781379
45	1235380783284	1235380786416
45	1235380789174	1235380793438
45	1235380821230	1235380834128
45	1235380888296	1235380894780
45	1235380964192	1235380976428
45	1235381105490	1235381116014
45	1235381120536	1235381133709
45	1235381134306	1235381141250
45	1235381141483	1235381144217
45	1235381162485	1235381165192
45	1235381172121	1235381175382
45	1235381196275	1235381200071
45	1235381201293	1235381210159
45	1235381210577	1235381216467
45	1235381225152	1235381226060
45	1235381226501	1235381228752
45	1235381255674	1235381261637
45	1235381323425	1235381327096
45	1235381332644	1235381336152
45	1235381338563	1235381343228
45	1235381346730	1235381349463
45	1235381350086	1235381352272
45	1235381368329	1235381370368
45	1235381380513	1235381386299
45	1235381386892	1235381391237
45	1235381397138	1235381398219
45	1235381411425	1235381412546
45	1235381415502	1235381418692
45	1235381430281	1235381436244
45	1235381447032	1235381450071
45	1235381494488	1235381496084
45	1235381548410	1235381550302
45	1235381550990	1235381553357
45	1235381554491	1235381556446
45	1235381575368	1235381579710
45	1235381597842	1235381599453
45	1235381609152	1235381611113
45	1235381620312	1235381622118
45	1235381630732	1235381632732
45	1235381642922	1235381644892
45	1235381655232	1235381657749
45	1235381666864	1235381668818
45	1235381678978	1235381681447
45	1235381687765	1235381692172
45	1235381722291	1235381722728
45	1235381764170	1235381765060
45	1235381770264	1235381771974
45	1235381773611	1235381774682
45	1235381849388	1235381851187
45	1235381886236	1235381893212
45	1235381941091	1235381942258
45	1235381959275	1235381962195
45	1235381969801	1235381976176
45	1235382099272	1235382101199
45	1235382103212	1235382104612
45	1235382154566	1235382158932
45	1235382164832	1235382167621
45	1235382168898	1235382170904
45	1235382173276	1235382174254
45	1235382182761	1235382191831
45	1235382218249	1235382227369
45	1235382230913	1235382233668
45	1235382234076	1235382248069
45	1235382261070	1235382267896
45	1235382269132	1235382270012
45	1235382270402	1235382272382
45	1235382291514	1235382296686
45	1235382302927	1235382305199
45	1235382306476	1235382317226
45	1235382323503	1235382329174
45	1235382376310	1235382386277
45	1235382389244	1235382393820
45	1235382396946	1235382406211
45	1235382410249	1235382414781
45	1235382433054	1235382434239
45	1235382440207	1235382443199
45	1235382446188	1235382449972
45	1235382522347	1235382534272
45	1235382540178	1235382553284
45	1235382570593	1235382583823
45	1235382584089	1235382592822
47	1235427811262	1235427815538
47	1235428601199	1235428604927
47	1235428703887	1235428706185
50	1235370967852	1235377386273
50	1235380129485	0
51	1235373081441	1235373083209
51	1235373128801	1235373138759
51	1235373351176	1235373378676
51	1235382940662	1235382973269
51	1235382974424	1235383000269
51	1235383303752	1235383307330
51	1235383363438	1235383368929
51	1235383430713	1235383435584
51	1235383496345	1235383501311
51	1235396266046	1235396269367
51	1235403307956	1235403313350
51	1235403537487	1235403542448
51	1235403591183	1235403600659
51	1235407632392	1235407634278
51	1235407650224	1235407652104
51	1235407654759	1235407657262
51	1235407663409	1235407665371
51	1235407669609	1235407674473
51	1235407683551	1235407687248
51	1235407687890	1235407692190
51	1235407695928	1235407698255
51	1235407710527	1235407713198
51	1235407732071	1235407734178
51	1235407749954	1235407753737
51	1235407754928	1235407756922
51	1235407810561	1235407811527
51	1235407812367	1235407814369
51	1235407843313	1235407846220
51	1235407858278	1235407859238
51	1235407865640	1235407872422
51	1235407894737	0
