6	1233821087941	1233821093497
6	1233821135407	1233821138037
6	1233821274207	1233821277890
7	1233821087641	1233821090399
7	1233821275319	1233821280194
7	1233856801428	0
8	1233817512440	1233817516641
8	1233821085096	1233821090043
8	1233821277246	1233821279989
8	1233855733293	1233855736112
9	1233817853803	1233817888125
9	1233818774769	1233818778166
9	1233818792799	1233818796112
9	1233818833241	1233818835536
9	1233818841070	1233818842107
9	1233818899868	1233818905457
9	1233818929926	1233818933477
9	1233818959775	1233818960598
9	1233818981672	1233818983897
9	1233818990356	1233818996680
9	1233819058596	1233819059609
9	1233819067500	1233819068447
9	1233819092670	1233819094407
9	1233819118987	1233819119838
9	1233819157440	1233819160036
9	1233819177586	1233819181517
9	1233819187169	1233819189682
9	1233819244510	1233819250068
9	1233819259476	1233819264466
9	1233819286968	1233819294447
9	1233819303826	1233819310407
9	1233819329269	1233819333787
9	1233819379356	1233819385420
9	1233819385685	1233819387569
9	1233819388468	1233819390835
9	1233819391108	1233819393665
9	1233819412137	1233819414848
9	1233819421576	1233819422065
9	1233819453661	1233819455137
9	1233819470226	1233819474356
9	1233819485838	1233819489279
9	1233819493943	1233819497997
9	1233819545253	1233819547688
9	1233819560046	1233819560451
9	1233819780660	1233819781286
9	1233819857277	1233819858579
9	1233819943235	1233819944047
9	1233819948626	1233819953050
9	1233819955341	1233819955940
9	1233819958995	1233819962265
9	1233820047301	1233820054000
9	1233820143331	1233820146475
9	1233820155186	1233820156236
9	1233820164816	1233820166752
9	1233820169396	1233820170876
9	1233820171152	1233820175937
9	1233820180259	1233820182322
9	1233820184807	1233820188482
9	1233820208962	1233820212285
9	1233820217936	1233820221586
9	1233820254146	1233820257354
9	1233820260089	1233820261299
9	1233820385538	1233820391339
9	1233820417622	1233820419165
9	1233820420616	1233820423867
9	1233820727631	1233820728314
9	1233820749918	1233820751929
9	1233820754640	1233820758717
9	1233820806422	1233820808517
9	1233820822089	1233820827246
9	1233820921227	1233820922857
9	1233820988297	1233820991015
9	1233821006813	1233821012927
9	1233821037131	1233821039136
9	1233821040306	1233821045750
9	1233821085233	1233821088243
9	1233821277484	1233821281163
9	1233821285905	1233821291662
9	1233821456400	1233821457379
9	1233821458360	1233821460803
9	1233821466277	1233821468669
9	1233821570996	1233821575632
9	1233822008035	1233822010244
9	1233822037608	1233822039541
9	1233822179677	1233822181336
9	1233822212607	1233822215410
9	1233822224640	1233822225245
9	1233822228273	1233822228619
9	1233822285707	1233822287427
9	1233822288231	1233822290901
9	1233822366683	1233822369243
9	1233822407397	1233822409127
9	1233822416347	1233822416909
9	1233822417282	1233822420000
9	1233822421149	1233822422417
9	1233822445246	1233822446639
9	1233822464107	1233822466867
9	1233822492548	1233822494276
9	1233822626232	1233822629996
9	1233822657248	1233822661688
9	1233822678079	1233822681016
9	1233822721953	1233822725397
9	1233822834937	1233822835459
9	1233822862598	1233822864706
9	1233822867750	1233822871160
9	1233822999582	1233823003187
9	1233823014437	1233823015592
9	1233823106737	1233823108707
9	1233823160346	1233823160628
9	1233823163935	1233823166086
9	1233823190646	1233823193907
9	1233823247363	1233823250480
9	1233823275203	1233823277351
9	1233823295109	1233823297689
9	1233823298270	1233823301420
9	1233823375043	1233823378339
9	1233823378996	1233823380790
9	1233823386567	1233823389916
9	1233823498195	1233823503752
9	1233823546384	1233823551440
9	1233823585598	1233823587457
9	1233823602943	1233823605749
9	1233832947379	1233832951158
9	1233833276724	1233833277052
9	1233833401733	1233833405394
9	1233833418279	1233833421973
9	1233833446076	1233833449647
9	1233833477749	1233833483935
9	1233833540092	1233833544491
9	1233833772424	1233833774930
9	1233855733435	1233855736773
10	1233818774961	1233818775790
10	1233818790797	1233818792961
10	1233818897849	1233818900962
10	1233819056997	1233819058889
10	1233819557723	1233819561041
10	1233819790329	1233819792385
10	1233819951879	1233819955484
10	1233820281000	1233820284667
10	1233820806741	1233820808630
10	1233820861225	1233820866929
10	1233820986217	1233820991166
10	1233820994427	1233820996532
10	1233820996939	1233820998050
10	1233820999715	1233821002567
10	1233821090960	1233821096056
10	1233821096569	1233821099191
10	1233821123238	1233821123840
10	1233821165976	1233821167712
10	1233821168034	1233821174109
10	1233821180187	1233821182851
10	1233821185496	1233821187338
10	1233821274390	1233821274860
10	1233821454099	1233821456761
10	1233821466689	1233821471917
10	1233822224965	1233822228367
10	1233822286002	1233822289291
10	1233822380309	1233822384247
10	1233822563129	1233822564164
10	1233823037429	1233823041693
10	1233823066968	1233823067361
10	1233823080227	1233823084497
10	1233823291765	1233823292077
10	1233823539612	1233823542761
10	1233823546682	1233823549679
10	1233823582449	1233823585750
10	1233832934966	1233832937260
10	1233832966920	1233832972033
11	1233821093271	1233821098990
11	1233821176885	1233821177163
11	1233821273995	1233821274673
12	1233821045543	1233821049118
12	1233821075362	1233821081549
13	1233817811050	1233817813865
13	1233821042422	1233821047747
13	1233821078781	1233821085335
13	1233833839644	1233833844278
14	1233817807351	1233817810337
14	1233817811314	1233817815684
14	1233817886121	1233817890998
14	1233818771740	1233818775334
14	1233821042020	1233821045266
14	1233821080922	1233821085536
14	1233823605584	1233832939632
14	1233833276404	1233833281498
14	1233833310788	1233833313781
14	1233833405158	1233833407844
14	1233833412455	1233833415828
14	1233833777398	1233833781751
14	1233833839049	1233833844069
15	1233817513084	1233817521451
15	1233817723907	1233817726519
15	1233817805449	1233817810057
15	1233817813383	1233817816477
15	1233817852176	1233817855996
15	1233817888273	1233817892199
15	1233832940126	1233832947502
15	1233833277336	1233833282462
15	1233833777852	1233833782700
15	1233833844392	1233833849594
15	1233855734216	1233855739065
16	1233815042251	1233815052427
16	1233815062108	1233815066735
16	1233817517009	1233817524697
16	1233817731385	1233817733069
16	1233817735092	1233817744059
16	1233817762608	1233817765247
16	1233817805131	1233817809358
16	1233817813753	1233817816339
16	1233817824981	1233817828486
16	1233817829341	1233817834933
16	1233817835519	1233817853271
16	1233817893672	1233817912687
16	1233817931014	1233817941684
16	1233817968274	1233817977286
16	1233832458315	1233832462293
16	1233832662856	1233832667247
16	1233832930444	1233832934652
16	1233832939841	1233832947056
16	1233833277768	1233833282310
16	1233833778247	1233833782575
16	1233855736481	1233855738935
17	1233815032732	1233815052219
17	1233815058319	1233815061875
17	1233815066518	1233815071906
17	1233815075410	1233815081083
17	1233817521220	1233817527430
17	1233817530422	1233817536230
17	1233817539422	1233817542636
17	1233817545235	1233817548179
17	1233817551055	1233817553243
17	1233817557452	1233817562501
17	1233817565375	1233817574765
17	1233817589483	1233817598481
17	1233817611038	1233817615994
17	1233817621264	1233817622817
17	1233817630717	1233817634089
17	1233817634483	1233817643784
17	1233817646135	1233817648509
17	1233817649152	1233817656605
17	1233817659879	1233817665311
17	1233817669228	1233817672372
17	1233817675213	1233817680999
17	1233817702501	1233817710608
17	1233817740648	1233817741790
17	1233817760080	1233817764885
17	1233817776677	1233817783670
17	1233817785972	1233817804601
17	1233817807476	1233817810488
17	1233817815829	1233817825720
17	1233817843271	1233817845908
17	1233817910186	1233817935917
17	1233817939257	1233817953598
17	1233817965427	1233817970785
17	1233817974641	1233817978066
17	1233832422183	1233832430266
17	1233832447683	1233832462148
17	1233832488080	1233832504779
17	1233832509034	1233832530142
17	1233832544490	1233832548567
17	1233832566924	1233832571692
17	1233832575883	1233832589874
17	1233832598729	1233832608069
17	1233832627995	1233832641077
17	1233832644280	1233832651575
17	1233832667098	1233832671203
17	1233832676843	1233832702379
17	1233832706889	1233832718196
17	1233832721857	1233832749981
17	1233832763700	1233832771668
17	1233832771951	1233832776772
17	1233832788342	1233832796490
17	1233832799879	1233832816071
17	1233832819460	1233832822058
17	1233832827597	1233832828188
17	1233832847216	1233832859294
17	1233832864074	1233832871553
17	1233832883693	1233832890633
17	1233832893173	1233832908046
17	1233832911148	1233832917273
17	1233832919495	1233832934459
17	1233833281796	1233833284991
17	1233833286794	1233833313902
17	1233833782085	1233833799039
17	1233833833614	1233833839167
17	1233834007190	1233834012145
17	1233855737338	1233855741641
17	1233855747923	1233855752071
17	1233855756814	1233855761453
17	1233855874150	1233855876615
17	1233855879646	1233855884290
17	1233855895009	1233855898530
17	1233855900369	1233855901673
17	1233855915830	1233855924734
17	1233855925340	1233855952545
17	1233855961925	1233855964713
18	1233815029851	1233815033239
18	1233817525003	1233817533108
18	1233817652396	1233817673178
18	1233817789726	1233817798477
18	1233817950430	1233817956857
18	1233817964797	1233817968629
18	1233817974915	1233817978757
18	1233832452820	1233832458677
18	1233832585718	1233832590062
18	1233832601850	1233832607812
18	1233833282758	1233833289352
18	1233833785431	1233833787956
18	1233833829963	1233833839839
18	1233833855116	1233833865080
18	1233855739326	1233855741996
18	1233855746160	1233855757021
18	1233855875220	1233855884027
18	1233855885645	1233855890309
18	1233855891660	1233855893168
18	1233855893434	1233855906590
18	1233855909428	1233855918372
18	1233855923340	1233855928723
18	1233855950142	1233855952303
18	1233855959836	0
19	1233815078016	1233815081218
19	1233817791812	1233817792137
19	1233855964377	0
21	1233832417829	1233832422391
21	1233855965262	0
22	1233817506775	1233817512789
23	1233817506060	1233817512588
24	1233817501361	1233817506891
24	1233832418121	1233832422529
25	1233817501655	1233817507029
25	1233817978407	1233832418440
26	1233817496500	1233817501814
26	1233832413737	1233832418587
27	1233817494267	1233817501018
27	1233832405211	1233832413540
28	1233817394791	1233817399173
28	1233817489368	1233817493743
28	1233824894812	1233824900867
29	1233814353024	1233814357619
29	1233817394955	1233817399315
29	1233817489543	1233817493860
29	1233824894964	1233824901034
29	1233824923101	1233824932851
29	1233827354840	1233827364203
29	1233861235556	0
30	1233813111680	1233813117557
30	1233814353313	1233814362542
30	1233832398831	1233832405103
30	1233855488624	1233855490389
30	1233859678757	1233859679923
30	1233860826806	1233860837354
30	1233860870703	1233860874507
30	1233860888489	1233860892108
30	1233860993332	1233860997272
30	1233861236339	1233861243171
30	1233863362623	1233863365627
30	1233871596384	1233871599204
30	1233871815464	1233871824006
31	1233855533870	1233855544661
31	1233855556632	1233855557808
31	1233855558061	1233855564320
31	1233855565462	1233855571529
31	1233855577383	1233855580588
31	1233855581366	1233855592350
31	1233855602599	1233855622486
31	1233855631909	1233855635889
31	1233855638279	1233855639986
31	1233855660910	1233855662209
31	1233855669571	1233855670532
31	1233855670833	1233855672433
31	1233855676531	1233855678172
31	1233855727840	1233855732897
31	1233855736927	1233855741859
31	1233855742999	1233855744748
31	1233855775382	1233855783739
31	1233855786072	1233855789384
31	1233855792038	1233855796348
31	1233855801439	1233855801654
31	1233855808449	1233855814381
31	1233855817670	1233855825801
31	1233855831452	1233855860129
31	1233855902338	1233855912886
31	1233855916537	1233855927482
31	1233855929001	1233855936930
31	1233855956402	1233855962131
31	1233855974094	1233855979847
31	1233855996110	1233855997574
31	1233855998476	1233856001108
31	1233856023061	1233856025068
31	1233856037573	1233856039498
31	1233856044330	1233856048722
31	1233856076518	1233856080923
31	1233856097504	1233856102680
31	1233856105790	1233856111554
31	1233856114360	1233856119249
31	1233856142360	1233856144570
31	1233856144874	1233856150880
31	1233856154550	1233856156780
31	1233856174309	1233856180949
31	1233856193073	1233856199774
31	1233856238032	1233856241930
31	1233856247480	1233856253638
31	1233856260910	1233856265643
31	1233856269113	1233856274946
31	1233856305350	1233856310633
31	1233856316298	1233856317599
31	1233856317897	1233856322819
31	1233856328400	1233856331523
31	1233856336080	1233856340795
31	1233856344489	1233856349954
31	1233856351361	1233856353064
31	1233856359425	1233856361648
31	1233856376510	1233856380195
31	1233856380595	1233856382555
31	1233856382997	1233856389902
31	1233856394239	1233856394532
31	1233856398210	1233856400422
31	1233856404491	1233856406519
31	1233856420312	1233856421884
31	1233856425981	1233856427422
31	1233856434770	1233856436585
31	1233856436861	1233856439549
31	1233856445976	1233856454435
31	1233856457354	1233856458046
31	1233856496760	1233856497742
31	1233856499408	1233856500877
31	1233856505623	1233856509041
31	1233856527186	1233856532315
31	1233856551780	1233856564762
31	1233856579785	1233856584835
31	1233856585097	1233856586131
31	1233856587969	1233856596396
31	1233856622080	1233856623489
31	1233856629701	1233856635750
31	1233856642256	1233856645727
31	1233856650339	1233856652272
31	1233856653728	1233856655249
31	1233856659239	1233856660529
31	1233856661239	1233856667070
31	1233856671331	1233856674988
31	1233856676129	1233856683562
31	1233856689991	1233856691048
31	1233856699132	1233856702537
31	1233856713700	1233856714760
31	1233856722297	1233856723294
31	1233856733120	1233856735029
31	1233856735702	1233856737856
31	1233856738210	1233856740238
31	1233856784170	1233856788368
31	1233856792395	1233856794636
31	1233856796012	1233856797431
31	1233856858220	1233856858854
31	1233856919759	1233856921415
31	1233856946383	1233856951319
31	1233856957660	1233856960543
31	1233856966358	1233856970070
31	1233856975480	1233856979002
31	1233856982762	1233856987853
31	1233856988312	1233856990471
31	1233856995049	1233857000740
31	1233857008399	1233857009799
31	1233857021499	1233857023443
31	1233857032260	1233857034249
31	1233857041759	1233857042066
31	1233857057220	1233857059750
31	1233857071539	1233857078059
31	1233857081049	1233857083517
31	1233857086378	1233857087515
31	1233857088161	1233857089588
31	1233857090655	1233857093685
31	1233857098696	1233857105220
31	1233857129787	1233857135339
31	1233857161611	1233857166882
31	1233857168655	1233857180618
31	1233857187969	1233857195150
31	1233857197261	1233857198380
31	1233857203252	1233857204449
31	1233857204923	1233857207968
31	1233857213271	1233857224319
31	1233857227238	1233857232250
31	1233857234630	1233857243689
31	1233857255674	1233857258166
31	1233857258446	1233857265370
31	1233857279649	1233857283430
31	1233857290028	1233857297630
31	1233857301356	1233857304921
31	1233857306274	1233857307248
31	1233857318529	1233857325850
31	1233857339824	1233857345591
31	1233857349012	1233857354462
31	1233857372222	1233857375790
31	1233857381329	1233857409846
31	1233857421540	1233857432506
31	1233857435651	1233857436854
31	1233857460989	1233857466993
31	1233857476794	1233857481403
31	1233857493340	1233857496916
31	1233857514198	1233857515305
31	1233857527410	1233857529766
31	1233857536970	1233857539106
31	1233857572686	1233857580488
31	1233857589720	1233857592552
31	1233857605122	1233857610497
31	1233857611880	1233857613762
31	1233857640921	1233857649965
31	1233857653410	1233857658968
31	1233857679672	1233857686709
31	1233857688363	1233857697983
31	1233857710951	1233857713189
31	1233857713482	1233857715971
31	1233857718969	1233857721580
31	1233857728090	1233857729161
31	1233857733980	1233857735010
31	1233857743970	1233857746809
31	1233857749472	1233857753417
31	1233857803470	1233857804538
31	1233857807570	1233857812209
31	1233857833620	1233857834397
31	1233857879334	1233857881460
31	1233857888700	1233857894110
31	1233857905456	1233857908685
31	1233857916094	1233857920710
31	1233857923430	1233857929510
31	1233857932910	1233857935346
31	1233857938931	1233857942490
31	1233857948651	1233857950854
31	1233857951385	1233857953733
31	1233857954864	1233857958081
31	1233857977969	1233857980452
31	1233857989379	1233857994094
31	1233858001644	1233858003011
31	1233858008381	1233858010383
31	1233858025520	1233858029620
31	1233858034591	1233858039319
31	1233858056374	1233858057285
31	1233858059692	1233858061099
31	1233858061383	1233858063814
31	1233858068260	1233858071850
31	1233858072482	1233858074437
31	1233858087245	1233858089309
31	1233858096347	1233858101672
31	1233858128904	1233858137220
31	1233858138782	1233858140577
31	1233858145001	1233858150963
31	1233858156300	1233858158470
31	1233858174130	1233858179874
31	1233858186240	1233858191499
31	1233858204179	1233858209437
31	1233858213654	1233858218663
31	1233858224402	1233858228989
31	1233858236205	1233858241248
31	1233858247224	1233858251880
31	1233858278300	1233858284280
31	1233858285022	1233858288998
31	1233858316428	1233858318651
31	1233858318933	1233858321464
31	1233858345880	1233858348362
31	1233858363076	1233858365861
31	1233858374725	1233858380869
31	1233858399710	1233858402832
31	1233858408292	1233858413370
31	1233858431778	1233858438120
31	1233858438429	1233858440911
31	1233858443638	1233858448169
31	1233858455560	1233858458935
31	1233858459216	1233858461744
31	1233858465860	1233858468186
31	1233858474200	1233858476430
31	1233858488398	1233858489872
31	1233858494520	1233858498610
31	1233858499122	1233858507325
31	1233858518612	1233858518903
31	1233858525160	1233858527566
31	1233858533700	1233858534910
31	1233858553166	1233858554393
31	1233858555002	1233858558819
31	1233858563504	1233858569729
31	1233858572330	1233858576450
31	1233858617760	1233858621280
31	1233858633529	1233858638659
31	1233858671279	1233858677128
31	1233858679492	1233858682902
31	1233858688629	1233858692640
31	1233858709260	1233858713152
31	1233858730533	1233858731860
31	1233858733333	1233858734886
31	1233858760432	1233858770809
31	1233858772250	1233858772740
31	1233858774002	1233858776133
31	1233858785854	1233858788010
31	1233858799423	1233858802210
31	1233858805560	1233858808421
31	1233858812913	1233858815350
31	1233858824150	1233858829489
31	1233858836650	1233858841719
31	1233858856680	1233858858299
31	1233858860498	1233858865183
31	1233858868239	1233858871649
31	1233858873339	1233858874492
31	1233858875131	1233858878112
31	1233858889576	1233858891085
31	1233858892880	1233858895321
31	1233858913491	1233858917260
31	1233858919239	1233858922556
31	1233858947073	1233858950825
31	1233858956949	1233858960837
31	1233858987360	1233858993723
31	1233859002029	1233859003190
31	1233859018259	1233859023085
31	1233859038971	1233859043530
31	1233859061840	1233859064711
31	1233859076650	1233859081252
31	1233859107287	1233859112780
31	1233859121703	1233859125045
31	1233859128380	1233859133596
31	1233859137728	1233859139559
31	1233859164446	1233859168009
31	1233859193770	1233859197630
31	1233859243003	1233859249347
31	1233859249882	1233859254542
31	1233859258399	1233859261791
31	1233859276740	1233859282095
31	1233859295352	1233859297969
31	1233859300008	1233859306380
31	1233859308342	1233859314252
31	1233859350478	1233859354994
31	1233859357379	1233859362550
31	1233859368276	1233859369779
31	1233859370165	1233859376279
31	1233859378794	1233859383896
31	1233859387622	1233859389210
31	1233859395380	1233859398169
31	1233859407265	1233859411554
31	1233859413920	1233859414955
31	1233859416232	1233859417512
31	1233859419859	1233859423304
31	1233859441761	1233859446745
31	1233859449728	1233859453611
31	1233859460350	1233859462386
31	1233859479839	1233859480453
31	1233859504770	1233859506541
31	1233859530839	1233859533233
31	1233859534117	1233859536379
31	1233859548773	1233859550532
31	1233859564489	1233859565899
31	1233859577939	1233859579992
31	1233859580268	1233859583346
31	1233859586135	1233859589788
31	1233859599382	1233859605286
31	1233859613160	1233859619780
31	1233859656456	1233859661550
31	1233859664200	1233859667495
31	1233859668137	1233859670509
31	1233859672575	1233859676452
31	1233859677313	1233859684452
31	1233859695068	1233859700072
31	1233859721013	1233859726588
31	1233859744419	1233859747571
31	1233859747972	1233859750358
31	1233859759613	1233859763570
31	1233859778033	1233859781950
31	1233859787383	1233859792340
31	1233859813740	1233859815249
31	1233859816608	1233859819709
31	1233859828972	1233859833092
31	1233859841049	1233859843270
31	1233859849758	1233859851044
31	1233859855208	1233859859552
31	1233859865278	1233859871973
31	1233859880574	1233859883981
31	1233859911415	1233859914651
31	1233859930139	1233859934542
31	1233859940895	1233859944820
31	1233859950377	1233859958252
31	1233859961485	1233859964700
31	1233859973260	1233859976777
31	1233859985782	1233859989210
31	1233859992960	1233859994738
31	1233860004219	1233860007449
31	1233860021867	1233860022584
31	1233860042675	1233860046969
31	1233860051768	1233860054970
31	1233860055702	1233860057930
31	1233860066431	1233860069874
31	1233860076319	1233860078435
31	1233860081498	1233860085352
31	1233860102253	1233860105490
31	1233860109694	1233860115750
31	1233860120925	1233860123553
31	1233860133260	1233860137336
31	1233860146099	1233860151244
31	1233860164720	1233860167472
31	1233860183990	1233860185300
31	1233860186300	1233860187304
31	1233860188450	1233860192126
31	1233860243275	1233860246850
31	1233860253048	1233860257306
31	1233860267810	1233860272778
31	1233860275492	1233860280169
31	1233860281932	1233860284512
31	1233860291082	1233860295089
31	1233860317999	1233860326844
31	1233860333370	1233860344549
31	1233860380759	1233860386582
31	1233860392703	1233860398149
31	1233860420585	1233860424202
31	1233860439053	1233860441330
31	1233860453528	1233860454450
31	1233860478571	1233860482095
31	1233860484764	1233860490529
31	1233860533037	1233860538424
31	1233860568212	1233860571654
31	1233860583561	1233860587435
31	1233860593294	1233860596395
31	1233860598503	1233860602739
31	1233860603124	1233860609065
31	1233860622563	1233860625750
31	1233860631799	1233860639099
31	1233860642308	1233860649409
31	1233860658292	1233860661511
31	1233860664701	1233860673844
31	1233860676434	1233860687224
31	1233860695380	1233860730730
31	1233860733861	1233860734998
31	1233860762660	1233860766177
31	1233860774810	1233860780333
31	1233860780621	1233860783887
31	1233860784831	1233860789643
31	1233860790072	1233860795550
31	1233860802840	1233860807598
31	1233860810654	1233860813778
31	1233860814384	1233860816690
31	1233860825770	1233860831202
31	1233860835082	1233860846329
31	1233860850059	1233860854069
31	1233860855627	1233860858615
31	1233860862088	1233860862776
31	1233860865590	1233860873882
31	1233860892454	1233860912829
31	1233860937590	1233860942582
31	1233860966590	1233860973355
31	1233860975705	1233860979416
31	1233860979684	1233860984462
31	1233860987718	1233860994997
31	1233861005838	1233861011812
31	1233861012595	1233861019128
31	1233861028210	1233861033792
31	1233861035280	1233861036935
31	1233861038629	1233861040245
31	1233861061225	1233861078240
31	1233861089073	1233861099579
31	1233861121971	1233861124093
31	1233861133052	1233861137154
31	1233861141230	1233861141851
31	1233861142826	1233861147382
31	1233861148917	1233861151385
31	1233861154093	1233861156389
31	1233861168237	1233861174718
31	1233861241910	1233861250166
31	1233861297882	1233861302110
31	1233861303681	1233861308320
31	1233861315528	1233861320145
31	1233861321576	1233861322839
31	1233861340132	1233861345350
31	1233861355223	1233861357015
31	1233861357530	1233861362275
31	1233861371980	1233861378658
31	1233861383766	1233861386869
31	1233861391239	1233861396585
31	1233861396873	1233861404901
31	1233861418148	1233861419761
31	1233861449290	1233861452420
31	1233861453660	1233861458633
31	1233861459439	1233861462581
31	1233861471899	1233861473803
31	1233861479705	1233861480979
31	1233861489136	1233861491358
31	1233861501085	1233861502119
31	1233861564715	1233861569422
31	1233861584748	1233861590677
31	1233861606274	1233861609378
31	1233861611580	1233861614319
31	1233861617620	1233861618666
31	1233861620149	1233861626879
31	1233861627171	1233861633389
31	1233861635190	1233861644190
31	1233861647968	1233861658538
31	1233861660747	1233861664172
31	1233861666400	1233861672410
31	1233861676018	1233861682764
31	1233861688921	1233861693722
31	1233861694152	1233861696673
31	1233861697287	1233861709531
31	1233861712790	1233861714522
31	1233861721630	1233861726399
31	1233861731219	1233861741929
31	1233861742464	1233861744590
31	1233861745862	1233861755330
31	1233861756621	1233861759955
31	1233861761101	1233861765437
31	1233861781100	1233861785160
31	1233861786565	1233861789292
31	1233861791289	1233861793412
31	1233861794240	1233861796339
31	1233861798410	1233861801734
31	1233861811821	1233861813832
31	1233861820622	1233861822225
31	1233861822517	1233861823508
31	1233861829454	1233861831516
31	1233861841576	1233861843567
31	1233861855649	1233861858835
31	1233861879578	1233861881128
31	1233861898939	1233861901379
31	1233861901993	1233861903982
31	1233861912814	1233861913302
31	1233861921300	1233861922454
31	1233861933193	1233861935089
31	1233861958473	1233861959721
31	1233861960679	1233861962917
31	1233861963532	1233861971338
31	1233861971712	1233861974400
31	1233861980739	1233861984021
31	1233861996030	1233861999629
31	1233862001629	1233862004963
31	1233862010173	1233862014644
31	1233862040250	1233862042201
31	1233862046320	1233862046575
31	1233862047881	1233862049680
31	1233862062680	1233862064820
31	1233862065661	1233862067630
31	1233862074450	1233862076480
31	1233862085288	1233862088483
31	1233862134480	1233862136792
31	1233862137513	1233862140970
31	1233862145167	1233862146413
31	1233862160869	1233862163573
31	1233862193904	1233862196736
31	1233862208325	1233862211830
31	1233862217320	1233862219075
31	1233862220595	1233862221403
31	1233862224070	1233862228229
31	1233862230059	1233862232807
31	1233862244780	1233862248570
31	1233862254129	1233862258044
31	1233862268849	1233862271700
31	1233862286110	1233862289112
31	1233862294588	1233862298009
31	1233862307011	1233862310009
31	1233862310909	1233862312979
31	1233862314168	1233862316473
31	1233862338260	1233862340249
31	1233862345721	1233862348312
31	1233862351714	1233862357639
31	1233862370142	1233862372622
31	1233862381710	1233862384911
31	1233862388395	1233862393912
31	1233862412580	1233862418869
31	1233862419257	1233862423378
31	1233862432472	1233862436760
31	1233862438967	1233862441290
31	1233862441748	1233862445826
31	1233862447969	1233862450652
31	1233862457885	1233862459771
31	1233862462882	1233862463178
31	1233862472083	1233862473324
31	1233862477563	1233862486738
31	1233862496678	1233862498628
31	1233862501575	1233862504580
31	1233862511966	1233862513840
31	1233862514800	1233862516912
31	1233862523039	1233862526992
31	1233862529645	1233862538132
31	1233862594263	1233862601420
31	1233862605111	1233862606125
31	1233862616600	1233862617658
31	1233862622263	1233862623812
31	1233862629032	1233862629888
31	1233862631900	1233862635910
31	1233862637509	1233862652349
31	1233862654130	1233862659773
31	1233862667764	1233862673883
31	1233862676339	1233862680190
31	1233862685944	1233862691619
31	1233862697694	1233862700895
31	1233862701631	1233862703179
31	1233862710230	1233862713122
31	1233862715637	1233862716042
31	1233862718649	1233862720163
31	1233862727260	1233862729313
31	1233862733502	1233862735110
31	1233862736786	1233862739529
31	1233862745378	1233862746892
31	1233862747312	1233862748749
31	1233862750241	1233862752070
31	1233862752939	1233862754450
31	1233862755620	1233862757722
31	1233862769865	1233862770831
31	1233862773313	1233862776142
31	1233862790479	1233862791319
31	1233862797972	1233862800069
31	1233862801338	1233862802589
31	1233862818910	1233862820901
31	1233862829642	1233862835671
31	1233862839367	1233862841590
31	1233862844845	1233862847450
31	1233862849242	1233862851314
31	1233862851630	1233862853499
31	1233862861267	1233862863134
31	1233862867464	1233862869342
31	1233862869617	1233862872601
31	1233862879722	1233862884310
31	1233862887894	1233862888282
31	1233862891239	1233862895151
31	1233862897585	1233862904260
31	1233862915029	1233862923904
31	1233862933005	1233862933542
31	1233862937259	1233862939443
31	1233862939653	1233862942359
31	1233862944716	1233862947489
31	1233862948335	1233862953930
31	1233862954905	1233862959829
31	1233862967076	1233862969794
31	1233862971370	1233862972011
31	1233862991183	1233862998320
31	1233863017911	1233863020151
31	1233863061539	1233863067993
31	1233863068281	1233863074121
31	1233863076564	1233863082480
31	1233863088323	1233863089944
31	1233863091317	1233863092043
31	1233863096071	1233863108386
31	1233863111054	1233863112902
31	1233863119039	1233863122549
31	1233863133590	1233863139682
31	1233863144152	1233863149549
31	1233863176761	1233863180635
31	1233863180880	1233863183065
31	1233863183491	1233863185854
31	1233863187021	1233863191581
31	1233863197757	1233863198797
31	1233863202300	1233863203613
31	1233863205326	1233863208199
31	1233863209742	1233863212969
31	1233863215379	1233863219299
31	1233863221793	1233863227979
31	1233863228501	1233863236382
31	1233863259081	1233863264634
31	1233863266839	1233863272634
31	1233863276360	1233863282734
31	1233863284371	1233863287949
31	1233863291972	1233863295100
31	1233863297412	1233863304165
31	1233863305553	1233863306690
31	1233863359865	1233863372628
31	1233863373214	1233863377751
31	1233863392672	1233863393739
31	1233863450405	1233863455711
31	1233863470465	1233863479768
31	1233863530732	1233863536000
31	1233863544410	1233863547209
31	1233863557509	1233863561152
31	1233863564120	1233863566423
31	1233863595400	1233863596610
31	1233863604696	1233863608153
31	1233863608629	1233863610609
31	1233863619850	1233863620883
31	1233863661795	1233863663239
31	1233863676673	1233863679399
31	1233863691940	1233863692961
31	1233863710414	1233863714299
31	1233863716699	1233863717141
31	1233863718724	1233863719672
31	1233863745766	1233863749044
31	1233863844827	1233863846964
31	1233863847222	1233863864259
31	1233863887016	1233863901611
31	1233863904572	1233863921460
31	1233863948621	1233863955791
31	1233863956039	1233863957780
31	1233863984671	1233863986213
31	1233864021222	1233864024702
31	1233864025292	1233864030102
31	1233864033877	1233864040009
31	1233864045630	1233864047789
31	1233864330189	1233864331738
31	1233864347383	1233864352481
31	1233864366433	1233864368609
31	1233864464748	1233864465665
31	1233864492045	1233864494368
31	1233864511072	1233864514100
31	1233864516622	1233864521621
31	1233864554715	1233864556261
31	1233864569361	1233864570594
31	1233864608377	1233864610108
31	1233864621201	1233864624849
31	1233864660354	1233864662551
31	1233864667159	1233864669549
31	1233864685470	1233864685745
31	1233864711729	1233864712250
31	1233864719114	1233864721260
31	1233864738720	1233864747952
31	1233864754935	1233864760109
31	1233864760625	1233864768448
31	1233864799740	1233864808865
31	1233864903362	1233864906961
31	1233864918901	1233864921423
31	1233864924250	1233864928859
31	1233864934553	1233864938085
31	1233864962424	1233864967132
31	1233864970689	1233864973340
31	1233865027441	1233865030761
31	1233865034200	1233865036758
31	1233865093852	1233865094933
31	1233865106222	1233865109004
31	1233865115930	1233865120179
31	1233865199284	1233865201128
31	1233865201448	1233865203213
31	1233865210865	1233865216472
31	1233865269277	1233865272324
31	1233865748111	1233865753369
31	1233865890259	1233865891221
31	1233865892505	1233865895992
31	1233865920882	1233865922984
31	1233865925448	1233865925833
31	1233865934866	1233865941239
31	1233865946969	1233865950143
31	1233865950666	1233865952772
31	1233865967516	1233865971791
31	1233865982715	1233865985502
31	1233866030653	1233866033946
31	1233866042530	1233866046320
31	1233866054853	1233866058299
31	1233866063872	1233866064929
31	1233866075833	1233866078302
31	1233866117984	1233866120669
31	1233866135131	1233866141524
31	1233866184468	1233866187861
31	1233866188802	1233866196549
31	1233866211940	1233866224420
31	1233866227050	1233866229411
31	1233866240269	1233866244680
31	1233866287029	1233866292425
31	1233866298819	1233866304319
31	1233866304704	1233866310357
31	1233866322440	1233866323432
31	1233866437146	1233866443010
31	1233866450109	1233866451974
31	1233866454931	1233866457879
31	1233866458384	1233866460760
31	1233866461723	1233866464570
31	1233866482944	1233866483750
31	1233866487289	1233866489187
31	1233866495534	1233866498812
31	1233866525471	1233866528310
31	1233866548485	1233866552878
31	1233866554549	1233866557659
31	1233866558835	1233866566592
31	1233866588966	1233866599282
31	1233866600120	1233866606379
31	1233866621454	1233866626736
31	1233866632479	1233866636245
31	1233866638971	1233866641325
31	1233866653553	1233866656870
31	1233866663216	1233866666241
31	1233866711352	1233866711917
31	1233866717015	1233866723054
31	1233866805290	1233866810769
31	1233866814389	1233866817901
31	1233866837752	1233866842025
31	1233866842268	1233866844568
31	1233866868159	1233866869319
31	1233866871201	1233866876670
31	1233866901838	1233866906820
31	1233866913349	1233866917291
31	1233866922219	1233866924430
31	1233866924952	1233866928262
31	1233866943600	1233866950237
31	1233866970258	1233866973272
31	1233866988302	1233866990730
31	1233867010219	1233867014834
31	1233867021084	1233867023147
31	1233867052102	1233867056489
32	1233801249969	1233801255011
32	1233813107655	1233813108701
32	1233832373792	1233832379022
32	1233832384145	1233832393966
32	1233855491298	1233855496260
32	1233855531173	1233855534123
32	1233857408523	1233857413031
32	1233857420633	1233857423654
32	1233871591035	1233871595193
32	1233871823853	0
33	1233813104416	1233813108545
33	1233832373490	1233832378921
33	1233855494475	1233855498082
33	1233871824403	1233871827062
34	1233790183521	1233790185323
34	1233790186476	1233790187475
34	1233790673355	1233790674894
34	1233791992755	1233791995223
34	1233792066930	1233792078680
34	1233792558431	1233792560100
34	1233792561647	1233792562784
34	1233792563189	1233792567406
34	1233793678381	1233793682183
34	1233793685926	1233793695041
34	1233793937604	1233793938712
34	1233793939186	1233793941064
34	1233793945063	1233793952133
34	1233794046593	1233794054241
34	1233794055056	1233794057244
34	1233795121508	1233795123211
34	1233795124253	1233795132213
34	1233798378674	1233798380233
34	1233798381100	1233798383697
34	1233798384514	1233798386102
34	1233798609979	1233798614271
34	1233799220870	1233799224071
34	1233799401469	1233799403285
34	1233799403568	1233799406232
34	1233799445271	1233799451376
34	1233800881364	1233800882443
34	1233800885306	1233800887245
34	1233801236391	1233801237808
34	1233801238085	1233801252999
34	1233801258702	1233801278542
34	1233805213721	1233805216305
34	1233805216568	1233805218166
34	1233809264314	1233809264842
34	1233809266339	1233809268470
34	1233809298090	1233809312153
34	1233809402576	1233809405556
34	1233871937787	1233871948539
34	1233871955490	1233871958854
34	1233871960824	1233871966724
34	1233871969233	1233871988949
34	1233871990557	1233871992243
34	1233872018046	1233872023552
34	1233872030649	1233872032551
34	1233872042264	1233872047160
34	1233872056814	1233872059629
34	1233872084405	1233872089185
34	1233872197179	1233872200405
34	1233872423535	1233872432274
34	1233872433494	1233872440009
34	1233872894777	1233872908428
34	1233873062502	1233873068890
34	1233873073813	1233873085270
35	1233790180802	1233790184905
35	1233790186614	1233790187122
35	1233790674615	1233790677101
35	1233791992220	1233791995351
35	1233791995650	1233791998241
35	1233792028152	1233792031124
35	1233792065318	1233792068574
35	1233792562102	1233792565651
35	1233793678683	1233793681166
35	1233793688711	1233793690430
35	1233793690716	1233793693330
35	1233793938888	1233793940232
35	1233793944425	1233793949195
35	1233794048481	1233794050187
35	1233795123653	1233795129270
35	1233796296413	1233796300117
35	1233796300542	1233796303186
35	1233796457579	1233796460456
35	1233798375769	1233798377811
35	1233798380698	1233798382246
35	1233798609265	1233798614437
35	1233799219889	1233799222776
35	1233799402061	1233799406365
35	1233799445436	1233799446807
35	1233799448342	1233799449472
35	1233799994814	1233799996175
35	1233800882170	1233800888951
35	1233801221929	1233801225576
35	1233801233218	1233801236535
35	1233801237048	1233801241212
35	1233801246381	1233801263482
35	1233801269136	1233801271094
35	1233801273548	1233801276751
35	1233803042855	1233803049041
35	1233803049323	1233803051725
35	1233804092108	1233804094463
35	1233804094745	1233804100272
35	1233804129240	1233804132220
35	1233805212306	1233805213993
35	1233805214255	1233805218435
35	1233805673247	1233805674890
35	1233805676771	1233805679136
35	1233806243523	1233806247021
35	1233809258451	1233809264559
35	1233809266058	1233809268743
35	1233809292740	1233809294659
35	1233809297250	1233809300731
35	1233809307117	1233809310494
35	1233809399747	1233809405666
35	1233809407048	1233809410127
35	1233809743911	1233809749979
35	1233810941780	1233810944087
35	1233811467666	1233811469976
35	1233811962331	1233811964818
35	1233812315962	1233812318745
35	1233812707461	1233812716521
35	1233812762251	1233812770867
35	1233812773971	1233812776176
35	1233812852878	1233812854081
35	1233812856833	1233812859135
35	1233812859411	1233812871938
35	1233812977818	1233812980975
35	1233812984231	1233812986079
35	1233813053133	1233813055548
35	1233832384034	1233832389185
35	1233832393817	1233832398539
35	1233860714174	1233860718384
35	1233861684404	1233861690920
35	1233866197404	1233866200598
35	1233871823577	1233871825098
35	1233871930444	1233871943381
35	1233871972631	1233871979241
35	1233871982579	1233871984826
35	1233871987324	1233871988429
35	1233871994563	1233871996476
35	1233872017419	1233872020954
35	1233872050856	1233872051920
35	1233872057614	1233872061148
35	1233872070026	1233872072179
35	1233872083566	1233872091312
35	1233872095429	1233872098789
35	1233872107364	1233872108868
35	1233872126808	1233872129727
35	1233872141478	1233872145096
35	1233872146502	1233872153909
35	1233872154188	1233872161615
35	1233872191725	1233872192975
35	1233872195348	1233872200149
35	1233872231549	1233872233111
35	1233872322653	1233872326045
35	1233872394180	1233872396404
35	1233872427294	1233872429473
35	1233872429861	1233872438546
35	1233872679852	1233872682383
35	1233872894358	1233872899305
35	1233872900125	1233872912199
35	1233873062208	1233873067222
35	1233873082339	1233873085870
36	1233813112192	1233813117758
36	1233814358697	1233832374004
36	1233855574918	1233855583359
36	1233860713212	1233860718742
36	1233860826422	1233860837552
36	1233860870910	1233860874286
36	1233860889205	1233860892596
36	1233860895454	1233860898862
36	1233860991615	1233860996562
36	1233861172782	1233861243502
36	1233861678694	1233861684162
36	1233861684708	1233861687411
36	1233861687824	1233861690461
36	1233863363624	1233863365918
36	1233866192282	1233866200140
36	1233866202880	1233866203164
36	1233866205466	1233866213159
36	1233866720538	1233866723210
36	1233871592441	1233871598437
36	1233871817689	1233871824866
36	1233871930736	1233871931861
36	1233871934350	1233871937361
37	1233813117390	1233813119433
37	1233813123932	1233813126697
37	1233814348221	1233814357773
37	1233817321475	1233817330330
37	1233817387659	1233817395256
37	1233824927326	1233824937385
37	1233824960079	1233824963649
37	1233826094927	1233826100938
37	1233826199111	1233826203841
37	1233827150730	1233827187740
37	1233827192630	1233827197437
37	1233827219136	1233827223730
37	1233827227844	1233827231377
37	1233827301247	1233827310576
37	1233827349539	1233827364355
37	1233871598213	1233871604219
37	1233871811737	1233871816387
38	1233813124206	1233813153869
38	1233814105117	1233814178588
38	1233814184299	1233814203046
38	1233814205877	1233814213310
38	1233814221292	1233814238270
38	1233814238658	1233814252311
38	1233814258117	1233814262173
38	1233814266341	1233814273563
38	1233814276409	1233814353560
38	1233817321792	1233817330827
38	1233817384569	1233817395595
38	1233824901687	1233824907438
38	1233824912802	1233824918598
38	1233824933180	1233824977908
38	1233826095263	1233826106169
38	1233826199251	1233826208502
38	1233826266418	1233826321304
38	1233826504881	1233826508887
38	1233826532247	1233826588487
38	1233826593837	1233826785617
38	1233826790594	1233826803648
38	1233826808362	1233826917906
38	1233826922930	1233826946437
38	1233826950986	1233827089266
38	1233827093921	1233827154974
38	1233827219368	1233827316175
38	1233827322404	1233827355379
38	1233871600221	1233871604421
38	1233871632372	1233871643908
38	1233871647519	1233871663075
38	1233871668610	1233871670879
38	1233871679740	1233871685420
38	1233871688419	1233871692429
38	1233871692951	1233871695138
38	1233871704810	1233871706602
38	1233871765379	1233871767361
38	1233871768319	1233871769823
38	1233871772318	1233871775900
38	1233871787615	1233871790170
38	1233871793690	1233871794749
38	1233871795044	1233871803760
38	1233871813364	1233871816122
39	1233813147749	1233813159816
39	1233813192673	1233813201445
39	1233813841970	1233813846278
39	1233813854246	1233813857227
39	1233813872466	1233813875286
39	1233813889460	1233813906456
39	1233813910945	1233813915201
39	1233813921777	1233813935885
39	1233814165290	1233814167016
39	1233814169834	1233814188666
39	1233814208838	1233814216630
39	1233814319959	1233814327906
39	1233817326065	1233817334738
39	1233817384733	1233817388017
39	1233824901973	1233824918732
39	1233824955686	1233824960389
39	1233824978050	1233824982646
39	1233824994721	1233825004533
39	1233826095545	1233826110416
39	1233826119486	1233826137115
39	1233826177127	1233826199358
39	1233826204050	1233826218489
39	1233826248335	1233826253342
39	1233826261176	1233826271317
39	1233827085160	1233827098792
39	1233827310828	1233827322533
40	1233813156705	1233813165107
40	1233813170853	1233813171752
40	1233813173980	1233813177647
40	1233813183630	1233813187079
40	1233813190746	1233813194747
40	1233813911223	1233813915304
40	1233814213637	1233814221403
40	1233817331113	1233817339887
40	1233817374950	1233817377606
40	1233817380262	1233817388172
40	1233824907753	1233824918888
40	1233824978197	1233824999232
40	1233826101153	1233826106335
40	1233826194052	1233826199465
40	1233826208664	1233826228024
40	1233826248425	1233826266577
40	1233827316486	1233827322671
41	1233813156553	1233813168338
41	1233813170692	1233813180066
41	1233813183532	1233813194609
41	1233814213160	1233814221186
41	1233817330681	1233817339739
41	1233817370860	1233817387861
42	1233860873492	1233860875262
42	1233860886675	1233860890253
42	1233861234783	1233861238242
43	1233817293555	1233817300676
43	1233817303553	1233817304946
43	1233817315576	1233817325701
43	1233817395111	1233817399465
43	1233824895111	1233824901222
43	1233824918245	1233824932995
43	1233827355150	1233827368569
43	1233861184383	1233861187637
43	1233861190970	1233861195153
43	1233861196201	1233861204811
43	1233861235017	1233861238036
44	1233817284504	1233817289022
44	1233817296995	1233817321935
44	1233817395770	1233817400162
44	1233817486217	1233817490216
44	1233824895887	1233824902125
44	1233824919040	1233824927743
44	1233827364983	1233827369362
44	1233861183630	1233861187963
44	1233861199650	1233861205057
44	1233867729465	1233867732244
45	1233860635950	1233860638106
45	1233860642091	1233860643679
45	1233860644194	1233860646539
45	1233860668935	1233860670991
45	1233860671664	1233860674445
45	1233860685931	1233860710196
45	1233860739693	1233860739962
45	1233860752653	1233860757060
45	1233860765608	1233860768654
45	1233860780866	1233860796299
45	1233860796700	1233860810426
45	1233860813589	1233860820128
45	1233860822484	1233860840345
45	1233860844792	1233860855410
45	1233860858961	1233860861939
45	1233860867400	1233860868963
45	1233860877078	1233860882298
45	1233860894595	1233860904440
45	1233860913086	1233860919740
45	1233860960292	1233860961844
45	1233860969522	1233860972482
45	1233860973000	1233860982261
45	1233860985276	1233860993528
45	1233861072669	1233861078689
45	1233861105306	1233861108745
45	1233861132699	1233861135797
45	1233861136475	1233861138754
45	1233861151078	1233861153913
45	1233861159542	1233861162924
45	1233861163446	1233861168070
45	1233861170123	1233861186448
45	1233861202360	1233861207468
45	1233861208868	1233861211446
45	1233861227085	1233861228864
45	1233861229176	1233861231397
45	1233861261624	1233861264633
45	1233861297524	1233861299207
45	1233861528330	1233861530953
45	1233861534673	1233861537200
45	1233861538054	1233861540063
45	1233861771783	1233861774609
45	1233861814286	1233861819173
45	1233861828816	1233861840402
45	1233862133675	1233862136459
45	1233862545333	1233862550373
45	1233862552854	1233862555473
45	1233862560509	1233862566133
45	1233862851105	1233862851966
45	1233862881665	1233862882370
45	1233862964246	1233862969018
45	1233863366447	1233863372902
45	1233863375275	1233863377523
45	1233863378224	1233863380869
45	1233863431742	1233863435204
45	1233863445119	1233863449623
45	1233863455504	1233863456726
45	1233863458804	1233863462475
45	1233863792543	1233863797294
45	1233863936153	1233863937344
45	1233863971259	1233863973588
45	1233863986014	1233863987973
45	1233864056759	1233864057923
45	1233864176133	1233864179488
45	1233864492766	1233864499169
45	1233864590915	1233864594216
45	1233864697200	1233864715346
45	1233864718697	1233864723838
45	1233864724328	1233864729297
45	1233864763918	1233864768241
45	1233864862644	1233864870322
45	1233865105669	1233865109221
45	1233865121328	1233865141268
45	1233865141671	1233865145796
45	1233865165467	1233865170089
45	1233865171422	1233865174882
45	1233865180199	1233865186923
45	1233865207217	1233865217924
45	1233865219693	1233865222269
45	1233865359993	1233865367539
45	1233865402154	1233865406488
45	1233865524511	1233865524924
45	1233866005124	1233866011039
45	1233866030410	1233866033736
45	1233866153194	1233866159169
45	1233866401274	1233866404437
45	1233866605303	1233866609193
45	1233866665792	1233866681634
45	1233866701664	1233866711144
45	1233866711589	1233866744713
45	1233866746574	1233866756750
45	1233866762986	1233866767982
45	1233866775964	1233866781352
45	1233866783572	1233866790014
45	1233866811559	1233866817120
45	1233866939629	1233866949626
45	1233867047473	1233867050550
45	1233867051086	1233867053353
45	1233867068785	1233867074677
46	1233824889631	1233824896030
46	1233860599064	1233860620739
46	1233860703998	1233860704437
46	1233867762810	1233867765833
46	1233867769287	1233867770602
46	1233867771670	1233867774330
47	1233788621663	1233788625607
47	1233789070768	1233789075127
47	1233789148186	1233789152539
47	1233789296977	1233789301066
47	1233790138479	1233790141819
47	1233790147074	1233790148849
47	1233793886640	1233793889257
47	1233794749379	1233794750447
47	1233795239218	1233795240825
47	1233795629449	1233795636289
47	1233795734222	1233795735288
47	1233796209822	1233796212179
47	1233796444158	1233796450066
47	1233797468894	1233797471100
47	1233797474505	1233797479075
47	1233799240829	1233799242128
47	1233800005459	1233800006831
47	1233800243806	1233800246809
47	1233800249136	1233800250098
47	1233802197917	1233802200680
47	1233803052441	1233803054538
47	1233803057283	1233803063142
47	1233805119629	1233805122299
47	1233805637659	1233805639099
47	1233805853147	1233805856243
47	1233806094473	1233806103180
47	1233806475389	1233806478374
47	1233806482128	1233806483700
47	1233806823866	1233806828075
47	1233806829554	1233806833480
47	1233807476429	1233807480569
47	1233807482233	1233807486539
47	1233807486938	1233807489429
47	1233808040811	1233808049585
47	1233808380553	1233808382625
47	1233808383345	1233808386055
47	1233808388561	1233808391321
47	1233809524623	1233809532796
47	1233810534153	1233810536059
47	1233810678206	1233810681126
47	1233811154902	1233811156698
47	1233811581680	1233811585682
47	1233811587960	1233811588563
47	1233811881328	1233811883753
47	1233812078986	1233812080796
47	1233812081378	1233812083538
47	1233812358462	1233812360784
47	1233824889274	1233824895253
47	1233860601780	1233860611062
47	1233860613488	1233860615062
47	1233867761552	1233867776825
47	1233867777348	1233867779895
47	1233868985676	1233868987465
47	1233869018819	1233869021772
47	1233869146167	1233869150622
47	1233871212315	1233871215710
47	1233871215954	1233871219187
47	1233871412781	1233871414503
47	1233871481516	1233871484453
47	1233871637604	1233871643326
47	1233871643629	1233871647754
48	1233788621974	1233788630476
48	1233788902827	1233788904541
48	1233789149459	1233789151285
48	1233789295106	1233789302392
48	1233789625450	1233789629826
48	1233790135539	1233790142230
48	1233790144227	1233790145253
48	1233790147227	1233790151228
48	1233790153532	1233790155221
48	1233791752242	1233791756175
48	1233791866228	1233791869075
48	1233793880823	1233793890447
48	1233793893286	1233793902779
48	1233794259399	1233794260559
48	1233794743314	1233794755606
48	1233794871755	1233794879325
48	1233795235768	1233795241864
48	1233795334787	1233795337166
48	1233795337439	1233795339561
48	1233795446749	1233795448602
48	1233795628384	1233795631471
48	1233795731205	1233795737967
48	1233796209362	1233796213404
48	1233796439011	1233796441254
48	1233796442266	1233796447111
48	1233797468339	1233797484594
48	1233798030964	1233798033177
48	1233798988977	1233799001396
48	1233800229458	1233800231571
48	1233800233196	1233800252244
48	1233800463441	1233800466948
48	1233802195079	1233802203493
48	1233803051410	1233803063358
48	1233804209343	1233804213477
48	1233804514377	1233804518110
48	1233805117291	1233805125207
48	1233805634324	1233805642297
48	1233806094753	1233806106520
48	1233806458347	1233806465161
48	1233806473240	1233806478089
48	1233806820500	1233806835498
48	1233807476731	1233807480859
48	1233807482360	1233807489941
48	1233808039379	1233808051184
48	1233808115743	1233808122196
48	1233808377676	1233808396091
48	1233809522235	1233809527605
48	1233809792495	1233809798065
48	1233810530923	1233810541746
48	1233810545385	1233810547255
48	1233810665389	1233810668477
48	1233810671708	1233810673411
48	1233810677216	1233810686777
48	1233811155198	1233811159915
48	1233811580140	1233811586241
48	1233811590567	1233811591195
48	1233811881963	1233811883874
48	1233812072936	1233812081058
48	1233812081490	1233812083676
48	1233812357790	1233812361025
48	1233817399631	1233817405334
48	1233817413648	1233817424964
48	1233827368876	1233827372375
48	1233867732063	1233867752668
48	1233867759612	1233867766059
48	1233867767537	1233867768931
48	1233867773327	1233867789800
48	1233867791832	1233867792209
48	1233867797881	1233867801610
48	1233868194407	1233868203684
48	1233868210752	1233868212424
48	1233868215311	1233868221619
48	1233868222220	1233868225391
48	1233868227431	1233868228304
48	1233868230460	1233868240291
48	1233868955715	1233868957947
48	1233868958668	1233868973321
48	1233868983209	1233868985836
48	1233869006131	1233869009387
48	1233869012594	1233869021936
48	1233869054772	1233869059308
48	1233869146322	1233869153355
48	1233869392962	1233869404267
48	1233869406903	1233869409768
48	1233869434708	1233869440217
48	1233869466730	1233869470454
48	1233869476584	1233869478868
48	1233869482652	1233869484258
48	1233869496420	1233869507676
48	1233869526652	1233869529810
48	1233870208984	1233870210963
48	1233870232611	1233870235351
48	1233870249297	1233870250992
48	1233870555407	1233870557264
48	1233870563500	1233870567030
48	1233870747369	1233870749402
48	1233870750390	1233870752704
48	1233870752995	1233870756127
48	1233870816091	1233870822149
48	1233870830696	1233870833228
48	1233870865062	1233870884298
48	1233870953999	1233870963317
48	1233870971079	1233870972131
48	1233870974707	1233870976169
48	1233870978127	1233870980537
48	1233870983298	1233870987018
48	1233871090628	1233871096439
48	1233871110627	1233871111021
48	1233871160178	1233871161841
48	1233871163017	1233871164893
48	1233871204602	1233871223296
48	1233871260999	1233871263265
48	1233871413115	1233871414935
48	1233871638686	1233871650228
48	1233871652349	1233871655219
48	1233872595674	1233872602670
49	1233788622307	1233788625831
49	1233793885301	1233793886971
49	1233793895875	1233793896992
49	1233794747241	1233794749583
49	1233803057576	1233803058529
49	1233817271796	1233817284204
49	1233817399870	1233817489905
49	1233827369193	1233827378616
49	1233860611972	1233860613620
49	1233867730163	1233867732993
49	1233868194906	1233868195687
49	1233868233610	1233868238157
49	1233869397647	1233869400550
49	1233869501419	1233869504700
49	1233871205402	1233871206909
49	1233871212518	1233871216279
50	1233817279591	1233817288911
50	1233817395427	1233817400007
50	1233824895596	1233824901374
50	1233824918444	1233824927574
50	1233860622717	1233860627403
50	1233860630075	1233860632091
50	1233860668698	1233860673362
50	1233860686147	1233860697252
50	1233860697893	1233860703881
50	1233860783592	1233860786417
50	1233860805249	1233860807733
50	1233860880110	1233860882622
50	1233860886038	1233860886830
50	1233860887118	1233860888682
50	1233860894804	1233860895340
50	1233860899146	1233860901420
50	1233860902249	1233860904090
50	1233860913330	1233860915679
50	1233861200112	1233861204943
51	1233817654461	1233817662917
51	1233817791960	1233817794817
51	1233817952596	1233817966513
51	1233832452523	1233832458147
51	1233832580581	1233832585553
51	1233833282155	1233833287122
51	1233833782427	1233833787813
51	1233833829809	1233833839338
51	1233833854992	1233833860777
51	1233855738794	1233855750969
