1	1234363283098	1234363285337
1	1234365241352	0
2	1234363286123	1234363288563
2	1234365243471	0
7	1234363283733	1234363285529
7	1234363286814	1234363291373
7	1234365241712	1234365242878
8	1234363282447	1234363286609
8	1234363287149	1234363291242
8	1234365239370	1234365244537
9	1234333954491	1234333961179
9	1234334162955	1234334173390
9	1234334179414	1234334182775
9	1234334197477	1234334203196
9	1234334339757	1234334344335
9	1234334491286	1234334497273
9	1234334500354	1234334501131
9	1234334502052	1234334504518
9	1234334506333	1234334507994
9	1234334515205	1234334516305
9	1234334524058	1234334527541
9	1234334537237	1234334542264
9	1234334558547	1234334560599
9	1234334641418	1234334644294
9	1234334650380	1234334653334
9	1234334688045	1234334689834
9	1234334735756	1234334737855
9	1234334795153	1234334797447
9	1234334797800	1234334803546
9	1234334806327	1234334807675
9	1234334810604	1234334818365
9	1234334827345	1234334829090
9	1234334905645	1234334908275
9	1234335061448	1234335062286
9	1234335088935	1234335095196
9	1234335136897	1234335138024
9	1234335158435	1234335160334
9	1234335161972	1234335163938
9	1234335195052	1234335197588
9	1234335202895	1234335205277
9	1234335209424	1234335211394
9	1234335216147	1234335217324
9	1234335286327	1234335288077
9	1234335433601	1234335437627
9	1234335543285	1234335545268
9	1234363085118	1234363090360
9	1234363282686	1234363284037
9	1234363288414	1234363291928
9	1234365239836	1234365242609
10	1234363395322	1234363399354
10	1234363409354	1234363414362
10	1234363418160	1234363420285
10	1234363424847	1234363426808
10	1234363427560	1234363429797
10	1234363436476	1234363438624
10	1234363441187	1234363444316
10	1234363444861	1234363447344
10	1234363447756	1234363450350
10	1234363462217	1234363463171
10	1234363469000	1234363471255
10	1234363474325	1234363477204
10	1234363487674	1234363489464
10	1234363493506	1234363495495
10	1234363510800	1234363513215
10	1234363522613	1234363528396
10	1234363555560	1234363566054
10	1234363577379	1234363581074
10	1234363582357	1234363583512
10	1234363596127	1234363600166
10	1234363601696	1234363605236
10	1234363609277	1234363610884
10	1234363612324	1234363613964
10	1234363615245	1234363619106
10	1234363621277	1234363627697
10	1234363628794	1234363633305
10	1234363633596	1234363639464
10	1234363642177	1234363645303
10	1234363652525	1234363654765
10	1234363664284	1234363668209
10	1234363669495	1234363673785
10	1234363677124	1234363678848
10	1234363682539	1234363687262
10	1234363693237	1234363699487
10	1234363702234	1234363705370
10	1234363706470	1234363708243
10	1234363712650	1234363714985
10	1234363716044	1234363723447
10	1234363726245	1234363729352
10	1234363733284	1234363736515
10	1234363738196	1234363742709
10	1234363744834	1234363748782
10	1234363754655	1234363757099
10	1234363763504	1234363765525
10	1234363776203	1234363780996
10	1234363784973	1234363786827
10	1234363789228	1234363793475
10	1234363798458	1234363800223
10	1234363819197	1234363822789
10	1234363847115	1234363849336
10	1234363856364	1234363861335
10	1234363886617	1234363891263
10	1234363894130	1234363897288
10	1234363903783	1234363904872
10	1234363930256	1234363931572
10	1234363932293	1234363934685
10	1234363936380	1234363937626
10	1234363937882	1234363940144
10	1234363954750	1234363957365
10	1234363981334	1234363987327
10	1234363994323	1234363998102
10	1234363999838	1234364000839
10	1234364005398	1234364008304
10	1234364008725	1234364011996
10	1234364013187	1234364017349
10	1234364018555	1234364026208
10	1234364029254	1234364030646
10	1234364035255	1234364038274
10	1234364050194	1234364053677
10	1234364057476	1234364059473
10	1234364075394	1234364080523
10	1234364104456	1234364107360
10	1234364117452	1234364119200
10	1234364146178	1234364153897
10	1234364175186	1234364176964
10	1234364188216	1234364191290
10	1234364215788	1234364221644
10	1234364231290	1234364233432
10	1234364236095	1234364237934
10	1234364242509	1234364244042
10	1234364250160	1234364251398
10	1234364252154	1234364254244
10	1234364288557	1234364293355
10	1234364296533	1234364299294
10	1234364303747	1234364305678
10	1234364307283	1234364311425
10	1234364346318	1234364350306
10	1234364356458	1234364361067
10	1234364365180	1234364366567
10	1234364366856	1234364368648
10	1234364377232	1234364381252
10	1234364395605	1234364401111
10	1234364408768	1234364413481
10	1234364422357	1234364423236
10	1234364444302	1234364447576
10	1234364579286	1234364581222
10	1234364691383	1234364692538
10	1234364695897	1234364698614
10	1234364713385	1234364715245
10	1234364723060	1234364726874
10	1234364794494	1234364798736
10	1234364803317	1234364806161
10	1234364896587	1234364900624
10	1234364900908	1234364906626
10	1234364950737	1234364953695
10	1234364960186	1234364964449
10	1234364965617	1234364968749
10	1234364969209	1234364971459
11	1234363394940	1234363399830
11	1234363409708	1234363411663
11	1234363523336	1234363526653
11	1234363579238	1234363585144
11	1234363798826	1234363804268
11	1234363889593	1234363891595
11	1234364004137	1234364005757
11	1234364242298	1234364243710
11	1234364248327	1234364249505
11	1234364249800	1234364251834
11	1234364582518	1234364584543
11	1234364677133	1234364683228
11	1234364686375	1234364689198
11	1234364689492	1234364692726
11	1234364722183	1234364728308
11	1234364794300	1234364797821
11	1234364906144	1234364908866
11	1234364959768	1234364973479
12	1234364964145	1234364967145
12	1234364969690	1234364971120
13	1234363291628	1234363299054
13	1234363304105	1234363312509
13	1234363351497	1234363354457
13	1234363391618	1234363396517
13	1234363526164	1234363531276
13	1234363552788	1234363557039
13	1234363563208	1234363568426
13	1234363573879	1234363580226
13	1234364963783	1234364965921
13	1234364969987	1234364974960
13	1234365126285	1234365128055
13	1234365238468	1234365240204
14	1234333890501	1234333897495
14	1234334144039	1234334147982
14	1234334485529	1234334492158
14	1234335094227	1234335098378
14	1234335103593	1234335106446
14	1234335116391	1234335119615
14	1234335130727	1234335135229
14	1234335384204	1234335389499
14	1234335401091	1234335403560
14	1234335404182	1234335407411
14	1234335430360	1234335434103
14	1234335544463	1234335548281
14	1234336138446	1234336142843
14	1234362971898	1234362980593
14	1234362990050	1234362995728
14	1234363002047	1234363003219
14	1234363004295	1234363009346
14	1234363042253	1234363048237
14	1234363084304	1234363087163
14	1234363220125	1234363225212
14	1234363277001	1234363294263
14	1234363309225	1234363313786
14	1234363348404	1234363354681
14	1234363390172	1234363393324
14	1234363528074	1234363532093
14	1234363551081	1234363556119
14	1234363565905	1234363570246
14	1234363573058	1234363577039
14	1234364971840	1234364977255
14	1234365119968	1234365131836
14	1234365238252	1234365242002
15	1234333889449	1234333893324
15	1234333895678	1234333900267
15	1234333952311	1234333957257
15	1234333960458	1234333964302
15	1234334141676	1234334149697
15	1234334161284	1234334165287
15	1234334182480	1234334185210
15	1234334195898	1234334200284
15	1234334342426	1234334347302
15	1234334369023	1234334372414
15	1234334484297	1234334488458
15	1234334527801	1234334529325
15	1234334535246	1234334539528
15	1234335094909	1234335098100
15	1234335102256	1234335106827
15	1234335118472	1234335121708
15	1234335130288	1234335133951
15	1234335386265	1234335391601
15	1234335400602	1234335403326
15	1234335406218	1234335410646
15	1234335430502	1234335433880
15	1234335544996	1234335548772
15	1234336139337	1234336150304
15	1234362971217	1234362975146
15	1234362992935	1234362997279
15	1234363000723	1234363007952
15	1234363044236	1234363049112
15	1234363081846	1234363085378
15	1234363087388	1234363090490
15	1234363211887	1234363216722
15	1234363219516	1234363226256
15	1234363276639	1234363280477
15	1234363310356	1234363313548
15	1234363348626	1234363351770
15	1234363352305	1234363355230
15	1234363381655	1234363387666
15	1234363388386	1234363393510
15	1234363529037	1234363534345
15	1234363550496	1234363556758
15	1234363566463	1234363571162
15	1234363571804	1234363574877
15	1234364973240	1234364975999
15	1234365119256	1234365123502
16	1234333888646	1234333891774
16	1234333896122	1234333900644
16	1234333924948	1234333930237
16	1234333940195	1234333945234
16	1234333951769	1234333955078
16	1234333960301	1234333964201
16	1234333988207	1234333996775
16	1234334078307	1234334086144
16	1234334086779	1234334093393
16	1234334141334	1234334143647
16	1234334146425	1234334148507
16	1234334158253	1234334163240
16	1234334182320	1234334191400
16	1234334194999	1234334197846
16	1234334342732	1234334357044
16	1234334357397	1234334361104
16	1234334362935	1234334386426
16	1234334386741	1234334389344
16	1234334431855	1234334436167
16	1234334452725	1234334457141
16	1234334483525	1234334488302
16	1234334527380	1234334537415
16	1234335095865	1234335106177
16	1234335118324	1234335121560
16	1234335122481	1234335125438
16	1234335128910	1234335133667
16	1234335386695	1234335391462
16	1234335399179	1234335402127
16	1234335406496	1234335410250
16	1234335429084	1234335433284
16	1234335545650	1234335549053
16	1234335598928	1234335602355
16	1234335631304	1234335647644
16	1234335655630	1234335661238
16	1234335668377	1234335673351
16	1234335725600	1234335730450
16	1234336140374	1234336151089
16	1234336228415	1234336229767
16	1234336231354	1234336234426
16	1234342324862	1234342335328
16	1234360041319	1234360042553
16	1234362970802	1234362974625
16	1234363045415	1234363049389
16	1234363049768	1234363051271
16	1234363054255	1234363058219
16	1234363081768	1234363084664
16	1234363087764	1234363091129
16	1234363157207	1234363159572
16	1234363160311	1234363162808
16	1234363166762	1234363169520
16	1234363184592	1234363189538
16	1234363211559	1234363214803
16	1234363222394	1234363234257
16	1234363276378	1234363279802
16	1234363311305	1234363315346
16	1234363347025	1234363349917
16	1234363352575	1234363357426
16	1234363387526	1234363391326
16	1234363529738	1234363532810
16	1234363550104	1234363555125
16	1234363567667	1234363570881
16	1234363571478	1234363576246
16	1234364974848	1234364978335
16	1234365118843	1234365123189
17	1234333886523	1234333891586
17	1234333906178	1234333911058
17	1234333921209	1234333925299
17	1234333962171	1234333969178
17	1234333981168	1234333987190
17	1234333998285	1234334000205
17	1234334002175	1234334006488
17	1234334012475	1234334017858
17	1234334021238	1234334029208
17	1234334067323	1234334083186
17	1234334089260	1234334092194
17	1234334099848	1234334104714
17	1234334107263	1234334110238
17	1234334110506	1234334116228
17	1234334136045	1234334146198
17	1234334148280	1234334150532
17	1234334153247	1234334155518
17	1234334156556	1234334158950
17	1234334183925	1234334185849
17	1234334189426	1234334196273
17	1234334388038	1234334399753
17	1234334454052	1234334461225
17	1234334467252	1234334472119
17	1234334473510	1234334478178
17	1234335097797	1234335100137
17	1234335100412	1234335103861
17	1234335120085	1234335124234
17	1234335388389	1234335394189
17	1234335396169	1234335401872
17	1234335409113	1234335412795
17	1234335415171	1234335418248
17	1234335425967	1234335431609
17	1234335479052	1234335487286
17	1234335496293	1234335505170
17	1234335547134	1234335553186
17	1234335556321	1234335557678
17	1234335593848	1234335599281
17	1234335611578	1234335617496
17	1234335619678	1234335625844
17	1234335627098	1234335629552
17	1234335645201	1234335659990
17	1234335671102	1234335677632
17	1234335679777	1234335682312
17	1234335685073	1234335686986
17	1234335691077	1234335694166
17	1234335695043	1234335709960
17	1234335710262	1234335716909
17	1234335721193	1234335726125
17	1234335727412	1234335735146
17	1234336148358	1234336156326
17	1234336159233	1234336162289
17	1234336216378	1234336221196
17	1234336223373	1234336229300
17	1234342322231	1234342327153
17	1234342342077	1234342343558
17	1234342345247	1234342347036
17	1234342349692	1234342357144
17	1234342390254	1234342399881
17	1234359883398	1234359886967
17	1234359978252	1234359980788
17	1234360021685	1234360031763
17	1234360036165	1234360048647
17	1234360063209	1234360073364
17	1234360079618	1234360084408
17	1234362938054	1234362944365
17	1234362946183	1234362949203
17	1234362963308	1234362969122
17	1234362970480	1234362973259
17	1234363048390	1234363054510
17	1234363055241	1234363084479
17	1234363088831	1234363099283
17	1234363124598	1234363127385
17	1234363129289	1234363135226
17	1234363144304	1234363148924
17	1234363149230	1234363152114
17	1234363166557	1234363172928
17	1234363181350	1234363192618
17	1234363195876	1234363215079
17	1234363240373	1234363242246
17	1234363243368	1234363243891
17	1234363252212	1234363255247
17	1234363271617	1234363280156
17	1234363314054	1234363316060
17	1234363333480	1234363338143
17	1234363339422	1234363349080
17	1234363354269	1234363357238
17	1234363379863	1234363381307
17	1234363384967	1234363387322
17	1234363531668	1234363534926
17	1234363537841	1234363541621
17	1234363543246	1234363552458
17	1234363568654	1234363574102
17	1234364975712	1234364985031
17	1234364987264	1234364990808
17	1234364998058	1234365003982
17	1234365058527	1234365062752
17	1234365067328	1234365069736
17	1234365111056	1234365122898
18	1234333885700	1234333890089
18	1234333907559	1234333924678
18	1234333964701	1234333972555
18	1234333972847	1234333987392
18	1234334014224	1234334018223
18	1234334020127	1234334029441
18	1234334062440	1234334067091
18	1234334468940	1234334476826
18	1234335390001	1234335394827
18	1234335395235	1234335400763
18	1234335478329	1234335512995
18	1234335514168	1234335547331
18	1234335572596	1234335598646
18	1234335701797	1234335707163
18	1234335708148	1234335715435
18	1234335725889	1234335731066
18	1234336217590	1234336229486
18	1234342321824	1234342325489
18	1234342393309	1234342399541
18	1234360080213	1234360084786
18	1234362937634	1234362940968
18	1234363057810	1234363064518
18	1234363073565	1234363080200
18	1234363090804	1234363096644
18	1234363169237	1234363175026
18	1234363175843	1234363178267
18	1234363180244	1234363184300
18	1234363189237	1234363201289
18	1234363334555	1234363342894
18	1234364981060	1234364985227
18	1234364985509	1234364991137
19	1234333884213	1234333889120
19	1234335476495	1234335482149
19	1234335727598	1234335733642
19	1234342321324	1234342324543
19	1234342396111	1234342400486
19	1234359881153	1234359884577
19	1234360081446	1234360085052
19	1234362935433	1234362939291
19	1234363058489	1234363063092
51	1234334015440	1234334024316
51	1234334026190	1234334042965
51	1234334044304	1234334066938
51	1234334470512	1234334475052
51	1234335391307	1234335398534
51	1234335712519	1234335730335
51	1234336219409	1234336225796
51	1234363075459	1234363081520
51	1234363335209	1234363344334
51	1234364982469	1234364991449
21	1234333883199	1234333886000
21	1234335475389	1234335479392
21	1234360082665	1234360085263
24	1234333882440	1234333886851
24	1234335473929	1234335479624
25	1234333881038	1234333886150
25	1234335472447	1234335476828
26	1234333877598	1234333883603
26	1234335469529	1234335475672
27	1234333873426	1234333877998
27	1234335464758	1234335469789
28	1234333871087	1234333877850
28	1234335463271	1234335469190
