1	1233937017788	1233937019455
1	1233937022749	1233937023773
1	1233937025504	1233937026773
1	1233937109495	1233937114203
1	1233937128387	1233937130988
1	1233937131677	1233937133868
1	1233937140185	1233937146613
1	1233937148985	1233937151857
1	1233937154917	1233937159272
1	1233937186350	1233937194699
1	1233937209994	1233937215332
1	1233937218634	1233937238973
1	1233937239844	1233937242455
1	1233937242939	1233937250373
1	1233937296713	1233937305594
1	1233937314761	1233937324918
1	1233937388296	1233937392444
1	1233937408933	1233937409827
1	1233937441920	1233937451494
1	1233937459630	1233937462894
1	1233937466848	1233937470307
1	1233937480289	1233937490402
1	1233937681055	1233937681696
1	1233937684095	1233937710702
1	1233937963153	1233937968037
1	1233938603764	1233938607007
1	1233938634198	1233938635116
1	1233938637695	1233938638324
1	1233938732361	1233938739498
2	1233937028599	1233937031601
2	1233937055473	1233937061630
2	1233937061881	1233937071169
2	1233937108256	1233937111016
2	1233937322494	1233937338474
2	1233937355172	1233937385590
2	1233937399990	1233937400572
2	1233937402633	1233937405428
2	1233937421056	1233937424616
2	1233937454493	1233937457709
2	1233948518165	1233948523355
2	1233948526763	1233948530759
3	1233937067876	1233937071690
3	1233937076771	1233937080865
3	1233937085984	1233937087014
3	1233937107966	1233937110379
3	1233937326474	1233937328044
3	1233937330819	1233937347525
3	1233937349128	1233937367181
3	1233937400278	1233937406763
4	1233937078125	1233937088657
4	1233937094903	1233937104360
4	1233937337522	1233937337983
4	1233937343196	1233937343430
4	1233937345355	1233937346232
4	1233937347230	1233937349254
4	1233937351673	1233937352122
5	1233937079733	1233937085680
5	1233937087279	1233937095212
5	1233937101908	1233937109701
6	1233937068605	1233937072079
6	1233937085828	1233937089352
6	1233937092934	1233937097222
6	1233937101652	1233937105070
6	1233937106861	1233937110650
6	1233937194914	1233937197335
6	1233937200689	1233937202725
6	1233937205849	1233937209741
6	1233937305958	1233937316974
6	1233937337394	1233937340392
6	1233937416509	1233937420578
6	1233937423490	1233937428520
6	1233937430644	1233937442713
7	1233937129314	1233937133634
7	1233937194126	1233937197175
7	1233937207204	1233937212986
7	1233937224409	1233937226689
7	1233937249139	1233937250954
7	1233937300974	1233937317591
7	1233937321755	1233937322800
7	1233937374283	1233937376887
7	1233937380578	1233937396632
7	1233937397516	1233937399863
7	1233937403439	1233937405291
7	1233937406147	1233937407214
7	1233937409517	1233937419184
7	1233937425402	1233937435874
7	1233937443006	1233937447966
7	1233937451686	1233937478062
7	1233937480476	1233937496382
7	1233937678310	1233937693328
7	1233937704331	1233937705474
7	1233937965438	1233937968475
7	1233938604413	1233938606534
7	1233938634553	1233938638663
7	1233948515699	1233948518446
7	1233948533290	1233948536132
8	1233904016996	1233904997928
8	1233909182653	1233909189308
8	1233915365760	1233915369818
8	1233915373609	1233915376141
8	1233937016855	1233937019742
8	1233937193927	1233937196972
8	1233937208930	1233937212677
8	1233937248862	1233937264358
8	1233937316592	1233937317387
8	1233937386045	1233937402442
8	1233937403687	1233937415080
8	1233937439472	1233937445200
8	1233937451948	1233937496854
8	1233937497574	1233937499626
8	1233937501812	1233937504647
8	1233937506600	1233937514282
8	1233937515050	1233937517364
8	1233937537863	1233937548055
8	1233937572375	1233937575270
8	1233937587563	1233937595698
8	1233937645504	1233937652097
8	1233937674959	1233937682656
8	1233937685020	1233937690135
8	1233937704762	1233937707488
8	1233937965078	1233937969004
8	1233938099280	1233938103541
8	1233938486883	1233938489476
8	1233938601414	1233938606325
8	1233948514623	1233948518666
8	1233948533083	1233948535915
9	1233909183306	1233909190072
9	1233909230642	1233909239892
9	1233909566775	1233909570719
9	1233909909909	1233909913592
9	1233915366256	1233915370473
9	1233915411930	1233915414955
9	1233915450927	1233915455619
9	1233915466974	1233915469305
9	1233915949431	1233915952810
9	1233916091186	1233916094845
9	1233916100375	1233916103909
9	1233937251256	1233937254078
9	1233937254965	1233937256709
9	1233937259881	1233937263124
9	1233937391603	1233937394113
9	1233937454059	1233937459837
9	1233937475812	1233937480636
9	1233937481204	1233937483596
9	1233937486759	1233937493308
9	1233937496550	1233937502903
9	1233937509172	1233937520562
9	1233937538360	1233937544196
9	1233937550972	1233937554297
9	1233937570799	1233937575453
9	1233937578019	1233937595337
9	1233937650791	1233937652386
9	1233937666453	1233937669430
9	1233937675334	1233937677960
9	1233937966525	1233937971134
9	1233937982890	1233937986415
9	1233938099933	1233938103281
9	1233948515020	1233948516054
10	1233909654198	1233909659467
10	1233915365132	1233915366400
10	1233915943503	1233915945771
10	1233930461454	1233930470749
10	1233937616428	1233937618650
11	1233936994180	1233937002984
11	1233937003704	1233937005514
11	1233937012709	1233937016973
11	1233937580048	1233937580926
11	1233937613920	1233937618302
11	1233937620317	1233937621368
11	1233937622799	1233937629513
11	1233937634292	1233937643179
11	1233937656542	1233937660582
12	1233936993615	1233936996840
12	1233937012563	1233937015322
12	1233937564581	1233937565178
12	1233937618163	1233937631201
12	1233937633954	1233937648163
13	1233930463886	1233930464283
13	1233930468359	1233930470422
13	1233936991776	1233936994697
13	1233937014778	1233937017108
13	1233937526102	1233937534926
13	1233937556750	1233937570948
13	1233937595496	1233937606990
13	1233937607512	1233937624515
13	1233937626599	1233937636853
13	1233937642926	1233937648406
13	1233937651609	1233937655224
13	1233937659510	1233937663032
13	1233937672432	1233937675614
13	1233946904792	1233946909152
13	1233946941238	1233946942793
13	1233946963219	1233946965531
13	1233946981149	1233946992430
13	1233946998952	1233947007473
13	1233947016815	1233947023242
13	1233947029202	1233947032321
13	1233947035298	1233947047136
13	1233947160594	1233947170220
13	1233947179209	1233947181742
13	1233947183130	1233947187262
13	1233947192231	1233947194276
13	1233947202951	1233947204021
13	1233947211476	1233947215168
13	1233947220468	1233947224130
13	1233947226939	1233947232748
13	1233947233551	1233947239283
13	1233947248556	1233947258420
13	1233947265289	1233947270972
13	1233947276511	1233947277858
13	1233947283524	1233947289113
13	1233947291802	1233947294980
13	1233947304104	1233947305253
13	1233947307489	1233947310262
13	1233947312399	1233947315548
13	1233947328485	1233947334316
13	1233947334599	1233947336499
13	1233947337122	1233947345410
13	1233947352263	1233947361092
13	1233947366379	1233947373970
13	1233947406703	1233947409229
13	1233947414362	1233947416118
13	1233947417819	1233947419219
13	1233947422202	1233947429998
13	1233947433662	1233947437142
13	1233947438682	1233947444612
13	1233947445032	1233947448713
13	1233947453931	1233947456430
13	1233947460503	1233947462524
13	1233947465512	1233947470278
13	1233947474574	1233947492754
13	1233947498966	1233947510534
13	1233947519337	1233947521199
13	1233947533383	1233947535535
13	1233947537539	1233947538057
13	1233947538567	1233947541692
13	1233947544222	1233947546421
13	1233947555363	1233947560924
13	1233947565519	1233947574698
13	1233947580162	1233947581379
13	1233947586777	1233947591312
13	1233947603124	1233947610449
13	1233947613761	1233947616310
13	1233947657011	1233947665020
13	1233947685908	1233947688627
13	1233947710196	1233947713760
13	1233947727600	1233947730295
13	1233947745460	1233947749882
13	1233947755225	1233947759157
13	1233947760979	1233947770374
13	1233947776268	1233947778925
13	1233947781632	1233947791752
13	1233947796890	1233947803532
13	1233947807012	1233947811520
13	1233947823215	1233947829979
13	1233947830951	1233947836152
13	1233947839495	1233947841998
13	1233947845703	1233947852214
13	1233947858710	1233947869472
13	1233947870141	1233947872586
13	1233947876073	1233947878222
13	1233947882078	1233947887502
13	1233947894333	1233947899312
13	1233947900919	1233947906591
13	1233947909969	1233947913259
13	1233947917800	1233947924198
13	1233947929342	1233947930382
13	1233947935559	1233947941434
13	1233947954660	1233947967031
13	1233947968142	1233947970069
13	1233947971380	1233947979035
13	1233947987925	1233947989633
13	1233948008129	1233948039169
13	1233948042346	1233948053302
13	1233948056006	1233948058561
13	1233948074044	1233948082917
13	1233948086519	1233948089611
13	1233948094652	1233948096012
13	1233948100347	1233948101882
13	1233948104760	1233948110373
13	1233948116370	1233948118324
13	1233948121839	1233948122507
13	1233948127673	1233948133540
13	1233948136829	1233948139631
13	1233948156440	1233948159079
13	1233948175154	1233948178332
13	1233948182279	1233948185601
13	1233948212920	1233948213865
13	1233948216950	1233948218854
13	1233948220302	1233948224377
13	1233948224653	1233948233883
13	1233948248230	1233948257375
13	1233948260222	1233948274161
13	1233948278892	1233948287274
13	1233948291173	1233948293744
13	1233948294253	1233948300452
13	1233948302400	1233948303464
13	1233948315212	1233948316271
13	1233948317511	1233948321405
13	1233948333854	1233948342069
13	1233948345491	1233948347468
13	1233948353532	1233948360490
13	1233948361344	1233948363372
13	1233948365201	1233948366940
13	1233948368568	1233948374423
13	1233948375579	1233948380414
13	1233948381519	1233948383826
13	1233948386810	1233948401537
13	1233948402379	1233948404402
13	1233948418314	1233948419971
13	1233948425524	1233948431415
13	1233948434645	1233948438686
13	1233948446872	1233948449623
13	1233948460419	1233948465150
13	1233948482517	1233948489009
13	1233948493674	1233948495201
13	1233948505753	1233948506590
13	1233948508502	1233948515825
13	1233948536300	1233948547902
13	1233948548173	1233948550862
13	1233948555000	1233948557555
13	1233948557873	1233948559934
13	1233948570162	1233948572049
13	1233948580783	1233948585022
13	1233948595201	1233948598829
13	1233948600361	1233948602404
13	1233948625466	1233948629337
13	1233948634741	1233948640467
13	1233948642202	1233948644248
13	1233948684206	1233948688710
13	1233948694723	1233948704720
13	1233948706268	1233948715503
13	1233948720159	1233948724285
13	1233948726122	1233948727962
13	1233948732218	1233948734313
13	1233948746422	1233948748939
13	1233948764659	1233948765595
13	1233948770498	1233948774787
13	1233948785162	1233948794560
13	1233948797422	1233948803600
13	1233948806712	1233948809276
13	1233948809565	1233948815530
13	1233948822088	1233948827742
13	1233948833465	1233948837784
13	1233948843199	1233948848564
13	1233948867473	1233948872969
13	1233948880029	1233948887280
13	1233948890852	1233948891883
13	1233948893996	1233948896418
13	1233948900569	1233948903689
13	1233948918853	1233948926800
13	1233948927352	1233948930739
13	1233948974859	1233948981850
13	1233949024363	1233949037478
13	1233949049470	1233949055885
13	1233949065545	1233949071663
13	1233949077662	1233949079163
13	1233949080929	1233949086692
13	1233949087390	1233949098619
13	1233949099551	1233949101269
13	1233949111019	1233949116912
13	1233949120901	1233949122924
13	1233949126359	1233949128777
13	1233949129567	1233949131629
13	1233949134442	1233949143699
13	1233949149546	1233949150745
13	1233949154055	1233949161490
13	1233949162998	1233949164909
13	1233949173629	1233949180919
13	1233949233911	1233949234905
13	1233949248215	1233949249374
13	1233949251393	1233949256041
13	1233949270187	1233949271242
13	1233949278582	1233949282781
13	1233949315969	1233949318225
13	1233949320863	1233949321658
13	1233949327096	1233949330244
13	1233949333772	1233949339454
13	1233949340140	1233949348247
13	1233949351780	1233949358259
13	1233949366457	1233949367852
13	1233949370944	1233949376680
13	1233949388124	1233949394684
13	1233949397437	1233949399819
13	1233949405912	1233949408713
13	1233949411628	1233949427052
13	1233949445732	1233949447502
13	1233949451810	1233949456183
13	1233949462646	1233949464202
13	1233949465921	1233949469098
13	1233949516475	1233949520529
13	1233949550924	1233949555989
13	1233949556621	1233949558643
13	1233949560089	1233949576838
13	1233949587110	1233949589680
13	1233949596299	1233949603762
13	1233949606860	1233949610292
13	1233949616728	1233949618529
13	1233949641114	1233949646137
13	1233949671722	1233949674696
13	1233949676642	1233949683093
13	1233949719524	1233949722229
13	1233949743874	1233949745649
13	1233949767352	1233949768426
13	1233949797129	1233949800968
13	1233949824695	1233949827703
13	1233949829614	1233949830691
13	1233949898256	1233949899361
13	1233949932762	1233949934869
13	1233949941065	1233949947254
13	1233949950847	1233949965915
13	1233950367902	1233950390977
13	1233950403141	1233950408420
13	1233950412097	1233950416011
13	1233950421880	1233950423615
13	1233950427819	1233950432721
13	1233950435954	1233950438699
13	1233950447266	1233950451570
13	1233950460070	1233950464239
13	1233950465802	1233950478474
13	1233950486650	1233950492374
13	1233950498142	1233950502854
13	1233950508647	1233950510482
13	1233950516738	1233950519722
13	1233950520364	1233950523923
13	1233950529840	1233950534850
13	1233950535344	1233950537455
13	1233950549375	1233950549617
13	1233950550494	1233950554299
13	1233950556190	1233950560155
13	1233950694369	1233950696019
13	1233950702667	1233950716811
13	1233950720859	1233950722862
13	1233950732415	1233950741592
13	1233950743529	1233950746517
13	1233950750950	1233950755464
13	1233950759243	1233950761287
13	1233950773803	1233950774872
13	1233950777939	1233950780369
13	1233950784122	1233950789489
13	1233950794573	1233950798200
13	1233950810459	1233950820319
13	1233950821535	1233950837770
13	1233950840359	1233950850231
13	1233950852098	1233950854430
13	1233950857762	1233950865824
13	1233950893835	1233950896623
13	1233950947740	1233950955446
13	1233950956459	1233950958782
13	1233950959095	1233950967372
13	1233950997253	1233951001052
13	1233951003811	1233951015378
13	1233951017083	1233951019232
13	1233951024660	1233951033799
13	1233951035130	1233951038244
13	1233951082571	1233951091117
13	1233951108701	1233951116180
13	1233951127372	1233951130599
13	1233951139309	1233951145967
13	1233951163019	1233951164909
13	1233951173503	1233951174493
13	1233951188614	1233951192940
13	1233951194820	1233951195714
13	1233951204122	1233951210095
13	1233951210384	1233951216773
13	1233951246845	1233951251262
13	1233951251932	1233951261219
13	1233951283300	1233951288216
13	1233951308566	1233951315991
13	1233951326359	1233951330050
13	1233951330432	1233951332622
13	1233951337000	1233951338759
13	1233951339557	1233951341620
13	1233951347430	1233951351092
13	1233951352246	1233951354003
13	1233951356466	1233951358252
13	1233951360615	1233951362702
13	1233951363472	1233951369223
13	1233951371564	1233951377464
13	1233951383453	1233951385180
13	1233951389667	1233951392941
13	1233951396509	1233951405360
13	1233951407289	1233951413320
13	1233951458502	1233951462728
13	1233951465108	1233951469802
13	1233951472910	1233951475498
13	1233951475796	1233951478802
13	1233951479541	1233951484921
13	1233951505931	1233951508286
13	1233951541992	1233951544679
13	1233951580888	1233951586159
13	1233951592483	1233951596279
13	1233951598484	1233951599725
13	1233951608540	1233951610379
13	1233951612398	1233951614745
13	1233951623772	1233951628966
13	1233951635572	1233951640629
13	1233951644032	1233951649849
13	1233951653964	1233951658222
13	1233951659125	1233951662718
13	1233951664549	1233951667629
13	1233951670894	1233951673400
13	1233951674735	1233951676340
13	1233951681123	1233951687050
13	1233951689722	1233951691700
13	1233951691993	1233951694271
13	1233951695800	1233951698260
13	1233951698881	1233951701439
13	1233951704690	1233951709869
13	1233951712914	1233951716040
13	1233951721859	1233951723029
13	1233951723434	1233951725338
13	1233951727510	1233951731907
13	1233951736998	1233951739780
13	1233951748216	1233951749304
13	1233951760713	1233951764502
13	1233951768894	1233951772727
13	1233951789828	1233951792610
13	1233951819490	1233951825505
13	1233951826190	1233951830295
13	1233951870599	1233951874663
13	1233951920169	1233951933213
13	1233951940339	1233951942930
13	1233951945303	1233951954520
13	1233951958667	1233951961159
13	1233951965176	1233951976234
13	1233951978995	1233951982740
13	1233952005706	1233952009659
13	1233952017282	1233952022027
13	1233952029432	1233952032321
13	1233952036591	1233952039010
13	1233952039301	1233952042223
13	1233952051042	1233952055145
13	1233952056819	1233952060202
13	1233952060491	1233952065946
13	1233952067410	1233952070432
13	1233952077998	1233952079607
13	1233952080192	1233952085960
13	1233952097352	1233952100930
13	1233952103393	1233952107058
13	1233952108331	1233952110416
13	1233952121705	1233952124925
13	1233952127594	1233952128789
13	1233952145402	1233952155720
13	1233952160249	1233952163364
13	1233952181950	1233952187552
13	1233952189122	1233952191739
13	1233952194416	1233952202558
13	1233952202931	1233952204024
13	1233952205490	1233952210405
13	1233952218562	1233952220719
13	1233952221318	1233952223860
13	1233952232254	1233952233831
13	1233952235339	1233952236895
13	1233952256293	1233952259609
13	1233952271282	1233952272747
13	1233952286225	1233952296366
13	1233952298692	1233952307447
13	1233952312219	1233952313879
13	1233952314382	1233952318209
13	1233952322324	1233952328446
13	1233952334572	1233952337470
13	1233952341972	1233952343784
13	1233952346270	1233952347881
13	1233952352676	1233952365986
13	1233952373822	1233952390323
13	1233952396701	1233952398222
13	1233952405622	1233952406881
13	1233952424052	1233952426858
13	1233952444432	1233952445779
13	1233952452300	1233952460291
13	1233952460627	1233952462202
13	1233952467127	1233952474599
13	1233952477951	1233952483882
13	1233952486340	1233952487582
13	1233952489838	1233952498799
13	1233952510699	1233952511318
13	1233952515313	1233952517306
13	1233952519528	1233952521166
13	1233952525465	1233952528263
13	1233952555450	1233952556357
13	1233952559831	1233952561532
13	1233952589300	1233952591420
13	1233952618600	1233952622933
13	1233952667287	1233952668370
13	1233952673498	1233952674492
13	1233952682818	1233952685279
13	1233952703884	1233952706366
13	1233952713431	1233952718267
13	1233952720111	1233952725240
13	1233952746240	1233952749241
13	1233952751281	1233952752925
13	1233952754492	1233952757203
13	1233952759009	1233952760821
13	1233952863040	1233952868179
13	1233952868981	1233952871430
13	1233952904934	1233952908499
13	1233952931718	1233952935812
13	1233952942276	1233952944247
13	1233952952929	1233952955312
13	1233952961985	1233952964182
13	1233952968112	1233952969304
13	1233953067490	1233953068552
13	1233953076642	1233953079310
13	1233953085673	1233953085977
13	1233953091438	1233953097452
13	1233953105054	1233953107890
13	1233953120114	1233953122902
13	1233953130743	1233953141242
13	1233953151379	1233953152882
13	1233953166865	1233953169674
13	1233953204180	1233953205882
13	1233953207239	1233953208947
13	1233953212163	1233953214350
13	1233953220549	1233953223319
13	1233953226492	1233953229838
13	1233953231271	1233953233150
13	1233953240064	1233953242019
13	1233953245011	1233953247503
13	1233953291648	1233953294410
13	1233953402287	1233953406379
13	1233953406717	1233953411780
13	1233953417422	1233953418822
13	1233953426559	1233953429300
13	1233953432350	1233953435361
13	1233953444380	1233953446219
13	1233953456661	1233953463355
13	1233953473100	1233953477538
13	1233953481064	1233953483322
13	1233953498295	1233953501654
13	1233953503302	1233953505601
13	1233953534279	1233953543182
13	1233953617478	1233953619769
13	1233953637691	1233953642113
13	1233953648128	1233953649899
13	1233953667480	1233953669163
13	1233953688380	1233953689991
13	1233953692279	1233953697210
13	1233953700426	1233953702265
13	1233953712411	1233953716684
13	1233953721697	1233953722594
13	1233953734422	1233953736925
13	1233953737821	1233953739581
13	1233953762031	1233953763642
13	1233953778316	1233953783381
13	1233953790989	1233953799469
13	1233953803033	1233953805352
13	1233953808260	1233953809609
13	1233953811814	1233953814570
13	1233953814875	1233953817820
13	1233953821931	1233953823288
13	1233953823816	1233953826384
13	1233953832614	1233953837134
13	1233953840269	1233953841523
13	1233953842688	1233953844448
13	1233953845722	1233953847364
13	1233953893226	1233953896632
13	1233953897885	1233953900240
13	1233953901251	1233953905373
13	1233953906894	1233953909009
13	1233953909682	1233953924402
13	1233953928035	1233953929874
13	1233953931092	1233953932741
13	1233953941318	1233953945616
13	1233953951749	1233953953750
13	1233953959755	1233953966752
13	1233953968202	1233953969592
13	1233953975585	1233953977912
13	1233953980633	1233953990668
13	1233953992279	1233954022501
13	1233954025956	1233954031658
13	1233954038412	1233954040555
13	1233954052731	1233954056626
13	1233954071281	1233954073522
13	1233954074044	1233954076486
13	1233954078082	1233954082917
13	1233954085340	1233954098756
13	1233954103794	1233954109824
13	1233954112965	1233954115880
13	1233954118972	1233954121363
13	1233954131232	1233954133451
13	1233954145692	1233954147092
13	1233954209818	1233954210945
13	1233954212613	1233954224681
13	1233954236634	1233954251312
13	1233954278679	1233954280230
13	1233954405585	1233954407678
13	1233954428291	1233954441543
13	1233954468747	1233954474523
13	1233954538862	1233954544654
13	1233954569185	1233954580738
13	1233954601983	1233954604515
13	1233954625475	1233954626843
13	1233954634325	1233954635724
14	1233915359926	1233915362518
14	1233915365914	1233915369981
14	1233915396477	1233915400543
14	1233915414705	1233915418500
14	1233915463757	1233915466612
14	1233915949102	1233915952310
14	1233916087479	1233916090800
14	1233916103562	1233916107049
14	1233916114261	1233916116312
14	1233930457942	1233930460193
14	1233930467881	1233930471024
14	1233936991052	1233936994462
14	1233937014577	1233937017500
14	1233937496174	1233937504763
14	1233937505288	1233937536106
14	1233937553329	1233937564285
14	1233937568317	1233937572062
14	1233937595134	1233937596125
14	1233937597898	1233937598753
14	1233937600962	1233937609752
14	1233937644788	1233937648003
14	1233937650535	1233937654583
14	1233937663306	1233937666274
14	1233937669055	1233937675121
14	1233937970847	1233937971604
14	1233937977549	1233937980065
14	1233938004847	1233938008018
14	1233938010426	1233938013356
14	1233938019452	1233938021895
14	1233938484054	1233938487166
14	1233947027269	1233947028963
14	1233947042118	1233947049503
14	1233947158072	1233947163656
14	1233948512153	1233948515360
14	1233948534127	1233948539068
15	1233904017325	1233904020674
15	1233904997679	1233905001085
15	1233910778174	1233910782164
15	1233915359526	1233915365286
15	1233915373871	1233915378839
15	1233915394562	1233915399352
15	1233915415047	1233915419028
15	1233915455763	1233915457990
15	1233915464085	1233915467110
15	1233915953097	1233915955699
15	1233916085164	1233916091326
15	1233916104075	1233916107400
15	1233916114633	1233916116810
15	1233929368460	1233929370707
15	1233929375413	1233929377538
15	1233929504283	1233929507223
15	1233930456017	1233930460479
15	1233930469794	1233930471520
15	1233936988592	1233936993816
15	1233937260177	1233937263580
15	1233937499035	1233937510879
15	1233937532191	1233937533001
15	1233937545439	1233937548384
15	1233937556129	1233937557133
15	1233937661363	1233937666595
15	1233937896098	1233937901266
15	1233937971247	1233937973973
15	1233937977077	1233937980725
15	1233938010821	1233938025796
15	1233938098007	1233938106103
15	1233938480724	1233938484381
15	1233938489147	1233938491796
15	1233938583272	1233938606720
15	1233947044540	1233947049819
15	1233947155932	1233947160883
16	1233903904135	1233903907201
16	1233903912572	1233903916554
16	1233903964377	1233903967530
16	1233904997246	1233905000928
16	1233909067844	1233909072841
16	1233909140568	1233909144181
16	1233909160834	1233909164912
16	1233909168399	1233909177741
16	1233910777885	1233910782052
16	1233915091093	1233915100007
16	1233915111449	1233915116147
16	1233915146173	1233915166159
16	1233915201027	1233915231430
16	1233915256073	1233915259759
16	1233915330126	1233915334465
16	1233915359230	1233915362706
16	1233915376515	1233915378678
16	1233915394407	1233915398733
16	1233915414845	1233915418861
16	1233915455461	1233915466814
16	1233915952654	1233915971152
16	1233916061198	1233916063396
16	1233916066036	1233916068990
16	1233916084831	1233916091011
16	1233916103756	1233916116506
16	1233929362784	1233929380909
16	1233929386003	1233929389221
16	1233929504098	1233929514222
16	1233929562842	1233929568689
16	1233929571112	1233929573320
16	1233929601397	1233929601834
16	1233929602153	1233929604770
16	1233929616510	1233929635522
16	1233929637880	1233929640294
16	1233929654902	1233929668290
16	1233929779226	1233929790600
16	1233929793271	1233929807455
16	1233929807992	1233929811565
16	1233929861932	1233929864448
16	1233929924343	1233929929104
16	1233929930499	1233929931664
16	1233929934069	1233929939395
16	1233930002953	1233930006399
16	1233930014697	1233930017927
16	1233930024928	1233930026820
16	1233930027550	1233930030978
16	1233930032485	1233930034082
16	1233930063321	1233930069249
16	1233930075139	1233930082127
16	1233930106130	1233930111699
16	1233930154032	1233930159567
16	1233930175361	1233930178945
16	1233930250762	1233930256402
16	1233930343074	1233930346037
16	1233930455352	1233930460352
16	1233930469635	1233930473334
16	1233930478539	1233930482197
16	1233930488422	1233930490987
16	1233930496300	1233930500031
16	1233936982379	1233936992183
16	1233937260480	1233937263435
16	1233937895482	1233937900979
16	1233937970996	1233937973828
16	1233937976815	1233937980435
16	1233938011093	1233938027576
16	1233938038246	1233938041104
16	1233938097873	1233938099756
16	1233938102430	1233938104388
16	1233938480325	1233938483010
16	1233938488995	1233938492830
16	1233938572027	1233938573872
16	1233938574162	1233938576394
16	1233938576702	1233938600579
16	1233947047022	1233947050386
16	1233947109771	1233947129313
16	1233947139589	1233947144064
16	1233947150153	1233947154780
16	1233947155642	1233947158354
17	1233903841023	1233903843823
17	1233903846637	1233903848245
17	1233903848964	1233903856125
17	1233903863878	1233903871389
17	1233903873273	1233903880417
17	1233903882078	1233903886405
17	1233903894978	1233903898754
17	1233903903808	1233903910063
17	1233903912359	1233903922005
17	1233903926130	1233903927674
17	1233903933654	1233903937901
17	1233903940602	1233903944679
17	1233903970608	1233903988232
17	1233904007099	1233904020164
17	1233904998226	1233905003902
17	1233909046501	1233909061857
17	1233909067504	1233909090207
17	1233909109576	1233909117994
17	1233909121424	1233909189561
17	1233910777536	1233910790530
17	1233914966245	1233915002269
17	1233915006742	1233915049538
17	1233915085686	1233915095850
17	1233915115931	1233915120597
17	1233915133750	1233915150157
17	1233915161188	1233915170406
17	1233915191928	1233915200825
17	1233915227710	1233915267774
17	1233915292203	1233915329931
17	1233915339752	1233915344468
17	1233915355002	1233915360083
17	1233915376308	1233915381564
17	1233915386527	1233915393884
17	1233915418648	1233915426599
17	1233915433145	1233915439887
17	1233915460652	1233915463899
17	1233915963154	1233915966948
17	1233915970943	1233915979178
17	1233915984295	1233916005498
17	1233916052494	1233916063209
17	1233916078761	1233916084460
17	1233916110448	1233916114423
17	1233929357382	1233929362423
17	1233929405639	1233929407586
17	1233929413974	1233929424879
17	1233929478681	1233929480575
17	1233929484308	1233929490323
17	1233929501510	1233929503874
17	1233929527817	1233929556668
17	1233929601165	1233929602033
17	1233929604568	1233929610101
17	1233929611129	1233929613352
17	1233929631187	1233929637699
17	1233929686274	1233929692004
17	1233929697752	1233929704324
17	1233929713175	1233929714289
17	1233929726298	1233929737513
17	1233929741554	1233929743155
17	1233929758627	1233929767256
17	1233929771548	1233929773233
17	1233929775716	1233929779004
17	1233929810619	1233929819886
17	1233929904633	1233929915550
17	1233929970854	1233929979195
17	1233930032284	1233930035927
17	1233930038579	1233930041647
17	1233930108700	1233930113011
17	1233930114868	1233930115966
17	1233930117589	1233930130770
17	1233930132194	1233930138409
17	1233930142611	1233930145984
17	1233930151745	1233930166409
17	1233930168559	1233930171577
17	1233930172300	1233930175146
17	1233930176316	1233930178806
17	1233930197214	1233930199302
17	1233930201423	1233930202924
17	1233930203186	1233930213659
17	1233930220675	1233930223304
17	1233930224134	1233930238693
17	1233930240293	1233930244084
17	1233930247044	1233930270613
17	1233930341230	1233930350167
17	1233930351406	1233930357388
17	1233930369309	1233930375593
17	1233930430595	1233930460670
17	1233930471207	1233930481177
17	1233930499469	1233930517580
17	1233936962018	1233936966747
17	1233936972386	1233936976102
17	1233937261281	1233937268713
17	1233937894974	1233937897535
17	1233937900653	1233937902602
17	1233937928371	1233937931069
17	1233937971914	1233937980222
17	1233938018448	1233938020058
17	1233938023075	1233938028083
17	1233938030993	1233938071524
17	1233938096618	1233938099400
17	1233938103075	1233938108714
17	1233938164175	1233938168613
17	1233938231156	1233938240592
17	1233938479851	1233938482556
17	1233938490086	1233938494898
17	1233938540801	1233938541555
17	1233938542261	1233938575116
17	1233938667970	1233938675359
17	1233938743325	1233938754375
17	1233938838393	1233938841432
17	1233947048056	1233947052819
17	1233947067468	1233947070926
17	1233947073510	1233947076496
17	1233947106751	1233947110026
17	1233947125900	1233947131126
17	1233947137880	1233947140278
17	1233947140999	1233947143512
17	1233947148369	1233947158165
18	1233903802556	1233903809285
18	1233903877157	1233903880182
18	1233903918574	1233903920764
18	1233903934111	1233903945012
18	1233903984912	1233903993296
18	1233904007274	1233904010350
18	1233905001377	1233905016653
18	1233909047424	1233909052225
18	1233909080305	1233909090412
18	1233909130488	1233909140811
18	1233914967159	1233914971632
18	1233915133995	1233915143343
18	1233915242152	1233915251464
18	1233915295877	1233915305048
18	1233915352990	1233915355156
18	1233915386867	1233915394706
18	1233915436330	1233915440378
18	1233916056254	1233916061698
18	1233929356936	1233929360028
18	1233929487518	1233929490639
18	1233929498583	1233929501777
18	1233929728366	1233929734162
18	1233930123633	1233930129631
18	1233930209179	1233930214203
18	1233930219609	1233930226516
18	1233930346680	1233930352017
18	1233930436766	1233930442592
18	1233930472832	1233930478689
18	1233930494146	1233930496701
18	1233937117257	1233937118684
18	1233937122244	1233937127624
18	1233937161425	1233937164168
18	1233937177020	1233937180248
18	1233937182106	1233937185194
18	1233937264116	1233937269618
18	1233937756533	1233937764384
18	1233937882040	1233937886344
18	1233937889109	1233937897861
18	1233937901408	1233937902785
18	1233937903332	1233937906362
18	1233937919639	1233937922203
18	1233937927820	1233937931405
18	1233937937050	1233937948084
18	1233938053975	1233938100840
18	1233938104115	1233938109509
18	1233938162757	1233938172053
18	1233938229139	1233938233842
18	1233938237266	1233938251350
18	1233938453658	1233938462250
18	1233938476953	1233938482718
18	1233938491500	1233938499157
18	1233938520396	1233938555640
18	1233938649047	1233938661293
18	1233938666659	1233938667573
18	1233938669912	1233938675987
18	1233938679159	1233938685080
18	1233938743035	1233938750288
18	1233938751650	1233938755269
18	1233938838742	1233938840619
18	1233947055720	1233947062096
18	1233947062704	1233947077153
18	1233947080802	1233947083320
18	1233947085660	1233947088529
18	1233947092024	1233947098849
18	1233947101302	1233947110878
18	1233947127617	1233947140029
19	1233903801526	1233903808719
19	1233903991342	1233903994176
19	1233904003154	1233904009963
19	1233909046782	1233909052032
19	1233914966534	1233914971424
19	1233915439263	1233915444115
19	1233929356082	1233929359848
19	1233929431252	1233929478872
19	1233930210682	1233930211604
19	1233936960864	1233936963611
19	1233937114380	1233937118483
19	1233937124794	1233937128718
19	1233937158468	1233937163950
19	1233937181902	1233937186068
19	1233937266569	1233937271969
19	1233937727016	1233937730052
19	1233937753918	1233937758465
19	1233937761383	1233937765054
19	1233937869488	1233937872789
19	1233937878452	1233937886055
19	1233937890785	1233937895762
19	1233937928066	1233937940480
19	1233937942601	1233937962846
19	1233938053555	1233938056234
19	1233938060448	1233938062208
19	1233938067412	1233938070339
19	1233938072029	1233938074361
19	1233938088567	1233938097398
19	1233938105875	1233938109733
19	1233938142796	1233938148986
19	1233938160482	1233938162976
19	1233938168730	1233938171864
19	1233938180829	1233938183538
19	1233938216874	1233938218877
19	1233938221705	1233938225005
19	1233938227834	1233938231905
19	1233938246799	1233938252016
19	1233938252306	1233938255776
19	1233938258348	1233938259072
19	1233938259352	1233938261316
19	1233938308810	1233938311754
19	1233938312694	1233938315963
19	1233938417344	1233938422695
19	1233938431388	1233938434312
19	1233938441201	1233938446634
19	1233938452744	1233938455882
19	1233938458505	1233938465670
19	1233938474636	1233938480971
19	1233938495611	1233938500627
19	1233938504296	1233938526363
19	1233938622208	1233938634347
19	1233938648332	1233938652373
19	1233938655636	1233938670174
19	1233938673174	1233938685966
19	1233938742111	1233938744875
19	1233938751988	1233938757383
19	1233947053191	1233947055398
19	1233947055949	1233947058411
20	1233938314587	1233938323208
20	1233938410991	1233938419920
20	1233938506958	1233938510415
20	1233938625458	1233938630918
21	1233929353984	1233929357588
21	1233937114896	1233937116871
21	1233937126033	1233937129616
21	1233937158068	1233937161200
21	1233937183264	1233937187576
21	1233937269049	1233937272675
21	1233937711065	1233937712480
21	1233937714106	1233937718222
21	1233937719650	1233937720339
21	1233937723798	1233937740672
21	1233937743996	1233937747904
21	1233937750897	1233937756843
21	1233937782932	1233937812530
21	1233937844056	1233937872983
21	1233937891727	1233937897724
21	1233937934804	1233937937861
21	1233937940129	1233937965596
21	1233938107206	1233938109858
21	1233938142235	1233938144722
21	1233938147660	1233938150898
21	1233938160240	1233938161012
21	1233938169377	1233938174773
21	1233938181006	1233938184027
21	1233938196103	1233938199032
21	1233938208190	1233938220086
21	1233938221896	1233938230392
21	1233938249465	1233938254483
21	1233938258713	1233938273720
21	1233938275432	1233938278897
21	1233938303193	1233938318130
21	1233938321448	1233938342465
21	1233938408524	1233938411517
21	1233938420504	1233938425509
21	1233938428349	1233938435342
21	1233938443739	1233938447644
21	1233938450233	1233938453384
21	1233938462652	1233938465240
21	1233938474400	1233938476840
21	1233938498264	1233938507838
21	1233938616472	1233938618430
21	1233938621488	1233938625652
21	1233938631135	1233938634672
21	1233938643932	1233938645913
21	1233938648526	1233938649538
21	1233938658379	1233938663656
21	1233938675560	1233938679469
21	1233938684981	1233938700802
21	1233938701051	1233938715452
21	1233938718611	1233938724852
21	1233938726570	1233938736082
21	1233938742288	1233938744404
21	1233938753184	1233938754996
21	1233938902910	0
22	1233937110913	1233937116964
22	1233937127333	1233937129740
22	1233937158218	1233937161313
22	1233937184898	1233937187716
22	1233937269933	1233937274863
22	1233937693954	1233937702881
22	1233937709211	1233937741102
22	1233937751068	1233937753500
22	1233937770385	1233937771740
22	1233937786330	1233937788241
22	1233937789437	1233937793399
22	1233937795466	1233937801827
22	1233937803422	1233937814292
22	1233937816529	1233937829109
22	1233937841552	1233937844163
22	1233937845839	1233937855852
22	1233937935104	1233937947462
22	1233937961578	1233937965955
22	1233938499018	1233938504588
22	1233938604685	1233938610949
22	1233938611373	1233938623339
22	1233938631285	1233938634830
22	1233938638026	1233938652637
22	1233938675706	1233938679697
22	1233938730461	1233938734100
22	1233938740077	1233938744600
23	1233937110151	1233937114543
23	1233937128164	1233937131147
23	1233937132320	1233937137488
23	1233937137879	1233937145554
23	1233937149129	1233937158988
23	1233937185796	1233937189148
23	1233937190518	1233937194379
23	1233937212379	1233937250554
23	1233937272092	1233937276260
23	1233937282175	1233937293863
23	1233937296380	1233937303616
23	1233937684404	1233937690904
23	1233937693084	1233937711571
23	1233937712068	1233937721080
23	1233937723467	1233937725361
23	1233937962489	1233937967743
23	1233938604058	1233938607153
23	1233938632178	1233938635260
23	1233938637825	1233938638480
23	1233938732513	1233938742674
24	1233903801856	1233903808928
24	1233909040740	1233909046972
24	1233914961559	1233914966718
24	1233929352874	1233929356626
24	1233937269348	1233937272374
24	1233937764816	1233937770490
24	1233937844278	1233937849864
24	1233937850136	1233937852199
24	1233937859258	1233937863320
24	1233937891469	1233937901136
24	1233937934551	1233937938323
24	1233937947609	1233937949551
24	1233938109086	1233938124852
24	1233938140424	1233938145372
24	1233938147982	1233938163338
24	1233938169793	1233938174905
24	1233938176086	1233938187969
24	1233938192848	1233938205319
24	1233938207216	1233938219393
24	1233938220369	1233938230713
24	1233938263495	1233938300351
24	1233938301187	1233938306328
24	1233938338659	1233938347518
24	1233938350529	1233938351126
24	1233938375118	1233938375801
24	1233938377295	1233938380661
24	1233938382299	1233938387331
24	1233938389355	1233938393803
24	1233938395910	1233938411264
24	1233938422413	1233938425648
24	1233938428483	1233938431617
24	1233938432353	1233938435649
24	1233938439127	1233938443838
24	1233938444634	1233938448163
24	1233938449786	1233938453932
24	1233938465402	1233938477224
24	1233938661158	1233938662016
24	1233938753774	1233938757572
25	1233909041013	1233909047116
25	1233914958136	1233914966875
25	1233929353036	1233929356277
25	1233937841265	1233937845988
25	1233937947768	1233937950364
25	1233938109290	1233938110085
25	1233938111311	1233938114725
25	1233938139563	1233938141773
25	1233938151196	1233938153392
25	1233938182286	1233938186682
25	1233938196595	1233938201518
25	1233938210812	1233938222974
25	1233938279403	1233938291742
25	1233938292251	1233938301352
25	1233938301794	1233938306044
25	1233938344739	1233938357925
25	1233938358291	1233938401402
25	1233938403273	1233938404884
25	1233938432863	1233938444156
25	1233938446824	1233938453066
25	1233938754713	1233938763807
25	1233938765773	1233938769188
25	1233938771484	1233938772628
25	1233938776219	1233938782312
25	1233938783657	1233938790243
26	1233903796366	1233903802276
26	1233914953306	1233914958238
26	1233929349881	1233929353317
26	1233937839689	1233937846128
26	1233937948384	1233937953400
26	1233938788115	1233938791281
27	1233903792083	1233903796081
27	1233937949993	1233937955876
27	1233938792564	1233938798678
27	1233938801878	1233938804667
27	1233938805544	1233938814628
28	1233903791060	1233903795826
28	1233929344603	1233929347613
28	1233937953114	1233937955714
29	1233903231793	1233903236274
29	1233903791331	1233903795958
29	1233914947168	1233914952991
29	1233929344736	1233929347768
29	1233937953239	0
30	1233902053962	1233902058652
30	1233903789246	1233903791812
30	1233949965750	1233949970057
30	1233960765621	1233960770565
31	1233926970314	1233926982412
31	1233926983930	1233926993348
31	1233926998138	1233927002837
31	1233927006349	1233927030573
31	1233927032474	1233927035548
31	1233927038449	1233927055620
31	1233927058859	1233927064759
31	1233927076252	1233927107849
31	1233927114841	1233927118972
31	1233927122479	1233927129259
31	1233927132579	1233927139912
31	1233927164200	1233927167481
31	1233927167862	1233927170283
31	1233927174030	1233927194454
31	1233927198160	1233927199972
31	1233927210449	1233927213328
31	1233927214699	1233927216299
31	1233927222010	1233927227568
31	1233927233296	1233927234042
31	1233927245877	1233927254323
31	1233927267940	1233927279609
31	1233927285932	1233927289508
31	1233927291160	1233927298964
31	1233927301029	1233927318672
31	1233927321209	1233927331760
31	1233927333807	1233927336620
31	1233927336924	1233927346633
31	1233927352666	1233927359053
31	1233927365069	1233927375594
31	1233927380489	1233927386769
31	1233927407385	1233927418714
31	1233927439114	1233927448810
31	1233927465150	1233927471364
31	1233927472163	1233927476746
31	1233927477911	1233927493373
31	1233927511068	1233927514103
31	1233927516842	1233927523865
31	1233927614960	1233927616343
31	1233927657651	1233927661423
31	1233927679500	1233927682200
31	1233927684637	1233927685655
31	1233927691950	1233927693242
31	1233927697969	1233927702172
31	1233927707622	1233927711940
31	1233927713790	1233927715562
31	1233927720036	1233927721804
31	1233927738224	1233927741770
31	1233927792680	1233927795796
31	1233927821570	1233927823079
31	1233927945879	1233927948409
31	1233927982082	1233927985066
31	1233927989627	1233927992308
31	1233927995223	1233927996261
31	1233928005051	1233928008687
31	1233928073625	1233928077615
31	1233928079533	1233928082720
31	1233928098050	1233928105809
31	1233928125069	1233928128844
31	1233928159619	1233928164010
31	1233928171610	1233928175663
31	1233928178979	1233928182120
31	1233928205709	1233928211048
31	1233928320620	1233928322222
31	1233928348580	1233928357257
31	1233928383779	1233928387490
31	1233928390009	1233928392370
31	1233928392782	1233928394880
31	1233928401991	1233928403799
31	1233928422804	1233928425756
31	1233928451057	1233928453693
31	1233928465300	1233928469929
31	1233928473313	1233928480860
31	1233928488127	1233928491388
31	1233928491692	1233928493573
31	1233928575326	1233946892164
31	1233946900291	1233946903890
31	1233946934220	1233946941380
31	1233946942959	1233946949313
31	1233947013945	1233947018112
31	1233947019663	1233947020469
31	1233947074716	1233947078312
31	1233947118309	1233947119269
31	1233947139876	1233947143259
31	1233947184673	1233947187872
31	1233947189092	1233947193908
31	1233947227093	1233947227578
31	1233947239541	1233947241266
31	1233947271151	1233947271536
31	1233947502729	1233947504373
31	1233947531419	1233947532358
31	1233947532712	1233947534746
31	1233947540704	1233947543820
31	1233947676918	1233947679623
31	1233947680659	1233947682502
31	1233947784610	1233947785719
31	1233947795062	1233947797015
31	1233947888944	1233947890369
31	1233947896615	1233947900203
31	1233947936275	1233947938855
31	1233947968424	1233947971933
31	1233947980877	1233947982219
31	1233948000120	1233948001347
31	1233948002119	1233948004766
31	1233948017668	1233948019596
31	1233948020432	1233948022450
31	1233948025754	1233948027339
31	1233948042062	1233948043794
31	1233948074199	1233948077012
31	1233948086782	1233948089121
31	1233948106202	1233948107694
31	1233948189372	1233948190221
31	1233948212645	1233948219130
31	1233948243385	1233948246615
31	1233948282180	1233948285100
31	1233948300132	1233948305891
31	1233948311670	1233948314910
31	1233948381251	1233948382223
31	1233948383966	1233948384782
31	1233948395250	1233948399234
31	1233948409101	1233948413674
31	1233948419452	1233948425655
31	1233948434230	1233948437842
31	1233948438982	1233948443492
31	1233948473109	1233948481779
31	1233948487723	1233948489166
31	1233948491385	1233948504182
31	1233948559637	1233948561014
31	1233948602568	1233948604562
31	1233949610414	1233949615651
31	1233949637190	1233949642781
31	1233949643286	1233949646271
31	1233949651920	1233949653319
31	1233949667411	1233949668131
31	1233949670771	1233949674203
31	1233949683213	1233949685474
31	1233949697399	1233949698164
31	1233949701373	1233949709294
31	1233949728960	1233949733466
31	1233949736290	1233949739944
31	1233949745333	1233949749490
31	1233949752246	1233949757452
31	1233949768159	1233949772895
31	1233949778879	1233949782998
31	1233949785667	1233949791372
31	1233949800585	1233949802470
31	1233949812660	1233949817590
31	1233949825304	1233949829753
31	1233949831088	1233949834199
31	1233949835545	1233949838490
31	1233949841984	1233949848531
31	1233949849154	1233949850877
31	1233949857167	1233949862457
31	1233949865571	1233949872132
31	1233949884902	1233949889560
31	1233949915029	1233949919482
31	1233949937839	1233949944189
31	1233949947412	1233949948133
31	1233949952867	1233949953862
31	1233949960542	1233949968835
31	1233950330995	1233950334552
31	1233950341241	1233950345559
31	1233950348629	1233950351451
31	1233950352165	1233950355540
31	1233950357784	1233950361507
31	1233950363842	1233950374059
31	1233950376726	1233950378400
31	1233950387360	1233950391244
31	1233950399540	1233950402537
31	1233950409770	1233950416177
31	1233950417717	1233950420611
31	1233950441808	1233950445130
31	1233950448003	1233950461252
31	1233950462522	1233950468402
31	1233950471700	1233950474270
31	1233950478757	1233950485248
31	1233950487148	1233950490854
31	1233950492504	1233950496425
31	1233950502471	1233950508159
31	1233950512349	1233950520635
31	1233950520903	1233950528629
31	1233950537626	1233950538756
31	1233950540180	1233950543784
31	1233950547412	1233950549744
31	1233950560294	1233950566529
31	1233950571208	1233950573030
31	1233950574240	1233950576262
31	1233950578335	1233950579401
31	1233950598120	1233950604114
31	1233950611791	1233950612644
31	1233950626860	1233950629234
31	1233950633280	1233950635436
31	1233950635735	1233950638283
31	1233950643258	1233950648492
31	1233950650377	1233950651875
31	1233950652154	1233950658075
31	1233950659862	1233950665469
31	1233950672424	1233950676012
31	1233950678510	1233950703219
31	1233950705893	1233950710453
31	1233950711299	1233950716977
31	1233950722398	1233950726082
31	1233950728467	1233950731872
31	1233950758868	1233950764599
31	1233950765602	1233950771276
31	1233950775275	1233950783714
31	1233950789880	1233950796195
31	1233950810178	1233950813320
31	1233950849710	1233950852267
31	1233950857916	1233950861531
31	1233950895840	1233950898672
31	1233950911530	1233950918109
31	1233950941151	1233950959233
31	1233950967553	1233950982899
31	1233951022010	1233951036502
31	1233951039892	1233951040989
31	1233951043379	1233951045520
31	1233951045847	1233951049190
31	1233951054396	1233951058349
31	1233951081403	1233951090695
31	1233951091484	1233951094659
31	1233951097962	1233951102392
31	1233951103752	1233951105424
31	1233951163454	1233951166333
31	1233951186713	1233951189371
31	1233951189881	1233951195877
31	1233951207303	1233951210666
31	1233951225521	1233951228370
31	1233951262200	1233951264030
31	1233951342090	1233951348191
31	1233951350434	1233951368495
31	1233951382240	1233951390949
31	1233951418128	1233951429230
31	1233951434365	1233951442101
31	1233951446629	1233951449237
31	1233951454269	1233951456213
31	1233951488593	1233951490582
31	1233951491321	1233951500039
31	1233951500539	1233951506112
31	1233951515509	1233951517431
31	1233951541702	1233951545591
31	1233951559660	1233951562313
31	1233951563281	1233951571760
31	1233951572950	1233951577918
31	1233951595642	1233951598757
31	1233951599469	1233951602753
31	1233951612182	1233951617142
31	1233951625450	1233951626182
31	1233951629247	1233951634286
31	1233951649550	1233951659467
31	1233951665115	1233951670615
31	1233951718250	1233951723167
31	1233951728720	1233951748378
31	1233951752831	1233951757912
31	1233951764664	1233951770160
31	1233951856274	1233951864290
31	1233951881384	1233951889429
31	1233951903550	1233951910741
31	1233951924620	1233951929161
31	1233951930629	1233951934162
31	1233951936627	1233951942261
31	1233951951805	1233951955380
31	1233951957378	1233951961309
31	1233951964650	1233951970269
31	1233951971109	1233951975930
31	1233951979103	1233951983130
31	1233951987311	1233951991009
31	1233951991732	1233952000020
31	1233952002699	1233952012592
31	1233952030379	1233952034130
31	1233952034422	1233952036120
31	1233952044572	1233952050739
31	1233952060796	1233952066244
31	1233952082674	1233952083076
31	1233952092740	1233952097742
31	1233952101482	1233952103538
31	1233952103908	1233952106190
31	1233952106782	1233952109610
31	1233952113075	1233952116689
31	1233952118290	1233952118693
31	1233952120163	1233952122214
31	1233952137996	1233952142540
31	1233952143380	1233952148377
31	1233952165334	1233952172254
31	1233952188552	1233952192033
31	1233952205975	1233952210129
31	1233952227253	1233952229472
31	1233952250378	1233952259792
31	1233952295839	1233952298370
31	1233952300122	1233952301762
31	1233952305099	1233952310392
31	1233952323546	1233952325323
31	1233952339154	1233952341009
31	1233952352417	1233952355991
31	1233952359840	1233952366135
31	1233952374112	1233952381560
31	1233952396852	1233952401361
31	1233952406496	1233952408480
31	1233952435271	1233952435592
31	1233952441663	1233952442832
31	1233952448198	1233952450707
31	1233952453853	1233952456210
31	1233952474875	1233952477129
31	1233952507404	1233952509112
31	1233952523800	1233952528428
31	1233952546541	1233952549336
31	1233952549803	1233952559031
31	1233952569135	1233952574430
31	1233952582190	1233952586628
31	1233952592351	1233952601372
31	1233952610078	1233952612910
31	1233952613872	1233952621351
31	1233952624370	1233952633621
31	1233952651378	1233952653260
31	1233952657491	1233952660507
31	1233952663410	1233952668530
31	1233952671161	1233952676352
31	1233952679568	1233952685584
31	1233952686434	1233952688345
31	1233952688862	1233952694940
31	1233952725532	1233952727713
31	1233952763571	1233952764082
31	1233952780044	1233952781565
31	1233952823721	1233952824572
31	1233952829473	1233952832560
31	1233952868581	1233952874160
31	1233952881179	1233952889279
31	1233952988170	1233952992322
31	1233953104444	1233953109883
31	1233953111269	1233953113082
31	1233953124581	1233953130223
31	1233953143875	1233953154249
31	1233953155028	1233953166383
31	1233953226671	1233953229933
31	1233953250266	1233953253490
31	1233953262520	1233953265720
31	1233953279272	1233953286426
31	1233953287161	1233953295249
31	1233953303400	1233953309410
31	1233953318752	1233953319274
31	1233953322129	1233953331539
31	1233953333616	1233953336503
31	1233953339659	1233953342452
31	1233953343085	1233953345348
31	1233953345949	1233953347361
31	1233953366510	1233953367496
31	1233953373627	1233953378258
31	1233953402450	1233953403251
31	1233953415803	1233953420802
31	1233953433694	1233953441555
31	1233953448376	1233953450672
31	1233953451624	1233953456828
31	1233953460469	1233953465251
31	1233953469240	1233953471490
31	1233953474815	1233953480790
31	1233953491076	1233953499725
31	1233953500135	1233953504575
31	1233953525340	1233953526415
31	1233953534408	1233953540299
31	1233953546280	1233953549607
31	1233953550125	1233953555200
31	1233953575544	1233953577730
31	1233953583700	1233953584206
31	1233953592310	1233953596384
31	1233953598835	1233953604330
31	1233953609328	1233953614908
31	1233953632609	1233953635240
31	1233953636202	1233953637838
31	1233953647311	1233953653953
31	1233953655885	1233953658455
31	1233953661196	1233953667630
31	1233953668761	1233953674180
31	1233953700557	1233953705340
31	1233953712124	1233953715482
31	1233953733424	1233953734588
31	1233953772130	1233953773360
31	1233953779661	1233953783109
31	1233953805518	1233953811379
31	1233953815030	1233953823964
31	1233953836709	1233953842130
31	1233953842819	1233953848358
31	1233953899850	1233953905518
31	1233953911414	1233953916010
31	1233953923660	1233953927758
31	1233953930036	1233953930502
31	1233953935423	1233953938719
31	1233953944443	1233953949114
31	1233953964142	1233953968486
31	1233953975291	1233953976322
31	1233953986866	1233953989899
31	1233953992418	1233953995801
31	1233953996182	1233953999842
31	1233954005960	1233954010350
31	1233954067352	1233954070150
31	1233954070880	1233954075278
31	1233954079739	1233954085548
31	1233954091972	1233954095311
31	1233954106412	1233954109419
31	1233954113362	1233954116422
31	1233954123166	1233954131389
31	1233954136260	1233954137968
31	1233954138256	1233954139984
31	1233954140471	1233954151300
31	1233954152054	1233954156040
31	1233954158434	1233954173950
31	1233954176380	1233954177779
31	1233954181302	1233954185620
31	1233954185919	1233954195966
31	1233954200684	1233954207379
31	1233954211193	1233954212740
31	1233954247339	1233954248549
31	1233954255711	1233954260615
31	1233954260913	1233954269691
31	1233954273373	1233954275182
31	1233954278828	1233954279603
31	1233954283283	1233954290349
31	1233954298095	1233954300054
31	1233954311355	1233954312219
31	1233954312969	1233954318926
31	1233954332311	1233954342908
31	1233954344344	1233954347712
31	1233954350918	1233954351930
31	1233954372662	1233954377292
31	1233954380283	1233954381774
31	1233954402865	1233954404476
31	1233954428434	1233954429407
31	1233954431873	1233954434246
31	1233954437536	1233954443503
31	1233954450705	1233954452896
31	1233954453706	1233954455325
31	1233954482043	1233954484480
31	1233954554011	1233954556441
31	1233954575517	1233954580896
31	1233954589784	1233954592958
31	1233954598906	1233954601578
31	1233954604664	1233954606042
31	1233954637820	1233954643610
31	1233954643928	1233954646315
31	1233954646616	1233954655231
31	1233954655527	1233954658720
31	1233954665095	1233954666180
31	1233954667952	1233954670467
31	1233954688571	1233954692283
31	1233954700785	1233954702230
31	1233954704595	1233954706261
31	1233954709654	1233954713156
31	1233954718976	1233954719595
31	1233954721891	1233954724979
31	1233954730806	1233954733213
31	1233954740745	1233954742844
31	1233954745515	0
32	1233901981215	1233901987273
32	1233901997676	1233902021704
32	1233902027908	1233902029971
32	1233926969846	1233926972150
32	1233954082361	1233954095570
32	1233954097415	1233954098425
32	1233960769107	1233960796607
32	1233960913827	1233960916124
33	1233902014645	1233902017088
33	1233926927562	1233926969673
33	1233954086238	1233954091791
33	1233960770424	1233960774495
33	1233960794568	1233960796889
33	1233960912585	1233960916699
34	1233879078595	1233879079186
34	1233880622930	1233880625160
34	1233881742844	1233881744830
34	1233881747089	1233881748950
34	1233882526404	1233882527982
34	1233882528584	1233882530643
34	1233886094853	1233886097229
34	1233887258716	1233887259921
34	1233887619271	1233887623204
34	1233890810378	1233890813114
34	1233891189344	1233891193131
34	1233891470172	1233891471794
34	1233892665214	1233892668290
34	1233894776586	1233894778308
34	1233896939046	1233896944970
34	1233897677479	1233897680788
34	1233898373627	1233898374204
34	1233898624484	1233898630937
34	1233898632607	1233898639609
34	1233901069063	1233901072587
34	1233901078263	1233901092426
34	1233901246924	1233901249838
34	1233901815540	1233901825451
34	1233901830759	1233901836935
34	1233901971759	1233901981492
34	1233902004151	1233902008698
34	1233960927124	1233960936221
34	1233960936940	1233960939386
34	1233960963319	1233960965284
34	1233960989283	1233960991307
34	1233961011859	1233961014451
34	1233961020199	1233961024271
34	1233961030878	1233961033155
34	1233961089590	1233961091267
34	1233961098483	1233961103474
34	1233961115396	1233961121518
34	1233961127400	1233961128274
34	1233961178284	1233961181470
34	1233961187690	1233961190264
34	1233961190676	0
35	1233875398302	1233875400653
35	1233875404169	1233875406326
35	1233877346112	1233877352535
35	1233879077194	1233879084284
35	1233880622566	1233880626582
35	1233881475274	1233881479316
35	1233881741700	1233881750178
35	1233882232310	1233882235484
35	1233882527596	1233882528968
35	1233884311377	1233884321992
35	1233884712274	1233884721243
35	1233886089883	1233886097746
35	1233886535364	1233886537673
35	1233886537955	1233886542424
35	1233887258273	1233887264213
35	1233887524734	1233887531059
35	1233888703344	1233888709622
35	1233889153505	1233889155080
35	1233889155586	1233889158168
35	1233890810522	1233890816069
35	1233890944932	1233890946864
35	1233890948232	1233890953874
35	1233891190649	1233891194233
35	1233891195172	1233891200318
35	1233891470319	1233891476425
35	1233891678729	1233891681880
35	1233892009155	1233892009989
35	1233892010235	1233892012639
35	1233892506954	1233892509904
35	1233892659971	1233892662714
35	1233892662977	1233892668438
35	1233893068448	1233893072862
35	1233893531306	1233893532866
35	1233893534222	1233893537578
35	1233894773219	1233894776147
35	1233894776744	1233894781964
35	1233896759948	1233896762201
35	1233896886527	1233896890114
35	1233896935466	1233896937443
35	1233896937730	1233896945270
35	1233896947611	1233896949917
35	1233897676353	1233897676907
35	1233897677920	1233897679498
35	1233898373905	1233898379859
35	1233898488651	1233898489629
35	1233898579319	1233898582605
35	1233898624044	1233898625094
35	1233898627305	1233898642115
35	1233899985426	1233899985708
35	1233900196027	1233900198591
35	1233901076401	1233901094756
35	1233901815837	1233901828306
35	1233901834064	1233901839686
35	1233901902904	1233901910317
35	1233901961843	1233901989064
35	1233901997308	1233901998150
35	1233901999993	1233902000912
35	1233902004317	1233902014339
35	1233902027758	1233902030618
35	1233903239554	1233903241926
35	1233926969510	1233926972036
35	1233954083736	1233954085830
35	1233954090193	1233954091664
35	1233960768239	1233960771058
35	1233960782426	1233960785405
35	1233960916543	1233960932041
35	1233960932328	1233960934387
35	1233960987968	1233960990567
35	1233961023636	1233961026713
35	1233961032484	1233961036639
35	1233961044778	1233961045391
35	1233961087759	1233961092948
35	1233961100393	1233961101818
35	1233961178467	1233961184662
35	1233961187993	1233961190414
35	1233961190821	1233961193621
35	1233961194410	0
36	1233902030362	1233902044485
36	1233902047741	1233902054155
36	1233903237078	1233903791523
36	1233926921583	1233926924049
36	1233927092311	1233927097569
36	1233954057385	1233954061251
36	1233954164401	1233954166471
36	1233960760288	1233960770737
36	1233960919456	1233960924301
37	1233902058536	1233902061456
37	1233902064770	1233902069949
37	1233903219041	1233903220958
37	1233903228339	1233903236441
37	1233905147305	1233905158250
37	1233905236999	1233905248022
37	1233911339742	1233911350734
37	1233911361367	1233911366919
37	1233911396967	1233911399891
37	1233911409619	1233911414140
37	1233911421599	1233911425750
37	1233911434421	1233911439080
37	1233912330145	1233912334780
37	1233912983916	1233912993865
37	1233912999253	1233913040042
37	1233913053649	1233913063081
37	1233913078539	1233913082127
37	1233913095853	1233913103825
37	1233913158564	1233913168060
37	1233913172307	1233913185847
37	1233928581499	0
38	1233902058982	1233902136200
38	1233902136631	1233902150525
38	1233902153006	1233902161427
38	1233902166849	1233902184176
38	1233902799603	1233902824699
38	1233902833098	1233902843381
38	1233902873260	1233902900233
38	1233902909314	1233902911424
38	1233902914791	1233902944309
38	1233902944939	1233902947360
38	1233902948200	1233902955564
38	1233902958762	1233902965081
38	1233902967054	1233902970879
38	1233902973402	1233902979611
38	1233902983809	1233902990709
38	1233902996816	1233903028952
38	1233903040060	1233903085776
38	1233903170865	1233903207772
38	1233903210597	1233903221653
38	1233903226392	1233903232348
38	1233905147905	1233905163280
38	1233911361714	1233911393040
38	1233911397112	1233911405483
38	1233911410023	1233911414284
38	1233911421784	1233911429909
38	1233911434945	1233911439274
38	1233912310174	1233912354499
38	1233912359379	1233912381305
38	1233912386034	1233912541760
38	1233912638024	1233912647220
38	1233912652169	1233912673420
38	1233912677903	1233912711049
38	1233912716219	1233912822756
38	1233912862556	1233912867201
38	1233912871569	1233912910919
38	1233912915844	1233912989396
38	1233913036019	1233913048649
38	1233913053819	1233913058709
38	1233913063298	1233913068582
38	1233913078743	1233913082335
38	1233913096038	1233913104042
38	1233913108450	1233913122750
38	1233913126633	1233913172509
38	1233913180912	1233913186029
39	1233902177185	1233902188405
39	1233902217079	1233902234570
39	1233902709854	1233902723261
39	1233902730741	1233902735573
39	1233902739229	1233902744203
39	1233902772933	1233902776819
39	1233902781483	1233902803200
39	1233902987341	1233902990833
39	1233902992960	1233902996977
39	1233903023073	1233903045627
39	1233903221157	1233903228524
39	1233905158614	1233905163445
39	1233911400150	1233911414414
39	1233911426074	1233911444694
39	1233911451979	1233911455915
39	1233912172204	1233912176994
39	1233912181670	1233912186370
39	1233912201440	1233912205953
39	1233912218702	1233912223927
39	1233912261937	1233912284596
39	1233912292475	1233912314057
39	1233912381452	1233912390426
39	1233912920475	1233912931222
39	1233913040285	1233913053979
40	1233902181375	1233902196086
40	1233902198733	1233902203874
40	1233902210938	1233902218998
40	1233902224499	1233902231695
40	1233902987640	1233902997130
40	1233905158929	1233905169100
40	1233905223583	1233905233335
40	1233911400324	1233911418322
40	1233911426199	1233911456181
40	1233912271221	1233912284758
40	1233912292634	1233912296036
40	1233912300968	1233912314196
40	1233912376519	1233912386190
41	1233902188277	1233902195932
41	1233902198593	1233902206991
41	1233902210770	1233902218838
41	1233902224776	1233902225814
41	1233902226335	1233902229231
41	1233902987152	1233902996655
41	1233905163136	1233905178504
41	1233905209297	1233905228677
41	1233936922428	1233936927645
42	1233905143570	1233905147488
42	1233905241607	1233905248203
43	1233905142752	1233905146879
43	1233905241400	1233905247543
43	1233909030487	1233909035318
43	1233911335082	1233911339583
43	1233911350614	1233911361226
43	1233913185699	1233929344890
44	1233905138497	1233905148050
44	1233911335274	1233911340250
44	1233914943405	1233914947577
44	1233929342213	1233929348102
44	1233937029365	1233937033155
45	1233914939151	1233914947278
45	1233937034956	1233937043875
45	1233937044781	1233937053784
45	1233937056225	1233937058384
45	1233937067416	1233937068846
45	1233937071430	1233937072360
45	1233937073472	1233937077329
45	1233937099113	1233937101253
45	1233937107762	1233937114678
45	1233937118883	1233937119704
45	1233937120216	1233937121912
45	1233937122841	1233937132037
45	1233937239127	1233937242055
45	1233937254689	1233937258178
45	1233937259697	1233937262704
45	1233937266851	1233937272220
45	1233937297578	1233937303764
45	1233937314858	1233937320514
45	1233937325079	1233937340204
45	1233937378708	1233937383055
45	1233937397319	1233937397780
45	1233937399684	1233937400881
45	1233937418305	1233937424430
45	1233937429724	1233937433418
45	1233937450703	1233937452470
45	1233937460388	1233937466104
45	1233937490560	1233937493131
45	1233937502079	1233937506866
45	1233937529012	1233937534728
45	1233937544011	1233937544629
45	1233937622950	1233937627114
45	1233937669225	1233937677753
45	1233937730860	1233937732748
45	1233937738803	1233937744276
45	1233937758548	1233937761538
45	1233937809757	1233937810623
45	1233937819566	1233937827196
45	1233937997975	1233938000603
45	1233938040896	1233938052448
45	1233938053099	1233938063869
45	1233938067090	1233938067580
45	1233938071146	1233938074841
45	1233938080097	1233938081829
45	1233938086264	1233938089246
45	1233938140086	1233938142041
45	1233938166096	1233938167195
45	1233938175515	1233938184289
45	1233938214752	1233938217478
45	1233938219175	1233938232052
45	1233938237074	1233938239463
45	1233938240133	1233938243384
45	1233938269716	1233938271217
45	1233938276340	1233938278543
45	1233938295096	1233938297332
45	1233938297616	1233938300973
45	1233938301593	1233938307205
45	1233938314749	1233938320264
45	1233938321685	1233938323360
45	1233938324406	1233938326301
45	1233938327255	1233938330023
45	1233938344504	1233938346041
45	1233938347357	1233938348852
45	1233938351815	1233938353688
45	1233938396261	1233938398498
45	1233938595902	1233938597845
45	1233938704239	1233938706171
45	1233938795903	1233938798847
45	1233938804776	1233938805296
45	1233938814797	1233938836229
46	1233936951529	1233936953273
46	1233937012300	0
47	1233875269743	1233875272365
47	1233876183355	1233876184068
47	1233876184985	1233876187002
47	1233877387352	1233877391570
47	1233878184542	1233878186210
47	1233879553256	1233879554763
47	1233879685201	1233879690298
47	1233881046226	1233881047471
47	1233881139239	1233881140882
47	1233882223460	1233882226221
47	1233882230062	1233882233451
47	1233882236782	1233882241772
47	1233883575026	1233883577144
47	1233883909373	1233883911640
47	1233883912896	1233883914675
47	1233884306319	1233884307769
47	1233884659879	1233884661964
47	1233884688292	1233884690153
47	1233884691813	1233884694400
47	1233886462523	1233886464971
47	1233887912288	1233887913559
47	1233889178131	1233889179377
47	1233889180915	1233889188352
47	1233890712705	1233890721123
47	1233891393022	1233891395330
47	1233891397338	1233891401010
47	1233892108689	1233892110282
47	1233892111449	1233892114149
47	1233892325169	1233892327266
47	1233893438973	1233893441193
47	1233893445820	1233893447928
47	1233895060562	1233895070254
47	1233896058234	1233896060903
47	1233896063193	1233896068134
47	1233896329960	1233896338193
47	1233896833775	1233896839415
47	1233896947886	1233896950554
47	1233896950949	1233896955699
47	1233897321332	1233897323738
47	1233898423752	1233898429849
47	1233898782201	1233898783153
47	1233899062425	1233899063137
47	1233899063435	1233899068698
47	1233899071922	1233899078449
47	1233899363625	1233899368604
47	1233899368885	1233899371659
47	1233900105517	1233900109292
47	1233900575302	1233900580252
47	1233900583860	1233900586013
47	1233901050192	1233901052314
47	1233901477385	1233901477946
47	1233901606042	1233901608562
47	1233901608844	1233901615150
48	1233875265899	1233875276123
48	1233875458680	1233875466579
48	1233875798051	1233875798782
48	1233875900224	1233875904527
48	1233876144351	1233876147129
48	1233876160400	1233876163288
48	1233876180457	1233876189228
48	1233877382511	1233877393238
48	1233877683923	1233877688149
48	1233878161653	1233878165169
48	1233878165477	1233878166757
48	1233878168099	1233878169818
48	1233878170420	1233878173821
48	1233878183091	1233878190238
48	1233878196281	1233878199219
48	1233879544389	1233879556151
48	1233879682299	1233879691458
48	1233880077701	1233880084960
48	1233880357184	1233880360648
48	1233880364022	1233880370225
48	1233880378092	1233880385589
48	1233881044733	1233881049107
48	1233881136809	1233881142501
48	1233881142783	1233881145809
48	1233882220454	1233882240071
48	1233883908424	1233883911811
48	1233883912084	1233883920659
48	1233884208084	1233884215842
48	1233884303458	1233884309472
48	1233884653996	1233884664699
48	1233884686261	1233884695694
48	1233885002607	1233885004159
48	1233885683019	1233885687323
48	1233885990177	1233886000169
48	1233886456842	1233886462995
48	1233887906550	1233887915795
48	1233889174450	1233889191405
48	1233889957062	1233889959438
48	1233889959711	1233889965692
48	1233890709934	1233890723974
48	1233891135286	1233891136681
48	1233891138257	1233891139882
48	1233891392568	1233891401288
48	1233891403125	1233891404999
48	1233891570368	1233891571222
48	1233892102422	1233892104247
48	1233892105601	1233892114291
48	1233893435321	1233893449110
48	1233895058035	1233895071992
48	1233896057800	1233896069409
48	1233896335045	1233896338354
48	1233896830908	1233896842681
48	1233896852257	1233896852992
48	1233896948024	1233896952406
48	1233897478322	1233897479135
48	1233897620445	1233897622394
48	1233897650591	1233897652234
48	1233897868628	1233897868901
48	1233898423253	1233898429547
48	1233898776948	1233898789298
48	1233899060966	1233899066281
48	1233899069959	1233899078709
48	1233899363206	1233899375639
48	1233900102549	1233900109446
48	1233900575589	1233900585280
48	1233901050482	1233901058761
48	1233901475763	1233901480386
48	1233901602846	1233901615298
48	1233905108691	1233905143212
48	1233960877057	1233960879513
48	1233960885153	1233960886449
48	1233960891879	1233960895383
49	1233905108889	1233905143719
49	1233936985154	1233936988251
49	1233937020055	1233937023372
49	1233937027250	0
50	1233905138195	1233905147630
50	1233911327673	1233911339948
50	1233914943104	1233914947460
50	1233929341782	1233929345113
50	1233938217216	1233938219793
51	1233903938278	1233903944876
51	1233905001816	1233905008559
51	1233909130385	1233909140468
51	1233915138772	1233915143176
51	1233915300318	1233915304899
51	1233915386711	1233915394137
51	1233916055954	1233916061059
51	1233929487322	1233929490503
51	1233929496762	1233929501659
51	1233929728079	1233929731941
51	1233930124285	1233930129921
51	1233930210817	1233930225635
51	1233930436483	1233930441319
51	1233937161093	1233937184742
51	1233937874126	1233937878795
51	1233937886210	1233937895181
51	1233937900841	1233937905402
51	1233937938161	1233937947021
51	1233938056432	1233938063997
51	1233938068386	1233938093789
51	1233938492262	1233938498158
51	1233938526120	1233938540946
51	1233938649943	1233938655113
51	1233938679024	1233938684875
51	1233938836589	1233938838597
51	1233938840310	1233938901048
