6	1235148635111	1235148636260
7	1235114065312	0
8	1235114063862	1235115329582
8	1235116194256	1235116199693
9	1235113897555	1235113898859
9	1235114064044	1235114065876
9	1235116194615	1235116200285
9	1235116202098	1235116203210
9	1235150487148	0
10	1235114872524	1235114877000
11	1235148634347	1235148634866
13	1235113817252	1235113818820
13	1235114385440	1235114390118
13	1235116072255	1235116080335
13	1235116140728	1235116142786
13	1235116187089	1235116196221
13	1235116202340	1235116205440
13	1235148787566	1235148789080
13	1235148963859	1235148971303
13	1235148974247	1235148975582
13	1235148990718	1235148994183
13	1235148995131	1235149004880
13	1235149013594	1235149019470
13	1235149020658	1235149022504
13	1235149023066	1235149033094
13	1235149037069	1235149040603
13	1235149058938	1235149062763
13	1235149070174	1235149076694
13	1235149079172	1235149086429
13	1235149091353	1235149095391
13	1235149103327	1235149110388
13	1235149122366	1235149128171
13	1235149128556	1235149132584
13	1235149504503	1235149507553
13	1235149586777	1235149588520
13	1235149588978	1235149591356
13	1235149594969	1235149599038
13	1235150010871	1235150015311
13	1235150357518	0
14	1235113817446	1235113819650
14	1235114383433	1235114388046
14	1235116070538	1235116074795
14	1235116077133	1235116082033
14	1235116136058	1235116138986
14	1235116142087	1235116143650
14	1235116185336	1235116188792
14	1235116193168	1235116196389
14	1235116200503	1235116205132
14	1235148697503	1235148703058
14	1235148787257	1235148790660
14	1235148961062	1235148968034
14	1235149585383	1235149588397
14	1235149597694	1235149601045
14	1235149696756	1235149699822
14	1235149800959	1235149803746
14	1235149808220	1235149809950
14	1235149826826	1235149830008
14	1235150009382	1235150012876
14	1235150014037	1235150018863
14	1235150356321	1235150359415
14	1235150408868	1235150411515
14	1235150482832	1235150487496
14	1235150488649	0
15	1235113819381	1235113822779
15	1235113895441	1235113900431
15	1235113908014	1235113912981
15	1235113918282	1235113922096
15	1235113925034	1235113929182
15	1235113999678	1235114002202
15	1235114062576	1235114066343
15	1235114382519	1235114387816
15	1235114626720	1235114633037
15	1235115327845	1235115331390
15	1235115767478	1235115773360
15	1235116070171	1235116073617
15	1235116079148	1235116082677
15	1235116134750	1235116139128
15	1235116142583	1235116146264
15	1235116184563	1235116187786
15	1235148601531	1235148612227
15	1235148613514	1235148620577
15	1235148625196	1235148639024
15	1235148646214	1235148652068
15	1235148697670	1235148700213
15	1235148788675	1235148791201
15	1235148960260	1235148965316
15	1235149505133	1235149508720
15	1235149584102	1235149588627
15	1235149598256	1235149600838
15	1235149613381	1235149616947
15	1235149697920	1235149702217
15	1235149799397	1235149802965
15	1235149821020	1235149825765
15	1235149827368	1235149829653
15	1235149881197	1235149895468
15	1235149902394	1235149904563
15	1235149913711	1235149914886
15	1235149928756	1235149934284
15	1235149936066	1235149943810
15	1235149950318	1235149958131
15	1235149985131	1235149991377
15	1235150007428	1235150011126
15	1235150019170	1235150020329
15	1235150354750	1235150356949
15	1235150410265	1235150413975
15	1235150482637	1235150485878
15	1235150487304	0
16	1235113819927	1235113821700
16	1235113895091	1235113898081
16	1235113908225	1235113912836
16	1235113918057	1235113921551
16	1235113925722	1235113927638
16	1235113999518	1235114002568
16	1235114050577	1235114052132
16	1235114056323	1235114065513
16	1235114382113	1235114386196
16	1235115328254	1235115331238
16	1235115335528	1235115338284
16	1235115768262	1235115775151
16	1235115934034	1235115935024
16	1235115946134	1235115948170
16	1235116041278	1235116046097
16	1235116068925	1235116073474
16	1235116079342	1235116083198
16	1235116095354	1235116097113
16	1235116099063	1235116101331
16	1235116108215	1235116109373
16	1235116119604	1235116121898
16	1235116133841	1235116138009
16	1235116143013	1235116146973
16	1235116184366	1235116188108
16	1235148601361	1235148604337
16	1235148646091	1235148649936
16	1235148695970	1235148698789
16	1235148790316	1235148794183
16	1235148875353	1235148876697
16	1235148881224	1235148902189
16	1235148930230	1235148932121
16	1235148932939	1235148936855
16	1235148954507	1235148956513
16	1235148956917	1235148963617
16	1235149505500	1235149508965
16	1235149528879	1235149532181
16	1235149583864	1235149586268
16	1235149598818	1235149601900
16	1235149613130	1235149615444
16	1235149699427	1235149702402
16	1235149719423	1235149722600
16	1235149733572	1235149745217
16	1235149797723	1235149802584
16	1235149821635	1235149825376
16	1235149827765	1235149831011
16	1235149856251	1235149857826
16	1235149859702	1235149862691
16	1235149863875	1235149866187
16	1235149874784	1235149877311
16	1235149880343	1235149901953
16	1235149902242	1235149906014
16	1235149913572	1235149916604
16	1235149919400	1235149920497
16	1235149928958	1235149934125
16	1235149935162	1235149937865
16	1235149943208	1235149944222
16	1235149944759	1235149959964
16	1235149983426	1235149986260
16	1235149986493	1235149993056
16	1235150007222	1235150009779
16	1235150019012	1235150020884
16	1235150329490	1235150330687
16	1235150354366	1235150359740
16	1235150410111	1235150413823
16	1235150480824	1235150485455
16	1235150486596	0
17	1235113821468	1235113824134
17	1235113825550	1235113827059
17	1235113828244	1235113842399
17	1235113867868	1235113870283
17	1235113872244	1235113897747
17	1235113910311	1235113920202
17	1235113927146	1235113931452
17	1235114000438	1235114005326
17	1235114030076	1235114042885
17	1235114044442	1235114048457
17	1235114049021	1235114051323
17	1235114053877	1235114056192
17	1235114060428	1235114064263
17	1235114379323	1235114384522
17	1235114631379	1235114634779
17	1235114635746	1235114638510
17	1235114671652	1235114673261
17	1235114680149	1235114683082
17	1235114691436	1235114697079
17	1235114707986	1235114712153
17	1235114713447	1235114718080
17	1235114722472	1235114724684
17	1235114840743	1235114845272
17	1235114864787	1235114869564
17	1235114894534	1235114896359
17	1235114977157	1235114977812
17	1235114990713	1235114997958
17	1235115043264	1235115044944
17	1235115070968	1235115076031
17	1235115083696	1235115089114
17	1235115329874	1235115333284
17	1235115333492	1235115336750
17	1235115772260	1235115776437
17	1235115796188	1235115797456
17	1235115808131	1235115814191
17	1235115823894	1235115829786
17	1235115836328	1235115840048
17	1235115847064	1235115859153
17	1235115877079	1235115886617
17	1235115910378	1235115916788
17	1235115919739	1235115925221
17	1235115925946	1235115937864
17	1235115947182	1235115949110
17	1235115949590	1235115958070
17	1235115976089	1235115983613
17	1235115997079	1235116005846
17	1235116007011	1235116010098
17	1235116016152	1235116017191
17	1235116017466	1235116026076
17	1235116029404	1235116031808
17	1235116034147	1235116035083
17	1235116037123	1235116063070
17	1235116065038	1235116071953
17	1235116080915	1235116085646
17	1235116089818	1235116096037
17	1235116106070	1235116107583
17	1235116127109	1235116139690
17	1235116145213	1235116148056
17	1235116157097	1235116188587
17	1235148647970	1235148655151
17	1235148657212	1235148658366
17	1235148667110	1235148671356
17	1235148673388	1235148677284
17	1235148694149	1235148698309
17	1235148905460	1235148908547
17	1235148915713	1235148923959
17	1235148926321	1235148930449
17	1235148934208	1235148936054
17	1235148948894	1235148959364
17	1235149507402	1235149515988
17	1235149516373	1235149520429
17	1235149524057	1235149533205
17	1235149578047	1235149585547
17	1235149600551	1235149603069
17	1235149608122	1235149612498
17	1235149766367	1235149778586
17	1235149797510	1235149799262
17	1235149823498	1235149827159
17	1235149829202	1235149835941
17	1235149836168	1235149844273
17	1235149858118	1235149859496
17	1235149868788	1235149877517
17	1235149878458	1235149889798
17	1235149949413	1235149955503
17	1235149962146	1235149969194
17	1235149971864	1235149979424
17	1235149979673	1235149982303
17	1235149983585	1235149986907
17	1235149989610	1235149997179
17	1235150000464	1235150009575
17	1235150020571	1235150025050
17	1235150028426	1235150034160
17	1235150049332	1235150055452
17	1235150057130	1235150064246
17	1235150064556	1235150067944
17	1235150068570	1235150073372
17	1235150092818	1235150097302
17	1235150103402	1235150116382
17	1235150121092	1235150126272
17	1235150130234	1235150140738
17	1235150166328	1235150171082
17	1235150172726	1235150173464
17	1235150195094	1235150199110
17	1235150208118	1235150208914
17	1235150220052	1235150226137
17	1235150252016	1235150257495
17	1235150269914	1235150280212
17	1235150281823	1235150284237
17	1235150289362	1235150291053
17	1235150293639	1235150304416
17	1235150305117	1235150308976
17	1235150310712	1235150313114
17	1235150313386	1235150321064
17	1235150321676	1235150323824
17	1235150327066	1235150353173
17	1235150420329	1235150425865
17	1235150426597	1235150430284
17	1235150431804	1235150443272
17	1235150447876	1235150449642
17	1235150449847	1235150473205
17	1235150473654	1235150482379
17	1235150483010	1235150484994
17	1235150486791	1235150488793
18	1235113928386	1235113930344
18	1235114002352	1235114035173
18	1235114039506	1235114047522
18	1235114378518	1235114383100
18	1235114631679	1235114640547
18	1235114709144	1235114715963
18	1235114716728	1235114719105
18	1235114721102	1235114721306
18	1235115085894	1235115092607
18	1235115330230	1235115335054
18	1235115775455	1235115776221
18	1235115776776	1235115781061
18	1235115781280	1235115787107
18	1235115788593	1235115790069
18	1235115790333	1235115796884
18	1235115848606	1235115856894
18	1235115979522	1235115992923
18	1235116082495	1235116095554
18	1235148668276	1235148671130
18	1235148673169	1235148676448
18	1235148905783	1235148909134
18	1235148909658	1235148911310
18	1235148912773	1235148917468
18	1235148920720	1235148930656
18	1235149581173	1235149585764
18	1235149824673	1235149827568
18	1235149829789	1235149835095
18	1235149835310	1235149838556
18	1235149967401	1235149974439
18	1235149980068	1235149982464
18	1235150202302	1235150205131
18	1235150208266	1235150208723
18	1235150452497	1235150458298
19	1235114376927	1235114381513
19	1235149830375	1235149833314
28	1235113160879	1235113165787
28	1235165294269	1235165297202
29	1235104108783	1235104110005
29	1235105015374	1235105018555
29	1235105075868	1235105079006
29	1235105485790	1235105488328
29	1235105532082	1235105533808
29	1235105608258	1235105904378
29	1235105945338	1235105947632
29	1235105981364	1235106022885
29	1235106047688	1235106052016
29	1235113162274	1235113165907
29	1235113286759	1235113292137
29	1235164094965	1235164102646
29	1235165291851	1235165297627
30	1235104108286	1235104109788
30	1235105016016	1235105020147
30	1235105075269	1235105078766
30	1235105487194	1235105490108
30	1235105532317	1235105535260
30	1235105605827	1235105905468
30	1235105941684	1235105947845
30	1235105981886	1235106022397
30	1235164092297	1235164100995
31	1235100723526	1235100729296
31	1235100794260	1235100797131
31	1235100797912	1235100809927
31	1235100812050	1235100812449
31	1235100813522	1235100818123
31	1235100823168	1235100824414
31	1235100831824	1235100836359
31	1235100836919	1235100842131
31	1235100851148	1235100860471
31	1235100875151	1235100879757
31	1235100881122	1235100885444
31	1235100886015	1235100893186
31	1235100908818	1235100910218
31	1235100914446	1235100917048
31	1235100921124	1235100924260
31	1235100932822	1235100933919
31	1235100941050	1235100954194
31	1235100955271	1235100961315
31	1235100975096	1235100978082
31	1235100991523	1235100997464
31	1235101017251	1235101027962
31	1235101036314	1235101038098
31	1235101041369	1235101044132
31	1235101045171	1235101047622
31	1235101050123	1235101053220
31	1235101054556	1235101064227
31	1235101065306	1235101068042
31	1235101072587	1235101074097
31	1235101080402	1235101082196
31	1235101089124	1235101089410
31	1235101095024	1235101105793
31	1235101107062	1235101111950
31	1235101116082	1235101131166
31	1235101146093	1235101147340
31	1235101149059	1235101152438
31	1235101154997	1235101164375
31	1235101166081	1235101171847
31	1235101174696	1235101179060
31	1235101189017	1235101191078
31	1235101200084	1235101203874
31	1235101204621	1235101212587
31	1235101230263	1235101240106
31	1235101240873	1235101242637
31	1235101244036	1235101245092
31	1235101245327	1235101252981
31	1235101256556	1235101259875
31	1235101267071	1235101270077
31	1235101270627	1235101271664
31	1235101273184	1235101274971
31	1235101276916	1235101282707
31	1235101282886	1235101285143
31	1235101286631	1235101291994
31	1235101292661	1235101295456
31	1235101304806	1235101309144
31	1235101309426	1235101314199
31	1235101315361	1235101318187
31	1235101319405	1235101327563
31	1235101329264	1235101333886
31	1235101336097	1235101342099
31	1235101385299	1235101394093
31	1235101416004	1235101425994
31	1235101426314	1235101427819
31	1235101432727	1235101445220
31	1235101466849	1235101471098
31	1235101472176	1235101474274
31	1235101480893	1235101486117
31	1235101486314	1235101492950
31	1235101523099	1235101528917
31	1235101531223	1235101541262
31	1235101541455	1235101543051
31	1235101565826	1235101575169
31	1235101575312	1235101577094
31	1235101578319	1235101583227
31	1235101586213	1235101587644
31	1235101590410	1235101595598
31	1235101604807	1235101607114
31	1235101607593	1235101611863
31	1235101626346	1235101628194
31	1235101632881	1235101633999
31	1235101635697	1235101637696
31	1235101640129	1235101641146
31	1235101642035	1235101646099
31	1235101646512	1235101649403
31	1235101664614	1235101668622
31	1235101670462	1235101671476
31	1235101683841	1235101687018
31	1235101701319	1235101706174
31	1235101706962	1235101708006
31	1235101708948	1235101709996
31	1235101710566	1235101712266
31	1235101712824	1235101715324
31	1235101721933	1235101724124
31	1235101730824	1235101734086
31	1235101737504	1235101739213
31	1235101742092	1235101745129
31	1235101760146	1235101762097
31	1235101769127	1235101775876
31	1235101777113	1235101781070
31	1235101814144	1235101818913
31	1235101823145	1235101826000
31	1235101830355	1235101835194
31	1235101835377	1235101841222
31	1235101844844	1235101848185
31	1235101849189	1235101855074
31	1235101864155	1235101866144
31	1235101867184	1235101871077
31	1235101872797	1235101875265
31	1235101887051	1235101888964
31	1235101950864	1235101954019
31	1235101956174	1235101957625
31	1235101959397	1235101961217
31	1235101962566	1235101969142
31	1235101982219	1235101992115
31	1235101993464	1235101999316
31	1235102001311	1235102004079
31	1235102007741	1235102010786
31	1235102068914	1235102070753
31	1235102070978	1235102072016
31	1235102124539	1235102133874
31	1235102174894	1235102177284
31	1235102206103	1235102208037
31	1235102209688	1235102213741
31	1235102214174	1235102216718
31	1235102275514	1235102276754
31	1235102300556	1235102302508
31	1235102332372	1235102336359
31	1235102398075	1235102405818
31	1235102416070	1235102417685
31	1235102420259	1235102423483
31	1235102426651	1235102428728
31	1235102478112	1235102481286
31	1235102481529	1235102483721
31	1235102501214	1235102504517
31	1235102507183	1235102511130
31	1235102538729	1235102543184
31	1235102549117	1235102558652
31	1235102562515	1235102564164
31	1235102591248	1235102595346
31	1235102667679	1235102669221
31	1235102670094	1235102672064
31	1235102672270	1235102675172
31	1235102685095	1235102690164
31	1235102695051	1235102706125
31	1235102744672	1235102747964
31	1235102748880	1235102751409
31	1235102756682	1235102763123
31	1235102824656	1235102826124
31	1235102826364	1235102833730
31	1235102841565	1235102845873
31	1235102856976	1235102860753
31	1235102897103	1235102898230
31	1235102928688	1235102929757
31	1235102931116	1235102934119
31	1235102980258	1235102982122
31	1235103039081	1235103040193
31	1235103042122	1235103046326
31	1235103085153	1235103091430
31	1235103152900	1235103154114
31	1235103199921	1235103209114
31	1235103225149	1235103226796
31	1235103289788	1235103292033
31	1235103292221	1235103295099
31	1235103295293	1235103296797
31	1235103298049	1235103302937
31	1235103303984	1235103307104
31	1235103342199	1235103343935
31	1235103407151	1235103410559
31	1235103422633	1235103423719
31	1235103440205	1235103443082
31	1235103491669	1235103496043
31	1235103521753	1235103522688
31	1235103523238	1235103533198
31	1235103659681	1235103661447
31	1235103699706	1235103702143
31	1235103717099	1235103723326
31	1235103807128	1235103813783
31	1235103816117	1235103828206
31	1235103843944	1235103844994
31	1235103845195	1235103847462
31	1235103847755	1235103852735
31	1235103855824	1235103858018
31	1235103871746	1235103873458
31	1235103900111	1235103906095
31	1235103912903	1235103915107
31	1235103915450	1235103922153
31	1235103927161	1235103930120
31	1235103951293	1235103954147
31	1235103954440	1235103960446
31	1235103980543	1235103988117
31	1235103994110	1235103994914
31	1235103995214	1235103997376
31	1235104019400	1235104021173
31	1235104022894	1235104030085
31	1235106165288	1235106176171
31	1235106178214	1235106186444
31	1235106188082	1235106194271
31	1235106222840	1235106233096
31	1235106242759	1235106249824
31	1235106250024	1235106251864
31	1235106255797	1235106257701
31	1235106270683	1235106272539
31	1235106272845	1235106275576
31	1235106275978	1235106278105
31	1235106284063	1235106285316
31	1235106309764	1235106318013
31	1235106318498	1235106324071
31	1235106326510	1235106333378
31	1235106373456	1235106383214
31	1235106390079	1235106392122
31	1235106402099	1235106404116
31	1235106408131	1235106412450
31	1235106443298	1235106448063
31	1235106454937	1235106463055
31	1235106486088	1235106487806
31	1235106489128	1235106493622
31	1235106502129	1235106504101
31	1235106513963	1235106516760
31	1235106520659	1235106527062
31	1235106529046	1235106531241
31	1235106534070	1235106535244
31	1235106535966	1235106549083
31	1235106555091	1235106556849
31	1235106559936	1235106561878
31	1235106564674	1235106576136
31	1235106591143	1235106592524
31	1235106593093	1235106595254
31	1235106603219	1235106606084
31	1235106612024	1235106621885
31	1235106673355	1235106675122
31	1235106683314	1235106685081
31	1235106697783	1235106703102
31	1235106709083	1235106713964
31	1235106731241	1235106739116
31	1235106749004	1235106754843
31	1235106772264	1235106776212
31	1235106826124	1235106841714
31	1235106849043	1235106850099
31	1235106851785	1235106853344
31	1235106856689	1235106877232
31	1235106878636	1235106883747
31	1235106884396	1235106895244
31	1235106897117	1235106902228
31	1235106913444	1235106919962
31	1235106920813	1235106926059
31	1235106926934	1235106928113
31	1235106929049	1235106935143
31	1235106935352	1235106944294
31	1235106946298	1235106952031
31	1235106958417	1235106964121
31	1235106970586	1235106972992
31	1235106974073	1235106983202
31	1235107357402	1235107359124
31	1235107362082	1235107365121
31	1235135050732	1235135053546
31	1235135054073	1235135058315
31	1235135059814	1235135079681
31	1235135087024	1235135088386
31	1235135101544	1235135106573
31	1235135109510	1235135110712
31	1235135115952	1235135116772
31	1235135124903	1235135125445
31	1235135131504	1235135134957
31	1235135140692	1235135144165
31	1235135145508	1235135149564
31	1235135159013	1235135163803
31	1235135215928	1235135223466
31	1235135241400	1235135245178
31	1235135246021	1235135251915
31	1235135257942	1235135259622
31	1235135266117	1235135269399
31	1235135271573	1235135273445
31	1235135321469	1235135322964
31	1235135325091	1235135328297
31	1235135396941	1235135399731
31	1235135406448	1235135408444
31	1235135415296	1235135417395
31	1235135454832	1235135456617
31	1235135457719	1235135459902
31	1235135472096	1235135474208
31	1235135511671	1235135515064
31	1235135567648	1235135569516
31	1235135645516	1235135648341
31	1235135665788	1235135666459
31	1235135667170	1235135669314
31	1235135669756	1235135671779
31	1235135696866	1235135698848
31	1235135699305	1235135701364
31	1235135732341	1235135735165
31	1235135737502	1235135740194
31	1235135741194	1235135748168
31	1235135753060	1235135753345
31	1235135767757	1235135770579
31	1235135775094	1235135777089
31	1235135777704	1235135784106
31	1235135792315	1235135794961
31	1235135849195	1235135851597
31	1235135871577	1235135879738
31	1235136062853	1235136065548
31	1235136090308	1235136094064
31	1235136096662	1235136102494
31	1235136102805	1235136104776
31	1235136108147	1235136109227
31	1235136110973	1235136111185
31	1235136116344	1235136117358
31	1235136117979	1235136123152
31	1235136128752	1235136130207
31	1235136134793	1235136147573
31	1235136152827	1235136153136
31	1235136153773	1235136167893
31	1235136170064	1235136172726
31	1235136174894	1235136177941
31	1235136185158	1235136210643
31	1235136211248	1235136214727
31	1235136220514	1235136220714
31	1235136225853	1235136226201
31	1235136232524	1235136237723
31	1235136257207	1235136258902
31	1235136262070	1235136264668
31	1235136275403	1235136277038
31	1235136297407	1235136301064
31	1235136303791	1235136305161
31	1235136309654	1235136314381
31	1235136318506	1235136321324
31	1235136324985	1235136328473
31	1235136333152	1235136334859
31	1235136343544	1235136345569
31	1235136355954	1235136358819
31	1235136436890	1235136439014
31	1235136440145	1235136442107
31	1235136442867	1235136445350
31	1235136454017	1235136458074
31	1235136470672	1235136474921
31	1235136543193	1235136546554
31	1235136547035	1235136549354
31	1235136557111	1235136567610
31	1235136569691	1235136574010
31	1235136575646	1235136577016
31	1235136582173	1235136584417
31	1235136585273	1235136587779
31	1235136594202	1235136595167
31	1235136596926	1235136602163
31	1235136607076	1235136609249
31	1235136626497	1235136630144
31	1235136635681	1235136636609
31	1235136639606	1235136641414
31	1235136645720	1235136648260
31	1235136648814	1235136665240
31	1235136671493	1235136690028
31	1235136690265	1235136698758
31	1235136699206	1235136702443
31	1235136713553	1235136718196
31	1235136720578	1235136721107
31	1235136874875	1235136894146
31	1235136907237	1235136913494
31	1235136922004	1235136924843
31	1235136940810	1235136943986
31	1235136948386	1235136955092
31	1235136959213	1235136961654
31	1235136969969	1235136985174
31	1235136988497	1235136991135
31	1235136993398	1235137000170
31	1235137009324	1235137014936
31	1235137038439	1235137041500
31	1235137057056	1235137060593
31	1235137078596	1235137085988
31	1235137087787	1235137095091
31	1235137111326	1235137121669
31	1235137142373	1235137148641
31	1235137153913	1235137163812
31	1235137166301	1235137168373
31	1235137168935	1235137173228
31	1235137183817	1235137187194
31	1235137187403	1235137189751
31	1235137192322	1235137196504
31	1235137198873	1235137202438
31	1235137203221	1235137204373
31	1235137214439	1235137217788
31	1235137217976	1235137222451
31	1235137247508	1235137250813
31	1235137255772	1235137267936
31	1235137268218	1235137271152
31	1235137286094	1235137292614
31	1235137319510	1235137325161
31	1235137325666	1235137331679
31	1235137446618	1235137448468
31	1235137454813	1235137456077
31	1235137467522	1235137472531
31	1235137535561	1235137535784
31	1235137536949	1235137542625
31	1235137559295	1235137563584
31	1235137565754	1235137566754
31	1235137577153	1235137577506
31	1235137578344	1235137580164
31	1235137595719	1235137607632
31	1235137634963	1235137638564
31	1235137646256	1235137647275
31	1235137649285	1235137650474
31	1235137651075	1235137658416
31	1235137662049	1235137665306
31	1235137690343	1235137694921
31	1235137696584	1235137699657
31	1235137718867	1235137721693
31	1235137748974	1235137750812
31	1235137756494	1235137760012
31	1235137769131	1235137769642
31	1235137777632	1235137780794
31	1235137789541	1235137790934
31	1235137798694	1235137803183
31	1235137807924	1235137810388
31	1235137829520	1235137846763
31	1235137858693	1235137858935
31	1235137859126	1235137861395
31	1235137903841	1235137907353
31	1235137979640	1235137982697
31	1235138027619	1235138028357
31	1235138036620	1235138044200
31	1235138070422	1235138072549
31	1235138076373	1235138079233
31	1235138091581	1235138094070
31	1235138142807	1235138151151
31	1235138190647	1235138195754
31	1235138207564	1235138214374
31	1235138216373	1235138217856
31	1235138226291	1235138234242
31	1235138309262	1235138312978
31	1235138345834	1235138350733
31	1235138352004	1235138359752
31	1235138402047	1235138405841
31	1235138473844	1235138474750
31	1235138476827	1235138480178
31	1235138500408	1235138501426
31	1235138515562	1235138518627
31	1235138523084	1235138525126
31	1235138527336	1235138533752
31	1235138543944	1235138548556
31	1235138619279	1235138619602
31	1235138662207	1235138667231
31	1235138671645	1235138673213
31	1235138695456	1235138700561
31	1235138730650	1235138733394
31	1235138775288	1235138776857
31	1235138794009	1235138798197
31	1235138809626	1235138812244
31	1235138872633	1235138877810
31	1235138894269	1235138898194
31	1235138923124	1235138925133
31	1235138927651	1235138927920
31	1235138945648	1235138951766
31	1235138966294	1235138974566
31	1235138981164	1235138983236
31	1235139005188	1235139011358
31	1235139056330	1235139059530
31	1235139070765	1235139077273
31	1235139121459	1235139122373
31	1235139219258	1235139222543
31	1235139230440	1235139237586
31	1235139320297	1235139324903
31	1235139387644	1235139389374
31	1235139389946	1235139392454
31	1235139405033	1235139408374
31	1235139614342	1235139625173
31	1235139625697	1235139631805
31	1235139632527	1235139635996
31	1235139646196	1235139646875
31	1235139649327	1235139650967
31	1235139683313	1235139685782
31	1235139697377	1235139700787
31	1235139751643	1235139755254
31	1235139758187	1235139760442
31	1235139764004	1235139770338
31	1235164078604	1235164079636
32	1235100470881	1235100476569
32	1235100860332	1235100864819
32	1235100872788	1235100876027
32	1235101005107	1235101006023
32	1235101212425	1235101230112
32	1235102543713	1235102544546
32	1235102546513	1235102549841
32	1235102688324	1235102696580
32	1235104036534	1235104040532
32	1235104075837	1235104078468
32	1235104093418	1235104097554
32	1235106131240	1235106134220
32	1235106162081	1235106165497
32	1235106191236	1235106196131
32	1235106210063	1235106215116
32	1235106221254	1235106224083
32	1235106230068	1235106234381
32	1235106239819	1235106242617
32	1235106980621	1235106983859
32	1235106989414	1235106996388
32	1235106998193	1235107002577
32	1235107005914	1235107008819
32	1235107308698	1235107312327
32	1235107353066	1235107356747
32	1235107368097	1235107371553
32	1235107390198	1235107394326
32	1235107401173	1235107404126
32	1235136892463	1235136895807
32	1235136904125	1235136907094
32	1235136940197	1235136952356
32	1235136959042	1235136970689
32	1235139323894	1235139327326
32	1235139348102	1235139350144
32	1235139368858	1235139375876
32	1235139378068	1235139383555
32	1235139399975	1235139407962
32	1235139411547	1235139413587
32	1235139413951	1235139414988
32	1235139423371	1235139431882
32	1235139613528	1235139616690
32	1235139707210	1235139710999
32	1235139750000	1235139752965
32	1235164079436	1235164082146
32	1235164082449	1235164092098
34	1235085908544	1235085912864
34	1235087775418	1235087791768
34	1235089141131	1235089144601
34	1235089236312	1235089240042
34	1235089370906	1235089374837
34	1235089433082	1235089436977
34	1235089681763	1235089688698
34	1235097190962	1235097196198
34	1235097694902	1235097699349
34	1235098278922	1235098286159
34	1235098763504	1235098774565
34	1235098812557	1235098816463
34	1235098829804	1235098833162
34	1235098836631	1235098846877
34	1235098873626	1235098888260
34	1235098914673	1235098922257
34	1235099058571	1235099062184
34	1235099068910	1235099072558
34	1235099514343	1235099518084
34	1235099522665	1235099528872
34	1235099530099	1235099533109
34	1235099581864	1235099584111
34	1235099590491	1235099593054
34	1235099737648	1235099741358
34	1235099849231	1235099851148
34	1235099857137	1235099867378
34	1235099868181	1235099877623
34	1235099890134	1235099892174
34	1235100144095	1235100145535
34	1235100154449	1235100156091
34	1235100157713	1235100159366
34	1235100160034	1235100162097
34	1235100201857	1235100205017
34	1235100261961	1235100263064
34	1235100370087	1235100371486
34	1235100386764	1235100388834
34	1235100392239	1235100394296
34	1235100395572	1235100397757
34	1235100403094	0
35	1235085012403	1235085020558
35	1235085411241	1235085418778
35	1235085904198	1235085912971
35	1235087771923	1235087787561
35	1235089123580	1235089133684
35	1235089137366	1235089144741
35	1235089236451	1235089240210
35	1235089371091	1235089374986
35	1235089433342	1235089437125
35	1235089677846	1235089688866
35	1235091210101	1235091220124
35	1235091282249	1235091289052
35	1235091899902	1235091903435
35	1235094067563	1235094070876
35	1235094346330	1235094349444
35	1235095975572	1235095991760
35	1235097186692	1235097201920
35	1235097314898	1235097318993
35	1235097695205	1235097699485
35	1235097879749	1235097884405
35	1235098104903	1235098108776
35	1235098192962	1235098196925
35	1235098279092	1235098286287
35	1235098756072	1235098770317
35	1235098774697	1235098778256
35	1235098805555	1235098809024
35	1235098812703	1235098816599
35	1235098877268	1235098884434
35	1235098918253	1235098926339
35	1235099076694	1235099080173
35	1235099089924	1235099100272
35	1235099103914	1235099107943
35	1235099111381	1235099114902
35	1235099503254	1235099521068
35	1235099634175	1235099635623
35	1235099861211	1235099861808
35	1235099862698	1235099864126
35	1235100147148	1235100153418
35	1235100156342	1235100159785
35	1235100160152	1235100162555
35	1235100201417	1235100202740
35	1235100240077	1235100241243
35	1235100256864	1235100258327
35	1235100264264	1235100267164
35	1235100386193	1235100388598
35	1235100392465	1235100394071
35	1235100395976	1235100400823
35	1235100403251	1235105077052
35	1235164090934	1235164093854
36	1235104096131	1235104108425
36	1235105017533	1235105077373
36	1235105533036	1235105947151
36	1235164091701	1235164097671
37	1235104109346	1235104116026
37	1235104123128	1235104125108
37	1235104130559	1235104139112
37	1235105012931	1235105017125
37	1235105077174	1235105080378
37	1235105080574	1235105086163
37	1235105137166	1235105141024
37	1235105330258	1235105334422
37	1235105362247	1235105370936
37	1235105384944	1235105396718
37	1235105442747	1235105445029
37	1235105469932	1235105475119
37	1235105482939	1235105487815
37	1235105529803	1235105532585
37	1235105609021	1235105613328
37	1235105619126	1235105624196
37	1235105753113	1235105759048
37	1235105939642	1235105944281
37	1235105946204	1235105950422
37	1235105980084	1235105983083
37	1235106021289	1235106025148
37	1235106046108	1235106049143
37	1235106094173	1235106098506
37	1235106116164	1235106120037
37	1235113162814	1235113172826
37	1235113280902	1235113288631
37	1235164079878	1235164081327
37	1235164091560	1235164102442
37	1235164108125	1235164113115
37	1235164120633	1235164123968
37	1235164142198	1235164150101
37	1235164170307	1235164174206
37	1235164220106	1235164223091
37	1235164369181	1235164370220
37	1235164370896	1235164374679
37	1235164380070	1235164383953
37	1235164389124	1235164394099
37	1235164396008	1235164397127
37	1235164401816	1235164406666
37	1235164407519	1235164409850
37	1235164410096	1235164412214
37	1235164415108	1235164418186
37	1235164446260	1235164451101
37	1235164455711	1235164462092
37	1235164642692	1235164644237
37	1235164645882	1235164647819
37	1235164675306	1235164681338
37	1235164683161	1235164686625
37	1235164696130	1235164700196
37	1235164701252	1235164701931
37	1235164702247	1235164704094
37	1235164726597	1235164728596
37	1235164740184	1235164741124
37	1235164741982	1235164743468
37	1235164781598	1235164784551
37	1235164786126	1235164787696
37	1235164792099	1235164793921
37	1235164797047	1235164799126
37	1235164804175	1235164807117
37	1235164810856	1235164816507
37	1235164861672	1235164865876
37	1235164867146	1235164871794
37	1235164873129	1235164879059
37	1235164879824	1235164882111
37	1235164882571	1235164886573
37	1235164888163	1235164894454
37	1235164936189	1235164936971
37	1235164993207	1235165002307
37	1235165035167	1235165039823
37	1235165041934	1235165046223
37	1235165050205	1235165053439
37	1235165055132	1235165057474
37	1235165058202	1235165061167
37	1235165063800	1235165068445
37	1235165069472	1235165069948
37	1235165073619	1235165075847
37	1235165144198	1235165145435
37	1235165149234	1235165159098
37	1235165164118	1235165168079
37	1235165171938	1235165175791
37	1235165187944	1235165192939
37	1235165195173	1235165202197
37	1235165213707	1235165217806
37	1235165255787	1235165258564
37	1235165262626	1235165269037
37	1235165270112	1235165274105
37	1235165280184	1235165285117
37	1235165289877	1235165294534
38	1235104111260	1235104112026
38	1235104114268	1235104140171
38	1235104190544	1235104199546
38	1235105009380	1235105017254
38	1235105077886	1235105079148
38	1235105082105	1235105101070
38	1235105101552	1235105102598
38	1235105105688	1235105110304
38	1235105117450	1235105123995
38	1235105125417	1235105132303
38	1235105133236	1235105144516
38	1235105158786	1235105175984
38	1235105177167	1235105183784
38	1235105189148	1235105198121
38	1235105200015	1235105204051
38	1235105207720	1235105212143
38	1235105213240	1235105224212
38	1235105229036	1235105232934
38	1235105234644	1235105268400
38	1235105268700	1235105270124
38	1235105271956	1235105282071
38	1235105282240	1235105294100
38	1235105306568	1235105313612
38	1235105315254	1235105375058
38	1235105381169	1235105400627
38	1235105404991	1235105411070
38	1235105417943	1235105423132
38	1235105429106	1235105432131
38	1235105432342	1235105435101
38	1235105436857	1235105466505
38	1235105467572	1235105475691
38	1235105479213	1235105487326
38	1235105520448	1235105523867
38	1235105529069	1235105533599
38	1235105610170	1235105613086
38	1235105617351	1235105622042
38	1235105757296	1235105758223
38	1235105904166	1235105905584
38	1235105906459	1235105919332
38	1235105920489	1235105921577
38	1235105926118	1235105927694
38	1235105929078	1235105944447
38	1235105947372	1235105954287
38	1235105959258	1235105961213
38	1235105962326	1235105966331
38	1235105966690	1235105968494
38	1235105968936	1235105974121
38	1235105976227	1235105983371
38	1235106022541	1235106031556
38	1235106033001	1235106037084
38	1235106044264	1235106049508
38	1235106095416	1235106103174
38	1235106104239	1235106105164
38	1235106110080	1235106119842
38	1235113164381	1235113168332
38	1235113169166	1235113174601
38	1235113262604	1235113270634
38	1235113270842	1235113276398
38	1235113277328	1235113286516
38	1235164078769	1235164080990
38	1235164089167	1235164111058
38	1235164111239	1235164117930
38	1235164118331	1235164138946
38	1235164139224	1235164145482
38	1235164146040	1235164165684
38	1235164169144	1235164178667
38	1235164179529	1235164212574
38	1235164214856	1235164223526
38	1235164225071	1235164233194
38	1235164237208	1235164239497
38	1235164245106	1235164247037
38	1235164262284	1235164263283
38	1235164265864	1235164329184
38	1235164331092	1235164358808
38	1235164362304	1235164376147
38	1235164376372	1235164442343
38	1235164442703	1235164454987
38	1235164455888	1235164488196
38	1235164489884	1235164491056
38	1235164491304	1235164495708
38	1235164497438	1235164498437
38	1235164500242	1235164516807
38	1235164517023	1235164555807
38	1235164558086	1235164560052
38	1235164571133	1235164582069
38	1235164582993	1235164585691
38	1235164593859	1235164596101
38	1235164596512	1235164599888
38	1235164601026	1235164615465
38	1235164617152	1235164617548
38	1235164618503	1235164620566
38	1235164629618	1235164641072
38	1235164642426	1235164644646
38	1235164646040	1235164648032
38	1235164648826	1235164657107
38	1235164657879	1235164674351
38	1235164674984	1235164676011
38	1235164676234	1235164677328
38	1235164678768	1235164704880
38	1235164707880	1235164735245
38	1235164735726	1235164829949
38	1235164831042	1235164964626
38	1235164966150	1235164973971
38	1235164974202	1235164978239
38	1235164978441	1235164979396
38	1235164980008	1235164981646
38	1235164990081	1235165000991
38	1235165014261	1235165019122
38	1235165020170	1235165074009
38	1235165076401	1235165081676
38	1235165083220	1235165089089
38	1235165090118	1235165102164
38	1235165102556	1235165107198
38	1235165108262	1235165131012
38	1235165131212	1235165139803
38	1235165140030	1235165154883
38	1235165156196	1235165160734
38	1235165163436	1235165172269
38	1235165172485	1235165203197
38	1235165205366	1235165207011
38	1235165207536	1235165213960
38	1235165214231	1235165237232
38	1235165238998	1235165240663
38	1235165244373	1235165264151
38	1235165270250	1235165273158
38	1235165274250	1235165282270
38	1235165282469	1235165295062
39	1235104137351	1235104147727
39	1235104189276	1235104192523
39	1235104195174	1235104210371
39	1235104211363	1235104214541
39	1235104950151	1235104954082
39	1235104960150	1235104969201
39	1235104975111	1235104996100
39	1235104996480	1235104999858
39	1235105002177	1235105006548
39	1235105008126	1235105011804
39	1235105107564	1235105113016
39	1235105116380	1235105119244
39	1235105372251	1235105376259
39	1235105379632	1235105383007
39	1235105396913	1235105408806
39	1235105457754	1235105462127
39	1235113171421	1235113176082
39	1235113261337	1235113264184
39	1235164365800	1235164367622
39	1235165228232	1235165233167
39	1235165244148	1235165247887
40	1235104142514	1235104149118
40	1235104153273	1235104154315
40	1235104165231	1235104168394
40	1235104171107	1235104172586
40	1235104183097	1235104192326
40	1235104198736	1235104210613
40	1235104964434	1235104980076
40	1235105108969	1235105113644
40	1235105114972	1235105119606
40	1235105372896	1235105378114
40	1235105378324	1235105383208
40	1235113172243	1235113182177
40	1235113249856	1235113252300
40	1235113252618	1235113258664
40	1235113259444	1235113265459
40	1235165229596	1235165237427
40	1235165241959	1235165247426
41	1235104142883	1235104150202
41	1235104151003	1235104153031
41	1235104154512	1235104156143
41	1235104165092	1235104168806
41	1235104183820	1235104193064
41	1235104198569	1235104203117
41	1235104203336	1235104206991
41	1235104964798	1235104978871
41	1235105109216	1235105120073
41	1235105373197	1235105384266
41	1235113172615	1235113183458
41	1235113241865	1235113246556
41	1235113247072	1235113248068
41	1235113249309	1235113264406
41	1235165229957	1235165235449
41	1235165237115	1235165237626
41	1235165240896	1235165247203
42	1235113160519	1235113162977
42	1235113288394	1235113292295
43	1235113159614	1235113163157
43	1235113288190	1235113293763
43	1235165294920	1235165298537
44	1235113292656	1235113293919
44	1235165298650	1235165300084
44	1235165300446	0
45	1235127607782	1235127620476
45	1235127682523	1235127686259
45	1235127722712	1235127724647
45	1235127727521	1235127730595
45	1235127779812	1235127782569
45	1235127812393	1235127816350
45	1235127818342	1235127822069
45	1235127892069	1235127894074
45	1235127894437	1235127896818
45	1235128164994	1235128169223
45	1235128189446	1235128191502
45	1235128194501	1235128203893
45	1235128213764	1235128215183
45	1235128218936	1235128219514
45	1235128245371	1235128246099
45	1235128420887	1235128426458
45	1235128534151	1235128534576
45	1235128535562	1235128537994
45	1235128565927	1235128569134
45	1235128587204	1235128588675
45	1235128592256	1235128595519
45	1235128597591	1235128599170
45	1235128600444	1235128601524
45	1235128800237	1235128805442
45	1235128814725	1235128815758
45	1235128853961	1235128859663
45	1235128951549	1235128954081
45	1235128955122	1235128956844
45	1235128957446	1235128961187
45	1235128965601	1235128969441
45	1235128980819	1235128990416
45	1235128992293	1235128998324
45	1235129004422	1235129010664
45	1235129020026	1235129023358
45	1235129044816	1235129046744
45	1235129056015	1235129057942
45	1235129060212	1235129061611
45	1235129070398	1235129074198
45	1235129085939	1235129100448
45	1235129119226	1235129121874
45	1235129124274	1235129130565
45	1235129133751	1235129137630
45	1235129149356	1235129154551
45	1235129160426	1235129163851
45	1235129205609	1235129206746
45	1235129235949	1235129238718
45	1235129247091	1235129251394
45	1235129255401	1235129264583
45	1235129266648	1235129270946
45	1235129287591	1235129294298
45	1235129294515	1235129304008
45	1235129318118	1235129326869
45	1235129329615	1235129338092
45	1235129345807	1235129351972
45	1235129360579	1235129364014
45	1235129372712	1235129374921
45	1235129390606	1235129393744
45	1235129395551	1235129398882
45	1235129399686	1235129404772
45	1235129405176	1235129410906
45	1235129413493	1235129416364
45	1235129420312	1235129431403
45	1235129437623	1235129449488
45	1235129452416	1235129453826
45	1235129482941	1235129483961
45	1235129491171	1235129494798
45	1235129501220	1235129504713
45	1235129510674	1235129513641
45	1235129540963	1235129545887
45	1235129565409	1235129567530
45	1235129597798	1235129603972
45	1235129615214	1235129616934
45	1235129621628	1235129622373
45	1235129639641	1235129640982
45	1235129646569	1235129649144
45	1235129649624	1235129651838
45	1235129652120	1235129655513
45	1235129658372	1235129666723
45	1235129669883	0
47	1235084670520	1235084674065
47	1235085132342	1235085140254
47	1235085154283	1235085161752
47	1235086061442	1235086075132
47	1235086970262	1235086977529
47	1235087066266	1235087069571
47	1235089451903	1235089456152
47	1235089795351	1235089805802
47	1235089913213	1235089916917
47	1235091866735	1235091870256
47	1235091916613	1235091923081
47	1235092157021	1235092164264
47	1235094018031	1235094021423
47	1235094108522	1235094118490
47	1235094404825	1235094408296
47	1235095199653	1235095207397
47	1235095604120	1235095608361
47	1235095801378	1235095806557
47	1235096319802	1235096324423
47	1235096998716	1235097012797
47	1235097990360	1235097999692
47	1235099051419	1235099055033
47	1235099945282	1235099949563
47	1235099951145	1235099954634
47	1235100502907	1235100505861
47	1235100521685	1235100529183
47	1235101082002	1235101086272
47	1235102035068	1235102040064
47	1235102459896	1235102462197
47	1235102467094	1235102469599
47	1235102471060	1235102471550
47	1235102471891	1235102477043
47	1235102984017	1235102988051
47	1235103328210	1235103332876
47	1235103425048	1235103428100
47	1235104985862	1235104987621
47	1235104990292	1235104998164
47	1235105771768	1235105776069
47	1235105777072	1235105778166
47	1235105778395	1235105788151
47	1235106335881	1235106338116
47	1235106339527	1235106344509
47	1235106345101	1235106346188
47	1235106864220	1235106865328
47	1235106868414	1235106874081
47	1235106898262	1235106899518
47	1235106904060	1235106905295
47	1235106907789	1235106913704
47	1235107280212	1235107281786
47	1235107339293	1235107341305
47	1235107413405	1235107417461
47	1235107905030	1235107911601
47	1235108503991	1235108504944
47	1235109194013	1235109198050
47	1235109199476	1235109201337
47	1235109461076	1235109466079
47	1235109884433	1235109890248
47	1235110328553	1235110347181
47	1235110351242	1235110357056
47	1235110952371	1235110955091
47	1235110958164	1235110961377
47	1235111084678	1235111088119
47	1235111088495	1235111090207
47	1235111745987	1235111747823
47	1235111756518	1235111759177
47	1235111875090	1235111878949
47	1235112349065	1235112351632
47	1235112353039	1235112360121
47	1235112793743	1235112796544
47	1235113148143	1235113153503
47	1235113154369	1235113155469
48	1235084670823	1235084679116
48	1235085132654	1235085147228
48	1235085154431	1235085161906
48	1235086057361	1235086070692
48	1235087062105	1235087073897
48	1235087103068	1235087107402
48	1235088157633	1235088164567
48	1235089452201	1235089459922
48	1235089788010	1235089791523
48	1235089795495	1235089805951
48	1235091735330	1235091741972
48	1235091863172	1235091870422
48	1235091876777	1235091880168
48	1235091909918	1235091923215
48	1235092150206	1235092153798
48	1235092157175	1235092164404
48	1235094011267	1235094021518
48	1235094108675	1235094118646
48	1235094886401	1235094889921
48	1235095195658	1235095207542
48	1235095604403	1235095608515
48	1235095801572	1235095806675
48	1235096994725	1235097012959
48	1235097990660	1235097999832
48	1235098502146	1235098505620
48	1235099043701	1235099055181
48	1235099945582	1235099955935
48	1235100500268	1235100505126
48	1235100521127	1235100529600
48	1235101080256	1235101080991
48	1235101083281	1235101085088
48	1235102036170	1235102040256
48	1235102137347	1235102139151
48	1235102332188	1235102333213
48	1235102396904	1235102401151
48	1235102460074	1235102469756
48	1235102472072	1235102477165
48	1235102983485	1235102986546
48	1235103320401	1235103331097
48	1235103425211	1235103431089
48	1235103431423	1235103434445
48	1235104984203	1235104999310
48	1235105771220	1235105787084
48	1235106336234	1235106342213
48	1235106863877	1235106876191
48	1235106898407	1235106904437
48	1235106904632	1235106907067
48	1235106908189	1235106910771
48	1235107279840	1235107281240
48	1235107306525	1235107308313
48	1235107410500	1235107422132
48	1235107901970	1235107904111
48	1235107905270	1235107907292
48	1235109192721	1235109205219
48	1235109213846	1235109215956
48	1235109461318	1235109469107
48	1235109472159	1235109473706
48	1235109881341	1235109893421
48	1235110008628	1235110012697
48	1235110328153	1235110357216
48	1235110358930	1235110360631
48	1235110952716	1235110958751
48	1235110961525	1235110962658
48	1235111081609	1235111090411
48	1235111746341	1235111760546
48	1235111875529	1235111877414
48	1235111878666	1235111881172
48	1235112348296	1235112352239
48	1235112354423	1235112360286
48	1235113148512	1235113156571
50	1235113292473	0
51	1235114024782	1235114026618
51	1235114632558	1235114637322
51	1235114709619	1235114715674
51	1235115331131	1235115338126
51	1235115850262	1235115859295
51	1235148670082	1235148676184
51	1235149825229	1235149838059
51	1235149967716	1235149973081
51	1235150452204	1235150458150
