1	1233574198093	1233574199545
1	1233574261416	0
2	1233557461843	1233557465524
2	1233574196554	1233574198726
6	1233567066564	1233567070879
6	1233567186451	1233567191863
6	1233571459375	1233571463526
6	1233571507611	1233571511548
6	1233571589568	1233571595795
6	1233571599573	1233571604502
6	1233571662491	1233571667247
6	1233571795682	1233571799803
6	1233571890730	1233571898108
6	1233571939117	1233571944063
6	1233571979230	1233571983640
6	1233571998209	1233572002743
6	1233572073082	1233572077884
6	1233572283535	1233572287662
6	1233572417545	1233572420531
6	1233572423114	1233572428579
6	1233572578590	1233572582911
6	1233572650417	1233572653429
6	1233572655792	1233572658413
6	1233572763145	1233572772412
6	1233572923035	1233572926014
6	1233573167366	1233573170301
6	1233573448270	1233573451121
6	1233573495752	1233573499363
6	1233574026208	1233574054521
6	1233574060661	1233574065869
6	1233574102220	1233574106097
6	1233574153822	1233574159953
6	1233574163641	1233574171250
6	1233574191914	1233574196416
6	1233574199135	1233574202295
6	1233574204716	1233574212360
6	1233574214822	1233574215084
6	1233574230590	1233574250536
7	1233557459591	1233557467615
7	1233566909919	1233566915930
7	1233567066270	1233567070702
7	1233567382944	1233567387971
7	1233571294140	1233571300239
7	1233571365438	1233571375144
7	1233571456248	1233571459202
7	1233571463371	1233571468885
7	1233571540137	1233571545176
7	1233571897997	1233571903220
7	1233571998044	1233572002580
7	1233572291156	1233572296601
7	1233572414276	1233572417825
7	1233572442089	1233572444921
7	1233572842156	1233572844079
7	1233572922850	1233572925873
7	1233573170148	1233573175263
7	1233573185256	1233573189419
7	1233573497745	1233573502569
7	1233573527879	1233573531237
7	1233574195550	1233574202159
8	1233557458702	1233557462238
8	1233557464376	1233557467444
8	1233567200805	1233567206098
8	1233567382570	1233567387602
8	1233567670057	1233567673391
8	1233571897675	1233571902695
8	1233571933324	1233571938730
8	1233573169799	1233573174465
8	1233573184722	1233573189070
8	1233573498905	1233573506232
8	1233573525298	1233573531033
8	1233574198401	1233574199398
8	1233574261305	0
9	1233567393043	1233567397604
9	1233567432081	1233567435974
9	1233567604911	1233567610084
9	1233567623782	1233567627733
9	1233567670540	1233567674061
9	1233571294298	1233571300399
9	1233571934170	1233571939322
9	1233572941727	1233572944270
9	1233572973857	1233572974533
9	1233573002331	1233573005546
9	1233573036083	1233573038921
9	1233573084421	1233573088199
9	1233573167533	1233573175383
9	1233573185411	1233573192918
9	1233573210501	1233573213732
9	1233573444541	1233573449891
9	1233573496051	1233573497908
9	1233573525694	1233573527968
9	1233595574757	0
10	1233567371668	1233567377302
13	1233557416470	1233557418851
13	1233557470169	1233557472711
13	1233557473856	1233557478725
13	1233557641661	1233557643741
13	1233567367077	1233567371393
13	1233567388126	1233567393183
14	1233557413237	1233557415865
14	1233557416946	1233557423401
14	1233557466919	1233557470388
14	1233557643150	1233557646482
14	1233567366595	1233567371036
14	1233567387769	1233567392784
14	1233567693994	1233567698769
15	1233557367692	1233557373511
15	1233557410939	1233557416006
15	1233557418551	1233557423902
15	1233557455553	1233557461982
15	1233557644095	1233557648333
15	1233557649764	1233557651821
15	1233566428907	1233566430863
15	1233566436971	1233566440053
15	1233566903823	1233566910665
15	1233567201498	1233567206987
15	1233567367269	1233567371821
15	1233567670836	1233567674210
15	1233567694324	1233567699324
15	1233571934321	1233571939434
15	1233572296910	1233572302410
15	1233573170820	1233573175535
15	1233573182307	1233573189545
15	1233573503208	1233573506925
15	1233573525069	1233573528073
15	1233593507417	1233593511323
15	1233593519837	1233593524728
15	1233593595517	1233593598872
15	1233593599798	1233593606071
15	1233593712980	1233593715862
15	1233593921899	1233593925177
15	1233593926985	1233593929875
15	1233594464359	1233594469803
15	1233594485827	1233594490595
15	1233594948098	1233594951923
15	1233594958198	1233594962714
15	1233594992803	1233594995737
15	1233595004532	1233595008333
15	1233595014019	1233595017539
15	1233595273430	1233595276124
15	1233595571238	1233595576213
16	1233557275254	1233557277757
16	1233557289831	1233557295279
16	1233557321554	1233557351020
16	1233557367250	1233557371731
16	1233557383137	1233557387418
16	1233557401342	1233557404198
16	1233557410824	1233557413957
16	1233557419245	1233557423782
16	1233557433609	1233557443482
16	1233557451422	1233557452714
16	1233557454753	1233557459287
16	1233557644613	1233557667201
16	1233557670080	1233557685340
16	1233557691881	1233557694262
16	1233557705587	1233557709166
16	1233557721179	1233557723862
16	1233566428616	1233566443122
16	1233566476304	1233566478369
16	1233566481222	1233566484511
16	1233566543621	1233566543805
16	1233566752289	1233566765294
16	1233566774915	1233566795824
16	1233566817500	1233566820984
16	1233566830181	1233566839465
16	1233566903518	1233566909618
16	1233567201119	1233567206759
16	1233567280395	1233567287895
16	1233567295144	1233567300179
16	1233567361555	1233567371229
16	1233567670396	1233567673897
16	1233567694197	1233567699247
16	1233571933882	1233571938925
16	1233572296441	1233572302252
16	1233573182180	1233573189285
16	1233573502427	1233573506775
16	1233573524911	1233573527786
16	1233593507129	1233593509372
16	1233593520363	1233593523364
16	1233593593540	1233593599162
16	1233593602861	1233593607331
16	1233593610549	1233593611838
16	1233593632448	1233593634758
16	1233593647474	1233593649690
16	1233593712536	1233593718243
16	1233593853778	1233593856216
16	1233593894707	1233593896557
16	1233593898058	1233593900217
16	1233593921265	1233593923605
16	1233593926863	1233593928069
16	1233593935954	1233593938257
16	1233594451373	1233594454358
16	1233594462720	1233594468180
16	1233594485124	1233594488113
16	1233594948650	1233594951619
16	1233594957938	1233594962563
16	1233594985423	1233594987573
16	1233594992655	1233594994020
16	1233595004809	1233595007843
16	1233595013901	1233595016937
16	1233595273128	1233595274385
16	1233595300647	1233595302861
16	1233595570787	1233595574008
17	1233557256297	1233557258643
17	1233557262070	1233557265910
17	1233557277197	1233557288985
17	1233557292680	1233557303748
17	1233557312873	1233557325073
17	1233557364341	1233557383757
17	1233557385827	1233557391590
17	1233557395371	1233557399099
17	1233557401823	1233557406595
17	1233557408842	1233557414214
17	1233557423549	1233557425960
17	1233557430460	1233557434707
17	1233566392266	1233566393060
17	1233566396055	1233566398710
17	1233566401150	1233566404283
17	1233566408171	1233566415115
17	1233566425737	1233566430679
17	1233566439845	1233566446148
17	1233566448887	1233566455091
17	1233566461520	1233566469226
17	1233566480873	1233566481698
17	1233566487045	1233566501045
17	1233566504174	1233566537652
17	1233566550430	1233566560894
17	1233566562479	1233566593825
17	1233566615520	1233566630570
17	1233566643564	1233566656735
17	1233566661241	1233566663717
17	1233566666707	1233566672854
17	1233566683982	1233566696634
17	1233566710090	1233566724177
17	1233566737285	1233566743047
17	1233566808618	1233566820803
17	1233566825206	1233566849416
17	1233566854203	1233566864182
17	1233566873730	1233566894011
17	1233567206390	1233567213120
17	1233567217301	1233567227539
17	1233567231845	1233567245125
17	1233567257299	1233567261943
17	1233567265551	1233567270352
17	1233567275424	1233567280164
17	1233567287679	1233567299961
17	1233567305642	1233567321801
17	1233567341898	1233567366743
17	1233567673699	1233567698930
17	1233571903009	1233571909011
17	1233571928235	1233571933490
17	1233572296067	1233572301526
17	1233573174765	1233573179146
17	1233573181839	1233573184894
17	1233573506542	1233573513778
17	1233573522977	1233573526251
17	1233593240663	1233593263387
17	1233593266169	1233593272996
17	1233593276385	1233593285460
17	1233593288845	1233593303775
17	1233593305423	1233593311485
17	1233593316274	1233593317824
17	1233593328140	1233593332166
17	1233593355209	1233593357601
17	1233593360931	1233593365319
17	1233593386895	1233593389844
17	1233593393030	1233593401221
17	1233593402782	1233593408612
17	1233593413278	1233593418298
17	1233593420845	1233593438133
17	1233593438648	1233593444788
17	1233593452682	1233593458645
17	1233593464365	1233593467302
17	1233593504135	1233593509232
17	1233593521690	1233593524533
17	1233593534799	1233593540041
17	1233593565460	1233593569572
17	1233593575895	1233593581540
17	1233593605245	1233593605875
17	1233593610332	1233593613821
17	1233593615005	1233593651077
17	1233593652901	1233593670626
17	1233593673589	1233593700353
17	1233593710300	1233593714258
17	1233593733898	1233593742606
17	1233593746192	1233593755557
17	1233593757124	1233593759084
17	1233593760604	1233593766721
17	1233593773151	1233593793478
17	1233593796829	1233593806747
17	1233593816129	1233593836669
17	1233593850193	1233593851492
17	1233593854053	1233593864424
17	1233593872813	1233593896335
17	1233593900054	1233593905961
17	1233593917899	1233593926658
17	1233593927750	1233593929699
17	1233593932834	1233593934229
17	1233593935753	1233593936858
17	1233594452580	1233594456199
17	1233594458854	1233594464713
17	1233594466518	1233594478953
17	1233594481407	1233594489077
17	1233594950539	1233594963193
17	1233594986559	1233594994138
17	1233595005690	1233595010786
17	1233595013250	1233595016750
17	1233595273863	1233595276454
17	1233595285652	1233595287546
17	1233595290854	1233595294078
17	1233595297012	1233595300132
17	1233595300421	1233595309643
17	1233595315195	1233595317562
17	1233595320758	1233595322107
17	1233595502905	1233595507731
17	1233595541647	1233595551937
17	1233595557282	1233595563926
17	1233595569633	1233595574402
18	1233557241147	1233557252851
18	1233557255774	1233557265457
18	1233557374258	1233557376933
18	1233557424036	1233557433790
18	1233566392853	1233566404071
18	1233566652075	1233566656943
18	1233566657464	1233566663887
18	1233566854550	1233566859570
18	1233566874420	1233566882452
18	1233567207262	1233567213770
18	1233567218100	1233567227916
18	1233567257510	1233567270623
18	1233567315609	1233567322189
18	1233572302721	1233572307069
18	1233573175829	1233573185555
18	1233593239486	1233593243257
18	1233593269821	1233593279363
18	1233593435445	1233593441273
18	1233593566483	1233593578352
18	1233594453623	1233594455873
18	1233594456721	1233594462841
18	1233595008121	1233595010978
18	1233595013393	1233595017226
18	1233595306464	1233595309129
18	1233595313218	1233595316329
18	1233595546438	1233595553264
18	1233595557602	1233595560267
18	1233595569820	1233595570911
19	1233557239239	1233557244357
19	1233566389541	1233566396186
19	1233567217535	1233567222226
19	1233593275097	1233593281322
21	1233557238125	1233557241426
21	1233566388797	1233566392458
23	1233574261550	0
24	1233557237683	1233557240857
24	1233566388989	1233566392613
25	1233557234974	1233557238559
25	1233566386574	1233566389766
26	1233557233009	1233557236163
26	1233566383875	1233566389147
27	1233557145515	1233557153486
27	1233557226016	1233557232635
27	1233566381137	1233566383662
28	1233557060825	1233557062079
28	1233557133078	1233557138845
28	1233557139567	1233557142253
28	1233557143286	1233557148171
28	1233566380585	1233566383218
28	1233609982307	1233609987258
29	1233555592428	1233555598511
29	1233556709608	1233556711220
29	1233557132374	1233557136271
29	1233566380761	1233566383330
29	1233609977042	1233609987423
30	1233555588900	1233555594237
30	1233557131035	1233557133870
31	1233581354083	1233581356991
31	1233581369278	1233581389111
31	1233581392297	1233581396473
31	1233581402444	1233581407835
31	1233581418902	1233581426993
31	1233581431550	1233581436658
31	1233581445721	1233581450472
31	1233581500820	1233581508917
31	1233581553461	1233581572053
31	1233581580718	1233581586431
31	1233581601033	1233581606017
31	1233581610496	1233581614191
31	1233581619590	1233581623650
31	1233581630893	1233581635930
31	1233581669700	1233581674724
31	1233581703743	1233581706934
31	1233581715084	1233581732520
31	1233581741837	1233581768984
31	1233581773295	1233581785770
31	1233581825402	1233581834965
31	1233581839780	1233581850660
31	1233581861639	1233581898690
31	1233581904347	1233581908813
31	1233581912912	1233581915945
31	1233581931221	1233581940384
31	1233581947911	1233581955049
31	1233581988692	1233581998299
31	1233582002844	1233582010610
31	1233582015266	1233582034361
31	1233582042588	1233582054955
31	1233582059930	1233582064352
31	1233582068861	1233582078254
31	1233582083523	1233582095764
31	1233582100196	1233582105700
31	1233582131253	1233582138141
31	1233582151430	1233582158893
31	1233582164054	1233582168550
31	1233582179003	1233582183282
31	1233582192498	1233582197232
31	1233582207771	1233582212740
31	1233582229138	1233582243102
31	1233582276588	1233582280425
31	1233582297462	1233582302643
31	1233582314231	1233582321682
31	1233582325961	1233582331094
31	1233582339345	1233582343171
31	1233582351505	1233582366622
31	1233582426763	1233582430484
31	1233582444341	1233582449144
31	1233582454241	1233582463350
31	1233582467424	1233582472163
31	1233582475797	1233582479794
31	1233582483327	1233582488497
31	1233582500861	1233582509145
31	1233582516221	1233582532232
31	1233582536589	1233582539497
31	1233582544661	1233582557991
31	1233582568773	1233582578502
31	1233582582669	1233582587543
31	1233582591441	1233582596829
31	1233582601884	1233582606352
31	1233582610597	1233582617646
31	1233582628212	1233582636826
31	1233582703589	1233582714981
31	1233582748274	1233582755322
31	1233582769431	1233582771991
31	1233582772244	1233582775877
31	1233582788146	1233582805761
31	1233582811842	1233582821988
31	1233582831350	1233582845470
31	1233582852332	1233582861993
31	1233582868530	1233582871324
31	1233582873361	1233582873763
31	1233582878243	1233582884224
31	1233582895011	1233582900940
31	1233582905161	1233582923243
31	1233582928106	1233582935923
31	1233582937732	1233582943911
31	1233582949951	1233582954770
31	1233582966564	1233582974441
31	1233582987463	1233582996421
31	1233582999871	1233583003981
31	1233583007776	1233583016282
31	1233583017835	1233583026871
31	1233583039581	1233583042144
31	1233583043072	1233583054326
31	1233583055055	1233583060991
31	1233583098215	1233583121545
31	1233583134401	1233583143201
31	1233583145965	1233583151581
31	1233583154076	1233583159679
31	1233583162072	1233583162375
31	1233583164861	1233583191972
31	1233583195877	1233583204030
31	1233583209951	1233583212339
31	1233583212833	1233583221328
31	1233583221714	1233583251872
31	1233583254751	1233583257115
31	1233583257493	1233583263792
31	1233583269143	1233583269433
31	1233583271956	1233583275411
31	1233583276045	1233583293476
31	1233583293734	1233583320840
31	1233583328388	1233583336520
31	1233583338951	1233583342612
31	1233583345119	1233583360219
31	1233583363084	1233583384631
31	1233583390112	1233583396801
31	1233583408111	1233583412051
31	1233583414354	1233583418261
31	1233583421101	1233583426571
31	1233583454049	1233583456181
31	1233583456483	1233583459634
31	1233583499961	1233583501401
31	1233583565834	1233583571421
31	1233583589081	1233583593324
31	1233583599581	1233583602683
31	1233583607351	1233583607637
31	1233583608120	1233583610371
31	1233583621039	1233583622002
31	1233583625351	1233583630909
31	1233583674644	1233583675446
31	1233583679300	1233583681571
31	1233583701542	1233583704534
31	1233583726701	1233583730126
31	1233583767876	1233583773718
31	1233583776857	1233583780950
31	1233583795831	1233583798912
31	1233583819660	1233583825774
31	1233583825984	1233583840411
31	1233583841303	1233583846723
31	1233583852503	1233583857932
31	1233583858301	1233583861927
31	1233583863920	1233583867181
31	1233583873511	1233583874318
31	1233583876394	1233583877123
31	1233583882141	1233583883210
31	1233583893621	1233583894924
31	1233583920490	1233583922731
31	1233583954085	1233583975304
31	1233583975617	1233583982731
31	1233583983563	1233583987477
31	1233584002265	1233584007572
31	1233584049624	1233584055042
31	1233584067467	1233584078474
31	1233584087492	1233584089853
31	1233584107395	1233584110631
31	1233584116102	1233584123361
31	1233584128893	1233584134180
31	1233584143607	1233584149850
31	1233584152863	1233584155791
31	1233584210040	1233584211567
31	1233584212440	1233584218584
31	1233584220870	1233584222517
31	1233584238091	1233584241957
31	1233584244664	1233584247817
31	1233584253526	1233584253928
31	1233584259873	1233584268849
31	1233584314202	1233584319932
31	1233584334058	1233584353575
31	1233584377702	1233584379952
31	1233584389146	1233584390051
31	1233584392245	1233584396770
31	1233584399540	1233584401568
31	1233584404686	1233584408241
31	1233584414504	1233584419000
31	1233584429020	1233584431967
31	1233584614555	1233584616261
31	1233584618293	1233584624297
31	1233584631327	1233584634802
31	1233584639274	1233584645894
31	1233584666891	1233584670460
31	1233584673851	1233584675834
31	1233584677513	1233584679419
31	1233584689703	1233584691056
31	1233584693677	1233584699701
31	1233584727606	1233584731732
31	1233584732738	1233584743107
31	1233584759333	1233584763339
31	1233584764944	1233584769240
31	1233584780886	1233584783942
31	1233584801551	1233584806641
31	1233584810406	1233584821714
31	1233584825153	1233584829020
31	1233584841952	1233584844970
31	1233584848510	1233584851814
31	1233584870748	1233584872798
31	1233584873215	1233584875937
31	1233584890931	1233584914822
31	1233584930215	1233584936208
31	1233584975917	1233584979322
31	1233585028084	1233585030211
31	1233585070142	1233585072929
31	1233585078510	1233585081645
31	1233585126981	1233585131373
31	1233585159891	1233585166623
31	1233585231451	1233585237610
31	1233585276238	1233585278303
31	1233585314298	1233585321632
31	1233585328163	1233585340350
31	1233585354807	1233585357491
31	1233585363480	1233585365525
31	1233585366461	1233585369230
31	1233585387746	1233585389665
31	1233585399991	1233585405821
31	1233585409100	1233585416951
31	1233585426099	1233585428851
31	1233585441699	1233585444033
31	1233585445764	1233585451473
31	1233585453936	1233585457307
31	1233585463382	1233585480095
31	1233585483726	1233585496204
31	1233585522262	1233585525201
31	1233585529825	1233585533730
31	1233585563036	1233585565553
31	1233585667644	1233585673859
31	1233585706741	1233585710020
31	1233585728204	1233585730973
31	1233585745094	1233585746643
31	1233585825076	1233585828223
31	1233585834439	1233585843411
31	1233585876701	1233585889704
31	1233585907090	1233585913573
31	1233585918102	1233585927512
31	1233585936957	1233585950620
31	1233585963337	1233585978803
31	1233585981832	1233585985112
31	1233585987521	1233585990227
31	1233586073303	1233586078771
31	1233586095845	1233586100291
31	1233586128430	1233586133043
31	1233586139597	1233586150833
31	1233586198105	1233586204201
31	1233586215592	1233586218161
31	1233586227683	1233586230973
31	1233586244945	1233586248031
31	1233586261581	1233586264041
31	1233586287526	1233586302871
31	1233586305392	1233586309410
31	1233586313745	1233586316371
31	1233586321800	1233586325549
31	1233586331206	1233586339382
31	1233586348651	1233586350148
31	1233586352893	1233586362602
31	1233586367837	1233586373719
31	1233586380233	1233586388643
31	1233586391626	1233586394964
31	1233586400462	1233586404204
31	1233586406351	1233586408955
31	1233586452430	1233586462920
31	1233586466901	1233586469887
31	1233586479943	1233586481959
31	1233586490628	1233586493050
31	1233586528461	1233586533721
31	1233586534284	1233586536865
31	1233586538583	1233586539201
31	1233586547910	1233586551904
31	1233586655959	1233586659162
31	1233586678481	1233586686262
31	1233586689511	1233586691987
31	1233586707701	1233586710756
31	1233586728686	1233586731692
31	1233586740802	1233586750071
31	1233586763682	1233586764383
31	1233586767464	1233586770989
31	1233586774094	1233586777590
31	1233586794367	1233586796751
31	1233586829544	1233586830387
31	1233586834351	1233586836652
31	1233586841721	1233586842553
31	1233586944796	1233586946634
31	1233587009299	1233587014443
31	1233587021034	1233587024476
31	1233587029565	1233587032344
31	1233587033213	1233587039481
31	1233587041617	1233587042224
31	1233587053959	1233587057223
31	1233587083128	1233587085829
31	1233587086129	1233587087174
31	1233587092764	1233587112921
31	1233587119713	1233587121801
31	1233587122206	1233587134100
31	1233587182970	1233587185636
31	1233587192879	1233587194462
31	1233587213707	1233587220452
31	1233588114504	1233588121760
31	1233588199047	1233588206772
31	1233588210336	1233588213644
31	1233588223275	1233588229820
31	1233588242112	1233588247441
31	1233588274223	1233588274534
31	1233588275111	1233588277531
31	1233588281141	1233588283721
31	1233588284336	1233588289798
31	1233588295362	1233588295742
31	1233588298393	1233588299296
31	1233588305032	1233588320780
31	1233588329866	1233588333644
31	1233588367670	1233588370167
31	1233588372412	1233588375586
31	1233588378413	1233588381641
31	1233588391626	1233588395049
31	1233588401300	1233588421194
31	1233588430701	1233588433300
31	1233588484070	1233588488934
31	1233588492245	1233588495392
31	1233588498850	1233588502644
31	1233588509544	1233588513101
31	1233588516051	1233588523856
31	1233588529242	1233588537726
31	1233588539971	1233588540682
31	1233588544210	1233588545781
31	1233588549745	1233588551897
31	1233588552306	1233588562728
31	1233588565693	1233588571405
31	1233588573803	1233588578194
31	1233588587305	1233588592756
31	1233588616584	1233588618844
31	1233588696273	1233588697210
31	1233588705276	1233588707474
31	1233588720121	1233588722641
31	1233588725124	1233588727551
31	1233588813525	1233588816240
31	1233588819621	1233588823182
31	1233588824826	1233588828381
31	1233588832892	1233588837497
31	1233588874143	1233588885076
31	1233588926819	1233588933684
31	1233588939801	1233588954571
31	1233588957201	1233588960091
31	1233588965911	1233588968961
31	1233588971273	1233588975170
31	1233588979831	1233588986120
31	1233588988737	1233588993082
31	1233589018548	1233589034167
31	1233589094583	1233589097434
31	1233589098300	1233589103372
31	1233589181455	1233589184085
31	1233589237410	1233589246395
31	1233589297546	1233589309792
31	1233589316930	1233589319231
31	1233589368229	1233589371026
31	1233589373053	1233589378785
31	1233589443201	1233589449416
31	1233589463351	1233589467590
31	1233589482825	1233589486009
31	1233589488101	1233589490624
31	1233589544774	1233589547159
31	1233589550078	1233589554711
31	1233589555753	1233589560550
31	1233589565479	1233589570314
31	1233589573016	1233589574164
31	1233589574468	1233589577292
31	1233589591360	1233589595201
31	1233589614505	1233589624751
31	1233589627823	1233589631172
31	1233589633763	1233589634557
31	1233589634824	1233589638323
31	1233589645319	1233589653609
31	1233589656411	1233589726511
31	1233589726970	1233589748242
31	1233589769683	1233589773201
31	1233589799339	1233589800269
31	1233589842320	1233589849306
31	1233589856912	1233589857891
31	1233589923910	1233589927362
31	1233589929741	1233589930023
31	1233589932072	1233589932513
31	1233589936002	1233589938572
31	1233589962495	1233589970232
31	1233589981237	1233589993637
31	1233589999922	1233590006051
31	1233590037691	1233590038322
31	1233590038685	1233590042701
31	1233590047241	1233590050600
31	1233590055011	1233590058095
31	1233590114383	1233590120880
31	1233590234381	1233590240383
31	1233590251013	1233590254030
31	1233590254763	1233590257360
31	1233590261011	1233590266471
31	1233590376481	1233590378813
31	1233590404524	1233590406661
31	1233590409282	1233590421485
31	1233590425854	1233590437083
31	1233590472714	1233590481382
31	1233590494282	1233590499569
31	1233590501931	1233590505253
31	1233590551083	1233590553576
31	1233590562896	1233590563179
31	1233590596031	1233590598234
31	1233590600890	1233590608213
31	1233590610351	1233590620361
31	1233590622769	1233590625885
31	1233590626243	1233590631621
31	1233590635323	1233590641801
31	1233590691023	1233590695059
31	1233590703691	1233590703933
31	1233590704235	1233590709204
31	1233590745394	1233590751800
31	1233590769086	1233590771722
31	1233590787081	1233590790404
31	1233590790802	1233590792844
31	1233590807673	1233590811102
31	1233590818051	1233590826350
31	1233590827749	1233590830414
31	1233590862900	1233590869323
31	1233590919413	1233590925291
31	1233590985852	1233590986857
31	1233591014447	1233591024581
31	1233591029983	1233591030275
31	1233591039015	1233591044599
31	1233591053563	1233591057001
31	1233591081803	1233591084822
31	1233591101497	1233591102770
31	1233591114433	1233591119887
31	1233591129733	1233591135467
31	1233591138511	1233591138803
31	1233591139106	1233591142280
31	1233591181594	1233591184710
31	1233591184925	1233591197305
31	1233591267840	1233591270492
31	1233591282141	1233591285882
31	1233591348296	1233591350713
31	1233591365370	1233591369501
31	1233591417381	1233591422511
31	1233591425745	1233591427103
31	1233591428330	1233591429506
31	1233591431271	1233591437247
31	1233591440396	1233591443483
31	1233591452998	1233591454461
31	1233591466947	1233591471340
31	1233591472652	1233591475431
31	1233591494414	1233591496243
31	1233591499553	1233591502194
31	1233591532912	1233591540320
31	1233591711295	1233591716814
31	1233591721446	1233591726007
31	1233591727411	1233591736300
31	1233591736716	1233591742941
31	1233591759541	1233591760284
31	1233591783930	1233591784981
31	1233591786541	1233591788107
31	1233591808037	1233591810930
31	1233591817070	1233591819266
31	1233591825493	1233591826450
31	1233591828356	1233591829542
31	1233591861313	1233591865192
31	1233591877623	1233591883421
31	1233591925221	1233591928361
31	1233591951372	1233591960444
31	1233592000281	1233592002682
31	1233592003026	1233592006041
31	1233592014846	1233592017721
31	1233592058295	1233592061142
31	1233592066281	1233592070192
31	1233592204353	1233592204963
31	1233592205821	1233592208228
31	1233592213442	1233592214493
31	1233592216589	1233592221049
31	1233592234421	1233592239282
31	1233592240349	1233592245320
31	1233592246692	1233592247944
31	1233592252460	1233592256396
31	1233592257092	1233592262421
31	1233592285764	1233592291534
31	1233592292561	1233592303306
31	1233592414506	1233592416024
31	1233592472680	1233592474081
31	1233592475850	1233592477103
31	1233592478741	1233592492012
31	1233592505774	1233592507343
31	1233592529599	1233592531309
31	1233592533302	1233592536613
31	1233592581913	1233592583141
31	1233592588020	1233592590339
31	1233592590587	1233592610331
31	1233592610732	1233592614293
31	1233592625454	1233592642211
31	1233597622865	1233597623599
31	1233597667449	1233597674066
31	1233597674874	1233597676868
31	1233597677190	1233597692357
31	1233597692625	1233597695442
31	1233597695971	1233597697273
31	1233597701675	1233597703320
31	1233597712831	1233597716173
31	1233597731794	1233597733825
31	1233597736525	1233597741294
31	1233597742615	1233597754718
31	1233597767186	1233597769614
31	1233597803695	1233597804894
31	1233597806605	1233597811219
31	1233597812547	1233597824564
31	1233597828923	1233597831427
31	1233597831728	1233597833767
31	1233597840295	1233597846185
31	1233597867177	1233597868127
31	1233597871047	1233597878715
31	1233597879237	1233597881999
31	1233597883056	1233597887830
31	1233597891078	1233597898307
31	1233597908880	1233597912274
31	1233597912823	1233597914822
31	1233597915477	1233597922185
31	1233597927967	1233597929441
31	1233597932860	1233597936334
31	1233597972405	1233597977265
31	1233597983605	1233597989843
31	1233597996155	1233597998685
31	1233598001793	1233598005200
31	1233598022614	1233598034301
31	1233598050214	1233598057373
31	1233598060175	1233598065785
31	1233598066187	1233598067493
31	1233598073802	1233598077427
31	1233598080550	1233598080992
31	1233598081395	1233598083675
31	1233598086803	1233598090833
31	1233598095928	1233598098687
31	1233598099746	1233598106245
31	1233598120147	1233598123915
31	1233598139005	1233598143482
31	1233598153064	1233598158388
31	1233598159875	1233598163183
31	1233598167470	1233598171155
31	1233598173779	1233598174381
31	1233598191347	1233598192696
31	1233598194447	1233598209987
31	1233598216058	1233598222647
31	1233598239382	1233598248828
31	1233598254776	1233598255856
31	1233598264685	1233598267460
31	1233598278694	1233598282215
31	1233598287751	1233598291028
31	1233598305305	1233598306389
31	1233598320908	1233598321770
31	1233598332620	1233598333570
31	1233598354794	1233598356855
31	1233598370305	1233598371316
31	1233598426535	1233598427506
31	1233598439804	1233598441744
31	1233598445025	1233598447418
31	1233598450555	1233598453507
31	1233598459659	1233598460231
31	1233598474451	1233598475986
31	1233598477698	1233598479097
31	1233598489495	1233598491005
31	1233598500264	1233598509069
31	1233598521024	1233598526003
31	1233598526816	1233598534881
31	1233598536155	1233598540398
31	1233598543244	1233598546334
31	1233598562099	1233598565505
31	1233598577327	1233598582961
31	1233598591654	1233598595966
31	1233598600535	1233598605026
31	1233598612531	1233598624624
31	1233598625117	1233598627645
31	1233598630965	1233598633473
31	1233598634158	1233598636352
31	1233598637067	1233598638122
31	1233598642915	1233598645182
31	1233598645707	1233598649283
31	1233598696696	1233598702897
31	1233598711294	1233598714716
31	1233598716447	1233598717505
31	1233598729098	1233598741697
31	1233598743426	1233598745025
31	1233598752465	1233598752740
31	1233598760023	1233598764558
31	1233598766214	1233598770545
31	1233598782315	1233598783586
31	1233598785816	1233598789028
31	1233598793131	1233598801328
31	1233598810325	1233598814142
31	1233598825230	1233598827855
31	1233598828742	1233598833624
31	1233598843639	1233598845905
31	1233598854695	1233598856215
31	1233598868322	1233598869662
31	1233598921165	1233598923926
31	1233598956269	1233598977779
31	1233598981882	1233598984274
31	1233599015577	1233599017965
31	1233599024013	1233599026875
31	1233599029785	1233599036681
31	1233599041734	1233599044318
31	1233599044920	1233599049175
31	1233599052174	1233599056579
31	1233599059193	1233599059983
31	1233599060261	1233599061333
31	1233599062834	1233599064281
31	1233599074578	1233599077581
31	1233599080877	1233599083745
31	1233599086495	1233599097205
31	1233599098898	1233599099907
31	1233599101905	1233599105606
31	1233599110568	1233599113345
31	1233599127105	1233599131269
31	1233599138581	1233599144664
31	1233599146375	1233599150713
31	1233599152748	1233599155215
31	1233599167835	1233599170637
31	1233599173415	1233599182821
31	1233599185342	1233599186336
31	1233599188617	1233599189350
31	1233599190107	1233599194485
31	1233599207429	1233599209405
31	1233599212999	1233599216185
31	1233599225216	1233599225743
31	1233599227335	1233599227737
31	1233599228487	1233599233585
31	1233599261874	1233599263715
31	1233599266546	1233599269937
31	1233599272619	1233599278859
31	1233599282873	1233599289189
31	1233599291999	1233599292650
31	1233599300401	1233599306307
31	1233599315524	1233599318419
31	1233599318722	1233599324519
31	1233599342489	1233599344279
31	1233599346106	1233599348425
31	1233599359017	1233599363698
31	1233599373017	1233599375771
31	1233599384372	1233599386078
31	1233599394776	1233599397523
31	1233599397759	1233599399649
31	1233599399957	1233599406534
32	1233555529053	1233555564667
32	1233557127506	1233557131345
32	1233581343195	1233581353839
32	1233582105500	1233582114164
32	1233582123371	1233582127515
32	1233582636637	1233582641997
32	1233587117097	1233587119390
32	1233587121603	1233587122566
32	1233597620320	1233597629633
32	1233597662718	1233597667270
32	1233609059653	1233609064616
32	1233609258911	1233609267456
33	1233555531770	1233555533264
33	1233555533458	1233555535562
33	1233555552392	1233555555635
33	1233597626973	1233597628435
33	1233609062579	1233609069005
33	1233609082544	1233609087044
33	1233609126478	1233609131093
33	1233609147364	1233609152727
33	1233609174118	1233609178053
34	1233555328655	1233555332574
34	1233555500136	1233555502469
34	1233555511197	1233555529427
34	1233555538055	1233555538671
34	1233609271964	1233609277030
34	1233609286893	1233609291102
34	1233609315908	1233609320288
34	1233609337860	1233609343091
34	1233609540165	1233609543360
34	1233609555325	1233609561203
34	1233609679525	1233609683790
34	1233609686892	1233609691674
34	1233609700976	1233609721667
34	1233610042330	1233610051022
34	1233610154159	1233610158132
34	1233610202875	1233610208013
34	1233610506096	1233610510344
34	1233610536892	1233610552415
34	1233614408048	1233614415406
34	1233614919109	1233614922706
34	1233615557390	1233615562884
35	1233555316575	1233555322532
35	1233555323345	1233555332739
35	1233555473160	1233555479131
35	1233555499896	1233555502769
35	1233555503609	1233555508899
35	1233555509727	1233555515033
35	1233555525646	1233555531460
35	1233555536181	1233555543529
35	1233555544888	1233555553374
35	1233555561756	1233555565863
35	1233555568135	1233555570679
35	1233555586034	1233555589695
35	1233587111025	1233587116258
35	1233587117309	1233587119947
35	1233597623096	1233597626209
35	1233609267323	1233609277168
35	1233609701298	1233609717293
35	1233609792895	1233609798475
35	1233609812453	1233609815968
35	1233609895113	1233609902828
35	1233610038210	1233610046279
35	1233610051183	1233610055606
35	1233610141696	1233610146783
35	1233610158318	1233610168184
35	1233610203043	1233610208175
35	1233610409524	1233610414003
35	1233610506262	1233610510473
35	1233610537078	1233610539540
35	1233610548003	1233610552535
35	1233612320426	1233612325952
35	1233612351309	1233612354718
35	1233613845119	1233613852535
36	1233555539348	1233555543729
36	1233555586603	1233555589901
36	1233555590346	1233555592730
36	1233557130282	1233557133286
36	1233582105981	1233582114360
36	1233582127750	1233582131399
36	1233582632150	1233582636976
36	1233583953825	1233583956011
36	1233586420945	1233586424011
36	1233587108307	1233587113070
36	1233592635995	1233592637889
36	1233597665345	1233597668079
36	1233609055426	1233609059828
37	1233555597538	1233555607698
37	1233556705400	1233556711430
37	1233557166960	1233557173300
37	1233568271504	1233568280677
37	1233568352802	1233568373352
37	1233569259440	1233569269125
37	1233569273911	1233569283794
37	1233569451961	1233569456212
37	1233569460550	1233569465600
37	1233569511224	1233569519614
37	1233569524031	1233569528641
37	1233569717379	1233569723987
37	1233609895410	1233609908785
37	1233609973044	1233609982452
38	1233555604214	1233555628441
38	1233555671407	1233555676144
38	1233555676803	1233555693867
38	1233556337901	1233556349048
38	1233556351676	1233556374029
38	1233556376302	1233556384581
38	1233556385406	1233556393923
38	1233556394930	1233556397917
38	1233556408441	1233556412300
38	1233556431973	1233556440619
38	1233556443722	1233556444363
38	1233556445432	1233556446411
38	1233556449304	1233556461198
38	1233556470541	1233556479317
38	1233556482273	1233556494904
38	1233556496859	1233556498229
38	1233556507350	1233556512301
38	1233556512823	1233556518723
38	1233556520971	1233556525226
38	1233556557249	1233556562431
38	1233556563944	1233556571721
38	1233556573251	1233556582264
38	1233556584483	1233556599556
38	1233556602339	1233556610412
38	1233556617707	1233556633421
38	1233556680241	1233556682797
38	1233556685872	1233556689461
38	1233556694880	1233556695672
38	1233556702146	1233556707060
38	1233556707584	1233556710260
38	1233557067369	1233557110549
38	1233557166003	1233557172577
38	1233568353301	1233568362784
38	1233568368068	1233568373616
38	1233568383205	1233568402102
38	1233568407087	1233568415601
38	1233569007925	1233569269316
38	1233569274137	1233569321798
38	1233569407822	1233569456413
38	1233569460752	1233569470160
38	1233569484191	1233569491817
38	1233569499784	1233569504418
38	1233569524230	1233569570321
38	1233569573955	1233569724729
38	1233609898686	1233609909320
38	1233609964036	1233609982820
39	1233555625325	1233555630531
39	1233555660390	1233555673051
39	1233555687830	1233555692335
39	1233556208432	1233556213871
39	1233556224300	1233556229436
39	1233556244321	1233556247313
39	1233556250087	1233556250389
39	1233556252872	1233556254305
39	1233556273778	1233556276885
39	1233556280932	1233556283523
39	1233556285431	1233556287015
39	1233556287375	1233556303455
39	1233556515934	1233556535671
39	1233556605921	1233556610771
39	1233556617028	1233556620317
39	1233557107387	1233557112294
39	1233557163792	1233557167311
39	1233568368360	1233568383338
39	1233568398553	1233568425111
39	1233568888796	1233568892391
39	1233568916841	1233568921154
39	1233568951373	1233568972310
39	1233568977719	1233569008070
39	1233569269547	1233569274289
39	1233569537961	1233569547160
39	1233609903144	1233609909474
39	1233609964215	1233609967919
40	1233555628141	1233555633932
40	1233555641606	1233555643319
40	1233555656282	1233555664014
40	1233555664307	1233555676309
40	1233556614107	1233556620469
40	1233557109681	1233557114700
40	1233557162564	1233557167600
40	1233568373923	1233568388730
40	1233568407242	1233568420056
40	1233568965365	1233568982289
40	1233568986350	1233569008240
40	1233609903453	1233609913076
40	1233609919876	1233609927961
40	1233609948087	1233609968075
41	1233555627876	1233555637521
41	1233555641461	1233555648983
41	1233555655342	1233555663792
41	1233557110230	1233557119043
41	1233557119389	1233557121346
41	1233557126877	1233557129680
41	1233557145755	1233557147891
42	1233557061165	1233557065069
42	1233557172412	1233557175910
42	1233557200693	1233557205259
42	1233566368406	1233566371956
42	1233566380185	1233566381333
42	1233585853061	1233585856074
42	1233585892847	1233585896247
42	1233609977615	1233609982663
43	1233557058797	1233557064702
43	1233557173022	1233557175087
43	1233557200020	1233557205053
43	1233566368070	1233566371755
43	1233568327040	1233568332745
43	1233568348404	1233568352643
43	1233569723577	1233569729775
43	1233585847325	1233585855590
43	1233585892670	1233585896649
43	1233609890059	1233609898383
43	1233609977227	1233609991617
44	1233557055526	1233557063434
44	1233557201906	1233557206185
44	1233566368550	1233566372266
44	1233568306111	1233568310843
44	1233568323031	1233568337713
44	1233568341073	1233568345348
44	1233568348718	1233568353450
44	1233569724985	1233569730573
44	1233584603911	1233584606301
44	1233585335535	1233585346182
44	1233585346460	1233585349563
44	1233585814784	1233585825230
44	1233585841790	1233585855792
44	1233585896405	1233585904447
44	1233609890368	1233609895735
44	1233609982944	1233609992241
45	1233569730191	1233569734887
45	1233584607052	1233584624726
45	1233584627273	1233584631129
45	1233584636575	1233584639130
45	1233584641823	1233584651850
45	1233584663437	1233584665851
45	1233584679221	1233584681210
45	1233584687016	1233584689371
45	1233584690751	1233584693546
45	1233584702099	1233584704795
45	1233584705676	1233584707877
45	1233584720255	1233584738483
45	1233584746993	1233584753078
45	1233584753496	1233584758880
45	1233584763122	1233584787115
45	1233584790888	1233584810647
45	1233584813008	1233584813289
45	1233584815941	1233584819649
45	1233584821502	1233584824373
45	1233584831546	1233584850894
45	1233584854369	1233584860640
45	1233584861264	1233584870554
45	1233584891169	1233584893567
45	1233584902791	1233584908554
45	1233584921659	1233584928966
45	1233584940755	1233584943649
45	1233584970720	1233584971860
45	1233584975706	1233584988303
45	1233584990202	1233585005336
45	1233585005976	1233585008168
45	1233585016555	1233585022046
45	1233585034206	1233585036932
45	1233585040360	1233585042941
45	1233585054554	1233585057064
45	1233585072737	1233585073268
45	1233585084075	1233585100358
45	1233585110660	1233585118509
45	1233585148474	1233585150543
45	1233585156110	1233585162693
45	1233585163220	1233585166415
45	1233585174725	1233585175014
45	1233585190242	1233585192620
45	1233585195429	1233585198734
45	1233585210715	1233585212751
45	1233585224325	1233585228893
45	1233585230961	1233585237411
45	1233585246925	1233585248884
45	1233585252338	1233585258746
45	1233585261372	1233585273645
45	1233585293130	1233585296022
45	1233585302280	1233585308856
45	1233585314109	1233585339898
45	1233585349001	1233585360930
45	1233585363155	1233585367196
45	1233585372690	1233585376025
45	1233585379661	1233585382401
45	1233585393675	1233585396764
45	1233585415674	1233585417195
45	1233585426318	1233585429101
45	1233585430910	1233585438140
45	1233585441483	1233585445558
45	1233585447302	1233585451249
45	1233585456852	1233585462719
45	1233585474368	1233585476842
45	1233585508525	1233585512149
45	1233585515912	1233585529610
45	1233585556164	1233585570651
45	1233585572234	1233585586910
45	1233585588737	1233585589738
45	1233585602315	1233585604000
45	1233585620282	1233585640500
45	1233585719365	1233585722409
45	1233585730755	1233585733387
45	1233585772080	1233585779109
45	1233585793997	1233585814377
45	1233585817510	1233585824878
45	1233585834182	1233585841572
45	1233585904093	1233585913370
45	1233585949037	1233585966253
45	1233586005424	1233586009710
45	1233586022985	1233586036290
45	1233586069649	1233586085265
45	1233586087270	1233586091495
45	1233586187891	1233586197500
45	1233586248313	1233586249297
45	1233586284075	1233586287220
45	1233586296450	1233586299330
45	1233586452073	1233586455288
45	1233586481780	1233586482224
45	1233586503172	1233586505041
45	1233586563075	1233586563952
45	1233586591150	1233586594520
45	1233586640115	1233586640505
45	1233586643446	1233586646169
45	1233586697983	1233586702830
45	1233586733676	1233586735304
45	1233586802786	1233586815341
45	1233586821393	1233586822008
45	1233586836461	1233586836869
45	1233586837169	1233586839490
45	1233586867492	1233586869675
45	1233586869983	1233586876577
45	1233586883139	1233586884935
45	1233586942381	1233586945274
45	1233586956474	1233586958971
45	1233587026152	1233587026867
45	1233587041431	1233587045550
45	1233587056899	1233587060499
45	1233587065425	1233587067765
45	1233587071113	1233587077956
45	1233587080324	1233587082937
45	1233587098041	1233587100755
45	1233587147067	1233587149745
45	1233587220245	1233587225633
45	1233588126366	1233588129776
45	1233588315088	1233588318322
45	1233588451602	1233588455595
45	1233588463294	1233588465867
45	1233588998522	1233589004900
45	1233589147214	1233589147617
45	1233589368005	1233589370825
45	1233589378120	1233589382500
45	1233589726783	1233589729853
45	1233589748036	1233589753841
45	1233589766482	1233589769927
45	1233589779090	1233589782640
45	1233590060295	1233590060581
45	1233590096045	1233590098443
45	1233590180043	1233590182020
45	1233590182502	1233590185176
45	1233590192050	1233590194795
45	1233590203120	1233590207304
45	1233590408955	1233590412490
45	1233590443055	1233590452280
45	1233590465071	1233590472501
45	1233590485478	1233590487794
45	1233590490811	1233590494069
45	1233590497480	1233590499336
45	1233590643282	1233590644333
45	1233590646530	1233590654551
45	1233590663936	1233590667232
45	1233590688219	1233590691785
45	1233590694840	1233590696679
45	1233590712501	1233590715711
45	1233590736119	1233590739303
45	1233590741744	1233590742615
45	1233590744590	1233590745170
45	1233590775840	1233590777799
45	1233590896148	1233590898479
45	1233590949629	1233590950111
45	1233590977955	1233590982540
45	1233591029775	1233591036166
45	1233591041638	1233591044120
45	1233591110832	1233591112225
45	1233591134914	1233591135721
45	1233591243369	1233591250115
45	1233591253161	1233591255361
45	1233591311864	1233591312138
45	1233591382083	1233591383785
45	1233591444809	1233591446201
45	1233591493844	1233591494888
45	1233591558150	1233591559566
45	1233591580845	1233591582125
45	1233591605254	1233591607324
45	1233591790866	1233591792588
45	1233591815115	1233591819107
45	1233591955895	1233591957546
45	1233591976069	1233591987501
45	1233591997406	1233591999719
45	1233592026825	1233592030920
45	1233592042875	1233592044641
45	1233592057952	1233592060609
45	1233592078384	1233592082001
45	1233592206340	1233592207698
45	1233592273796	1233592274970
45	1233592276795	1233592277970
45	1233592294505	1233592296225
45	1233592455222	1233592457350
45	1233592502765	1233592507140
45	1233592596946	1233592604601
45	1233610016912	1233610158643
45	1233610168398	1233610182593
46	1233568267093	1233568271846
46	1233568286562	1233568306208
46	1233569778552	1233569783450
46	1233569793538	1233569799073
46	1233569808867	1233569813483
46	1233585460022	1233585463075
46	1233585499983	1233585501842
46	1233609992405	1233610009002
46	1233610162913	1233610175880
46	1233611708650	1233611713559
47	1233557207983	1233557213605
47	1233568286212	1233568290029
47	1233568300794	1233568305708
47	1233569756811	1233569765653
47	1233569769885	1233569817787
47	1233609991787	1233609996151
47	1233610162615	1233610168298
47	1233610192360	1233610198928
47	1233610203182	1233610212466
47	1233610293383	1233610296439
47	1233610726588	1233610730397
47	1233610851743	1233610856575
47	1233611088831	1233611091886
47	1233611707862	1233611713214
47	1233611723827	1233611728057
48	1233557205642	1233557215137
48	1233569739991	1233569774340
48	1233569798868	1233569813274
48	1233584603042	1233584604100
48	1233585460418	1233585466722
48	1233585468791	1233585472573
48	1233585474617	1233585476674
48	1233585477105	1233585487109
48	1233585489556	1233585490293
48	1233585493443	1233585501521
48	1233610192503	1233610199047
48	1233610203353	1233610216731
48	1233610230101	1233610241841
48	1233610245167	1233610250042
48	1233610255322	1233610279283
48	1233610293500	1233610296596
48	1233610506556	1233610510579
48	1233610586587	1233610590052
48	1233610594203	1233610596442
48	1233610630425	1233610633900
48	1233610925588	1233610931533
48	1233611088986	1233611096535
48	1233611218956	1233611222532
48	1233611226953	1233611229081
48	1233611244244	1233611247285
48	1233611253063	1233611261983
48	1233611603680	1233611607972
48	1233611617842	1233611621997
48	1233611707994	1233611736349
48	1233611827744	1233611832692
48	1233611841040	1233611848971
48	1233612018330	1233612022764
48	1233612430014	1233612451133
48	1233612455514	1233612464345
48	1233612599793	1233612603625
48	1233612763559	1233612771393
49	1233557052597	1233557058227
49	1233557206027	1233557208147
49	1233568305885	1233568310520
49	1233569735491	1233569765867
49	1233569818146	1233569826621
49	1233584603284	1233584603772
49	1233585459537	1233585502141
49	1233585505101	1233585508704
49	1233610187765	1233610192735
49	1233610233403	1233610237054
49	1233611708350	1233611713401
49	1233611718825	1233611728273
49	1233611841761	1233611846341
50	1233557055043	1233557061440
50	1233557202506	1233557206512
50	1233566365514	1233566372122
50	1233568280865	1233568286423
50	1233568306016	1233568310681
50	1233568327188	1233568337598
50	1233568348578	1233568353013
50	1233569730467	1233569740197
50	1233569766353	1233569770073
50	1233584603457	1233584609400
50	1233585335217	1233585340069
50	1233585349218	1233585354920
50	1233585459723	1233585462917
50	1233585505249	1233585508826
50	1233585812538	1233585817707
50	1233585820405	1233585821127
50	1233585898731	1233585904277
50	1233609877293	1233609895581
50	1233609987679	1233609996340
50	1233610179498	1233610192893
51	1233566396531	1233566401771
51	1233566874290	1233566882359
51	1233567206668	1233567213605
51	1233567217681	1233567227688
51	1233567315449	1233567321946
51	1233567684117	1233567688900
51	1233572302117	1233572306903
51	1233573175100	1233573185100
51	1233593270553	1233593279020
51	1233593568674	1233593574320
51	1233594454109	1233594462597
51	1233595007710	1233595015312
51	1233595307237	1233595318447
