1	1235587274965	0
2	1235582254075	1235582257077
2	1235584127448	1235584130121
2	1235587465498	1235587468002
3	1235584127745	1235584130289
5	1235584112706	1235584116177
5	1235584125245	1235584128044
5	1235584181918	1235584187632
5	1235584191875	1235584194010
5	1235584196072	1235584196582
5	1235584204997	1235584208903
5	1235584231431	1235584231805
5	1235584247084	1235584248597
5	1235587265363	1235587268001
6	1235582256947	1235582260300
6	1235582292443	1235582298991
6	1235582318924	1235582322333
6	1235582352833	1235582358945
6	1235582399878	1235582402300
6	1235582408780	1235582410828
6	1235582415090	1235582420122
6	1235582420740	1235582424251
6	1235582435063	1235582441491
6	1235582447456	1235582453498
6	1235582459520	1235582461840
6	1235582489246	1235582496050
6	1235582621587	1235582626821
6	1235582645079	1235582651781
6	1235582850251	1235582854050
6	1235582859692	1235582862731
6	1235583026693	1235583029915
6	1235583072240	1235583075242
6	1235583083099	1235583086338
6	1235583116876	1235583119460
6	1235583224394	1235583227830
6	1235583430871	1235583434155
6	1235583486241	1235583489168
6	1235583662591	1235583667631
6	1235583672258	1235583674651
6	1235584106843	1235584116338
6	1235584127166	1235584128444
6	1235584129984	1235584133785
6	1235584177923	1235584187743
6	1235584245330	1235584253583
6	1235585106023	1235585110024
6	1235585115804	1235585121116
6	1235585664233	1235585670750
6	1235585675514	1235585678490
6	1235585707022	1235585709280
6	1235586042464	1235586046669
6	1235586064988	1235586065703
6	1235586081140	1235586086607
6	1235586383504	1235586386083
6	1235586522691	1235586526101
6	1235586641743	1235586645210
6	1235587113037	1235587134782
6	1235587462781	1235587464835
7	1235582253326	1235582260167
7	1235582318480	1235582320185
7	1235582447173	1235582450391
7	1235583430600	1235583433828
7	1235583672093	1235583674500
7	1235584109345	1235584110189
7	1235584128162	1235584134720
7	1235584176032	1235584181615
7	1235587127194	1235587134645
7	1235587249831	1235587252599
7	1235587252986	1235587258423
7	1235587459308	1235587464650
7	1235587467517	1235587471006
8	1235546661482	1235582259665
8	1235584133167	1235584136569
8	1235584175369	1235584178966
8	1235587130398	1235587133983
8	1235587247255	1235587252274
8	1235587467304	1235587470801
9	1235545931245	1235545936129
9	1235545987830	1235545992825
9	1235545998572	1235545999961
9	1235546002124	1235546004360
9	1235546019713	1235546022360
9	1235546055339	1235546056939
9	1235546086229	1235546089535
9	1235546206139	1235546208645
9	1235546226575	1235546228780
9	1235546251272	1235546253806
9	1235546382802	1235546385019
9	1235546414300	1235546417600
9	1235546579484	1235546585160
9	1235546661811	1235546664414
9	1235582259857	1235582262300
9	1235582289740	1235582292955
9	1235582294564	1235582295765
9	1235584133485	1235584134869
9	1235584175744	1235584178068
9	1235586372667	1235586376046
9	1235586641927	1235586645378
9	1235587131058	1235587134930
9	1235587459597	1235587462910
9	1235587467853	0
10	1235582286363	1235582289889
10	1235582292583	1235582294729
10	1235583117176	1235583119597
10	1235584248293	1235584250458
10	1235586083856	1235586086765
13	1235545849846	1235545851114
14	1235545846757	1235545847196
14	1235545849484	1235545852316
14	1235545924297	1235545931425
14	1235546584652	1235546585669
14	1235546634753	1235546636186
14	1235546638271	1235546640970
14	1235547265719	1235547268364
14	1235547431427	1235547437744
14	1235547441439	1235547444766
14	1235547446447	1235547447911
14	1235547810372	1235547814453
14	1235547838715	1235547842489
14	1235547989198	1235547993271
14	1235548125529	1235548128685
14	1235548133272	1235548137485
14	1235581681630	1235581687324
14	1235582226437	1235582231202
14	1235582231481	1235582234631
14	1235582250508	1235582252975
14	1235584148571	1235584152329
14	1235584157658	1235584160222
14	1235584170241	0
15	1235545841046	1235545846965
15	1235545850173	1235545854213
15	1235545924058	1235545927346
15	1235546585448	1235546587974
15	1235546632971	1235546635403
15	1235546639273	1235546643707
15	1235546659635	1235546664540
15	1235546838823	1235546841109
15	1235546955600	1235546962056
15	1235547015987	1235547017962
15	1235547214772	1235547220497
15	1235547242290	1235547246279
15	1235547272988	1235547277332
15	1235547320886	1235547325239
15	1235547329091	1235547335175
15	1235547431178	1235547434686
15	1235547435485	1235547439143
15	1235547440447	1235547444973
15	1235547812104	1235547815273
15	1235547839080	1235547842162
15	1235547990219	1235547994502
15	1235548124946	1235548129006
15	1235581417662	1235581419672
15	1235581682021	1235581684576
15	1235581686393	1235581690013
15	1235582226069	1235582229265
15	1235582234351	1235582236978
15	1235582243738	1235582247388
15	1235584134091	1235584137356
15	1235584149008	1235584152692
15	1235584158025	1235584161236
15	1235587131352	1235587138298
15	1235587246266	1235587463033
15	1235587499071	1235587511179
16	1235545801783	1235545802964
16	1235545803284	1235545806364
16	1235545813952	1235545814484
16	1235545816851	1235545818082
16	1235545840162	1235545845002
16	1235545850952	1235545853439
16	1235545864519	1235545866177
16	1235545868192	1235545871292
16	1235545901357	1235545906803
16	1235545918614	1235545920964
16	1235545922150	1235545926902
16	1235546585014	1235546587843
16	1235546607609	1235546611942
16	1235546632570	1235546635110
16	1235546641165	1235546643423
16	1235546659140	1235546662696
16	1235546838349	1235546841412
16	1235546919330	1235546923363
16	1235546949867	1235546951569
16	1235546951980	1235546957950
16	1235547011645	1235547023465
16	1235547066817	1235547071342
16	1235547099719	1235547104592
16	1235547139290	1235547148446
16	1235547155727	1235547158100
16	1235547178809	1235547182965
16	1235547214324	1235547215735
16	1235547216387	1235547220349
16	1235547240247	1235547245324
16	1235547274434	1235547284729
16	1235547286382	1235547287759
16	1235547319377	1235547341415
16	1235547349885	1235547352325
16	1235547362910	1235547370379
16	1235547373310	1235547373610
16	1235547397435	1235547400609
16	1235547417081	1235547422506
16	1235547429827	1235547434524
16	1235547436080	1235547444049
16	1235547811772	1235547814658
16	1235547837274	1235547841245
16	1235547991559	1235547994793
16	1235548124622	1235548127941
16	1235581417398	1235581425073
16	1235581458208	1235581460882
16	1235581681845	1235581684439
16	1235581686235	1235581689856
16	1235581812336	1235581813233
16	1235582225789	1235582228970
16	1235582234184	1235582236813
16	1235582243572	1235582244244
16	1235584134569	1235584137053
16	1235584143702	1235584152542
16	1235584157858	1235584170447
16	1235587130757	1235587134501
16	1235587228787	1235587238153
16	1235587246157	1235587249666
16	1235587474832	1235587477911
16	1235587498905	1235587511066
17	1235545797165	1235545801430
17	1235545804978	1235545805900
17	1235545811703	1235545812482
17	1235545852499	1235545867833
17	1235545871086	1235545885523
17	1235545898691	1235545902008
17	1235545903786	1235545906611
17	1235545910683	1235545912542
17	1235545920774	1235545926565
17	1235546585954	1235546589152
17	1235546598785	1235546601890
17	1235546605025	1235546608195
17	1235546610855	1235546616564
17	1235546628499	1235546634891
17	1235546641410	1235546656382
17	1235546656922	1235546664232
17	1235546839280	1235546844537
17	1235546897405	1235546900427
17	1235546919902	1235546925394
17	1235546931544	1235546933998
17	1235546934222	1235546942336
17	1235546945140	1235546951361
17	1235546952325	1235546958494
17	1235546964343	1235546969627
17	1235546990259	1235546999696
17	1235547000095	1235547002909
17	1235547009277	1235547015757
17	1235547017636	1235547036038
17	1235547036316	1235547039222
17	1235547041523	1235547048078
17	1235547048915	1235547061092
17	1235547063243	1235547081921
17	1235547089310	1235547095249
17	1235547098204	1235547099264
17	1235547101122	1235547109203
17	1235547127265	1235547130228
17	1235547130548	1235547140995
17	1235547145952	1235547148256
17	1235547154209	1235547154492
17	1235547155949	1235547162240
17	1235547167062	1235547172453
17	1235547181252	1235547187433
17	1235547187982	1235547202392
17	1235547205463	1235547224441
17	1235547233423	1235547244425
17	1235547274990	1235547279151
17	1235547285051	1235547289740
17	1235547301175	1235547304218
17	1235547307223	1235547312213
17	1235547316087	1235547321139
17	1235547334956	1235547337449
17	1235547339133	1235547343219
17	1235547346256	1235547348176
17	1235547349251	1235547350168
17	1235547398112	1235547404819
17	1235547406496	1235547419380
17	1235547420013	1235547425141
17	1235547426177	1235547429681
17	1235547437469	1235547443203
17	1235547813250	1235547820076
17	1235547827914	1235547832258
17	1235547835402	1235547839360
17	1235547992382	1235547997812
17	1235548077000	1235548079273
17	1235548118653	1235548127374
17	1235581365684	1235581370137
17	1235581372134	1235581375146
17	1235581407750	1235581419459
17	1235581422268	1235581427660
17	1235581441609	1235581456008
17	1235581457991	1235581462982
17	1235581472692	1235581476259
17	1235581479153	1235581492453
17	1235581676355	1235581684235
17	1235581687065	1235581694823
17	1235581697720	1235581700986
17	1235581703495	1235581707099
17	1235581722796	1235581725011
17	1235581735304	1235581737416
17	1235581757155	1235581764798
17	1235581765028	1235581769265
17	1235581771545	1235581783189
17	1235581783467	1235581789404
17	1235581812583	1235581822246
17	1235581824190	1235581849532
17	1235581850145	1235581863412
17	1235581880393	1235581884260
17	1235581886460	1235581901070
17	1235582110001	1235582127826
17	1235582128218	1235582135997
17	1235582147020	1235582165084
17	1235582170418	1235582187869
17	1235582206693	1235582219387
17	1235582222012	1235582225422
17	1235582235085	1235582247180
17	1235584136846	1235584140124
17	1235584140382	1235584145715
17	1235587134298	1235587140849
17	1235587210968	1235587220912
17	1235587224777	1235587228681
17	1235587234754	1235587458947
17	1235587488126	1235587499469
17	1235587508394	1235587515071
18	1235545796367	1235545802039
18	1235545853932	1235545858819
18	1235545882476	1235545885843
18	1235545898148	1235545901518
18	1235546599200	1235546610399
18	1235546613782	1235546624214
18	1235546626402	1235546630305
18	1235546892334	1235546895171
18	1235546937344	1235546939794
18	1235546940862	1235546942522
18	1235546966755	1235546970110
18	1235546976492	1235546981259
18	1235547056858	1235547067064
18	1235547075462	1235547083742
18	1235547158902	1235547173072
18	1235547198019	1235547200515
18	1235547202841	1235547208285
18	1235547313923	1235547319551
18	1235547408113	1235547415889
18	1235547829641	1235547837405
18	1235548039422	1235548041309
18	1235581366483	1235581370392
18	1235581411160	1235581419822
18	1235581425218	1235581443451
18	1235581461233	1235581475824
18	1235581675461	1235581675994
18	1235581764302	1235581767913
18	1235581771734	1235581773359
18	1235581814082	1235581821222
18	1235581838140	1235581854160
18	1235582105466	1235582114225
18	1235582155055	1235582161495
18	1235582161759	1235582166869
18	1235582170616	1235582170994
18	1235582202043	1235582210743
18	1235584137680	1235584144100
18	1235587491125	1235587499239
18	1235587511307	0
19	1235545794168	1235545796733
19	1235546889486	1235546894384
19	1235581362368	1235581370259
19	1235581897755	1235581901222
19	1235582104422	1235582107610
19	1235587490774	1235587498720
19	1235587510920	1235587515223
21	1235545793317	1235545794555
21	1235546888914	1235546892041
21	1235587511571	1235587515427
24	1235545793608	1235545796115
24	1235546887225	1235546892169
24	1235548142704	0
25	1235545790938	1235545794689
25	1235546885724	1235546889695
25	1235548144213	1235548151222
26	1235545787977	1235545793774
26	1235546882563	1235546889058
26	1235548146191	1235548152803
27	1235545784871	1235545787506
27	1235546876930	1235546882219
27	1235548153095	1235548161748
28	1235545784226	1235545787375
28	1235546875292	1235546880110
28	1235548384719	1235548387411
29	1235543673464	1235543675768
29	1235545332067	1235545337709
29	1235545780894	1235545786761
29	1235546794834	1235546797833
29	1235546874979	1235546877235
29	1235548170148	1235548173216
29	1235548383399	1235548387776
29	1235550880704	1235550882516
29	1235551150257	0
30	1235543674068	1235543675919
30	1235545333324	1235545340525
31	1235590484646	1235590510284
31	1235590514290	1235590518519
31	1235590529541	1235590533285
31	1235590582622	1235590586316
31	1235590589265	1235590592748
31	1235590619520	1235590637650
31	1235590676701	1235590682243
31	1235590717681	1235590718661
31	1235590721758	1235590722359
31	1235590727473	1235590730520
31	1235590740143	1235590744851
31	1235590749105	1235590757726
31	1235590793849	1235590804723
31	1235590857330	1235590863598
31	1235590865913	1235590877813
31	1235590878335	1235590880798
31	1235590882510	1235590890157
31	1235590901901	1235590904381
31	1235590904676	1235590907756
31	1235590926271	1235590933340
31	1235590942370	1235590948790
31	1235590954759	1235590963338
31	1235590971299	1235590975048
31	1235591011602	1235591022411
31	1235591027260	1235591032181
31	1235591051140	1235591055759
31	1235591111217	1235591115306
31	1235591117531	1235591121560
31	1235591124782	1235591128550
31	1235591194692	1235591214987
31	1235591229309	1235591235203
31	1235591241548	1235591248721
31	1235591264390	1235591269351
31	1235591271270	1235591284257
31	1235591291730	1235591305741
31	1235591308954	1235591315729
31	1235591318784	1235591323451
31	1235591393740	1235591399544
31	1235591426435	1235591432273
31	1235591436969	1235591442801
31	1235591457960	1235591464450
31	1235591493113	1235591497196
31	1235591507917	1235591511870
31	1235591523516	1235591526944
31	1235591629284	1235591632289
31	1235591654106	1235591660693
31	1235591663903	1235591676728
31	1235591683567	1235591685437
31	1235591690137	1235591697294
31	1235591738375	1235591741527
31	1235591765120	1235591769020
31	1235591771847	1235591775347
31	1235591784372	1235591786501
31	1235591800833	1235591807273
31	1235591816670	1235591822417
31	1235591828030	1235591830755
31	1235591837411	1235591846268
31	1235591855577	1235591859823
31	1235591879204	1235591891271
31	1235591893470	1235591904049
31	1235591909534	1235591912573
31	1235591930800	1235591936661
31	1235591937292	1235591956439
31	1235592110106	1235592115656
31	1235592128124	1235592131321
31	1235592140474	1235592142541
31	1235592150299	1235592151803
31	1235592162031	1235592169284
31	1235592206090	1235592210610
31	1235592271010	1235592271910
31	1235592287229	1235592290090
31	1235592299106	1235592305749
31	1235592327830	1235592330440
31	1235592347930	1235592351569
31	1235592355360	1235592357984
31	1235592364166	1235592371480
31	1235592463279	1235592469640
31	1235592505910	1235592506962
31	1235592513293	1235592514941
31	1235592522546	1235592536389
31	1235592552193	1235592554192
31	1235592590299	1235592594393
31	1235592604210	1235592604507
31	1235592631018	1235592638948
31	1235592674400	1235592681572
31	1235592691533	1235592693971
31	1235592721871	1235592725332
31	1235592753431	1235592755259
31	1235592816199	1235592823431
31	1235592831809	1235592833836
31	1235592986872	1235592990362
31	1235592999306	1235593002951
31	1235593089517	1235593091739
31	1235593176474	1235593181650
31	1235593206479	1235593209865
31	1235593291741	1235593293713
31	1235593322161	1235593324691
31	1235593469874	1235593472791
31	1235593538820	1235593539552
31	1235593560339	1235593571875
31	1235593705119	1235593710070
31	1235593755892	1235593758883
31	1235593762289	1235593766274
31	1235593774292	1235593785800
31	1235593807562	1235593810592
31	1235593839340	1235593844370
31	1235593851707	1235593856064
31	1235593872940	1235593880310
31	1235593889449	1235593894528
32	1235590442914	1235590448798
32	1235590471250	1235590480069
32	1235590753299	1235590757370
32	1235590774341	1235590776798
32	1235590783866	1235590788162
32	1235591282937	1235591291549
32	1235591956251	1235591986789
32	1235592003424	1235592029163
32	1235592054675	1235592061128
32	1235592070300	1235592075802
32	1235592076295	1235592103364
34	1235518789516	1235518791299
34	1235519123748	1235519124656
34	1235519126200	1235519127438
34	1235519167362	1235519171267
34	1235519405413	1235519406933
34	1235519444068	1235519445862
34	1235519469766	1235519472204
34	1235519665723	1235519667412
34	1235519683688	1235519689405
34	1235523076987	1235523078973
34	1235523081667	1235523084256
34	1235523085924	1235523087280
34	1235523632446	1235523637554
34	1235523723333	1235523725300
34	1235524349044	1235524351190
34	1235524622252	1235524623563
34	1235524766993	1235524769256
34	1235525369224	1235525373206
34	1235525374189	1235525376468
34	1235526289856	1235526294237
34	1235527390712	1235527393159
34	1235528913838	1235528919620
34	1235529041281	1235529042329
34	1235529218906	1235529220723
34	1235529346342	1235529347336
34	1235529348135	1235529350263
34	1235529473944	1235529476927
34	1235529518948	1235529522763
34	1235529757892	1235529760835
34	1235530087354	1235530088524
34	1235530146069	1235530150652
34	1235530607349	1235530614166
34	1235530937018	1235530939268
34	1235531873355	1235531875320
34	1235534655261	1235534662273
34	1235535129743	1235535135339
34	1235535360909	1235535361987
34	1235535364699	1235535370091
34	1235535927266	1235535929190
34	1235537351594	1235537353398
34	1235537811293	1235537818055
34	1235540047362	1235540050898
34	1235540695944	1235540698566
34	1235541636858	1235541641343
34	1235541675705	1235541679555
34	1235541680061	1235541687466
34	1235542007042	1235542018184
34	1235543356674	1235543360290
34	1235543360935	1235543363882
34	1235543386204	1235543393425
34	1235543393858	1235543395499
34	1235543593171	1235543600561
34	1235594623747	1235594628721
34	1235594700360	1235594700905
34	1235594775551	1235594790036
34	1235594795974	1235594801674
34	1235594812006	1235594816252
34	1235594825159	1235594828294
34	1235594834370	1235594837142
34	1235594840832	1235594849516
34	1235594861984	1235594872928
34	1235594885215	1235594886168
34	1235594903343	1235594908478
34	1235594953058	1235594956120
34	1235594979504	1235594984904
34	1235594987920	1235594992814
34	1235595009526	1235595014344
34	1235595016889	1235595017677
34	1235595072239	1235595077696
34	1235595116217	1235595120016
34	1235595125525	1235595128726
34	1235595134818	1235595144249
34	1235595147082	1235595149673
34	1235595179340	1235595180068
34	1235595183133	1235595191936
34	1235595194280	1235595202056
34	1235595228297	1235595231891
34	1235595235457	1235595240593
34	1235595264163	1235595271575
34	1235595286870	1235595292032
34	1235595314851	1235595318879
34	1235595356426	1235595358820
34	1235595365976	1235595373250
34	1235595391609	1235595394473
34	1235595462549	1235595468547
34	1235595472320	1235595475066
34	1235595522515	1235595524792
34	1235595529496	1235595533425
34	1235595542763	1235595543034
34	1235595548877	1235595551798
34	1235595554605	1235595557597
34	1235595569774	1235595574550
34	1235595643909	1235595644293
34	1235595647080	1235595649324
34	1235595669088	1235595673794
34	1235595692132	1235595693257
34	1235595697211	1235595703644
34	1235595729182	1235595738244
34	1235595757036	1235595766170
34	1235595808589	1235595811159
34	1235595854001	1235595856084
34	1235595877363	1235595881258
34	1235595887155	1235595893880
34	1235595933002	1235595947887
34	1235595969666	1235595979007
34	1235595981775	1235595984984
34	1235596000581	1235596011011
34	1235596022096	1235596035327
34	1235596058438	1235596063601
34	1235596078740	1235596081065
34	1235596085595	1235596089209
34	1235596091457	1235596096748
34	1235596107799	1235596110535
34	1235596144800	1235596152388
34	1235596181347	1235596193946
34	1235596196934	1235596204087
34	1235596227318	1235596227720
34	1235596227998	1235596232562
34	1235596247715	1235596253075
34	1235596256889	1235596259877
34	1235596293200	1235596296748
34	1235596332627	1235596338435
34	1235596364364	1235596368357
34	1235596415394	1235596417890
34	1235596596873	1235596600641
34	1235596616120	1235596621422
34	1235596629851	1235596637817
34	1235596640041	1235596643840
34	1235596646189	1235596650053
34	1235596653086	1235596697545
34	1235597106855	1235597110598
34	1235597120137	1235597123478
34	1235597461014	1235597469450
34	1235598306817	1235598314911
34	1235600595969	1235600598953
34	1235602320891	1235602324902
35	1235516531353	1235516534041
35	1235516903464	1235516905216
35	1235516907204	1235516907712
35	1235518785409	1235518788267
35	1235518788545	1235518791398
35	1235518988189	1235518990183
35	1235519167071	1235519169196
35	1235519443663	1235519446030
35	1235523081353	1235523088385
35	1235523632001	1235523637696
35	1235524246405	1235524249462
35	1235524349383	1235524354186
35	1235524355510	1235524357448
35	1235524458238	1235524462228
35	1235525366385	1235525368056
35	1235525368536	1235525370456
35	1235526285764	1235526287144
35	1235526287431	1235526291444
35	1235526293035	1235526297763
35	1235526368584	1235526374122
35	1235527388897	1235527391583
35	1235528167379	1235528168766
35	1235528913404	1235528919234
35	1235529473315	1235529474795
35	1235529521198	1235529522358
35	1235530608663	1235530612693
35	1235531872664	1235531876526
35	1235534651522	1235534656144
35	1235534656423	1235534659478
35	1235534659781	1235534662447
35	1235535131109	1235535134200
35	1235535365141	1235535369808
35	1235535927706	1235535931252
35	1235537352026	1235537356182
35	1235537813359	1235537820231
35	1235538832111	1235538837260
35	1235538969268	1235538971118
35	1235540042594	1235540047528
35	1235540048944	1235540050134
35	1235540378847	1235540384217
35	1235540691581	1235540693091
35	1235540694431	1235540698845
35	1235541277241	1235541283223
35	1235541440094	1235541441717
35	1235541634814	1235541641033
35	1235541675868	1235541687587
35	1235542007314	1235542018588
35	1235543353695	1235543363173
35	1235543366152	1235543374807
35	1235543380793	1235543399240
35	1235543414574	1235543417094
35	1235543514009	1235543516576
35	1235543586167	1235543588891
35	1235543590091	1235543596104
35	1235543598290	1235543600723
35	1235543601958	1235543603913
35	1235543604577	1235543669235
35	1235594495053	1235594495376
35	1235594495765	1235594499030
35	1235594537651	1235594541108
35	1235594693183	1235594695049
35	1235594698119	1235594702504
35	1235594729209	1235594732333
35	1235594741776	1235594744682
35	1235594775063	1235594786054
35	1235594864675	1235594867746
35	1235596022385	1235596028979
35	1235596032324	1235596035468
35	1235596133429	1235596134987
35	1235596148241	1235596152540
35	1235596180305	1235596188414
35	1235596650213	1235596664929
35	1235596690802	1235596697683
35	1235597110300	1235597115550
35	1235597466385	1235597472566
35	1235597528216	1235597531771
35	1235597536880	1235597544483
35	1235598273062	1235598284132
35	1235598303951	1235598309816
35	1235598315058	1235598318500
35	1235600454091	1235600454860
35	1235600548112	1235600551280
35	1235601890981	1235601892278
36	1235543666662	1235543674415
36	1235545334944	1235545345110
36	1235545364742	0
37	1235543673753	1235543691135
37	1235543815222	1235543817268
37	1235545174979	1235545181036
37	1235545182743	1235545183436
37	1235545319495	1235545323159
37	1235545331163	1235545332896
37	1235546795603	1235546803099
37	1235546831663	1235546835317
37	1235546859771	1235546866001
37	1235548170940	1235548179643
37	1235548341556	1235548343138
37	1235548354269	1235548356169
37	1235548365230	1235548366918
37	1235548378883	1235548386674
37	1235550881231	1235550886321
37	1235550958419	1235550958904
37	1235550961369	1235550963149
37	1235550999059	1235551000659
37	1235551037522	1235551040660
37	1235551046392	1235551047543
37	1235551061270	1235551062019
37	1235551064531	1235551071119
37	1235551148347	0
38	1235543685022	1235543687505
38	1235543687751	1235543692268
38	1235543693575	1235543696499
38	1235543697037	1235543724607
38	1235543724881	1235543736459
38	1235543744360	1235543748771
38	1235543811499	1235543831119
38	1235543835560	1235543853769
38	1235543857540	1235543866362
38	1235543868942	1235543871555
38	1235543872306	1235543883392
38	1235543883921	1235543891170
38	1235543895422	1235543896087
38	1235543896554	1235543908410
38	1235543925263	1235543928999
38	1235543937520	1235543943963
38	1235543947329	1235543949410
38	1235543950361	1235543952901
38	1235543964480	1235543978456
38	1235544016400	1235544020159
38	1235544022071	1235544024316
38	1235544073630	1235544078758
38	1235544652443	1235544657482
38	1235544692769	1235544698820
38	1235544702373	1235544708495
38	1235544712897	1235544713469
38	1235544727580	1235544754541
38	1235544758397	1235544821102
38	1235544821697	1235544824068
38	1235544824822	1235544833818
38	1235544835536	1235544848113
38	1235544857907	1235544860113
38	1235544863018	1235544867038
38	1235544891217	1235544893879
38	1235544928600	1235544936113
38	1235544951370	1235544959205
38	1235544959451	1235544964185
38	1235544968287	1235544977707
38	1235544980380	1235544982659
38	1235544985290	1235544994670
38	1235544995132	1235545018941
38	1235545030814	1235545034190
38	1235545035932	1235545037299
38	1235545045995	1235545060209
38	1235545060512	1235545066674
38	1235545068309	1235545069362
38	1235545093101	1235545111470
38	1235545113758	1235545116349
38	1235545125709	1235545185168
38	1235545188790	1235545195101
38	1235545198325	1235545198762
38	1235545205269	1235545206577
38	1235545213232	1235545222442
38	1235545222697	1235545248627
38	1235545258640	1235545261152
38	1235545278982	1235545279839
38	1235545281390	1235545293548
38	1235545297208	1235545298171
38	1235545316290	1235545319951
38	1235545321065	1235545325563
38	1235545328213	1235545329130
38	1235545329631	1235545333634
38	1235546798210	1235546803434
38	1235546816998	1235546823452
38	1235546829139	1235546835519
38	1235546858953	1235546865743
38	1235548172707	1235548181277
38	1235548341307	1235548350256
38	1235548353367	1235548359219
38	1235548360519	1235548362411
38	1235548364050	1235548370005
38	1235548377429	1235548385553
38	1235550882746	1235550887777
38	1235550901430	1235550970432
38	1235550970975	1235550973133
38	1235550979499	1235550982743
38	1235550984330	1235550988122
38	1235550989138	1235551048131
38	1235551050177	1235551056761
38	1235551059564	1235551062206
38	1235551062512	1235551064744
38	1235551065021	1235551079232
38	1235551080322	1235551082860
38	1235551088629	1235551094456
38	1235551094943	1235551100259
38	1235551101461	1235551142270
38	1235551145450	1235551152146
39	1235543973816	1235543984341
39	1235544015750	1235544018582
39	1235544075770	1235544081350
39	1235544082928	1235544084971
39	1235544097222	1235544098270
39	1235544099695	1235544100614
39	1235544582953	1235544593845
39	1235544603149	1235544607025
39	1235544612029	1235544617622
39	1235544618025	1235544620940
39	1235544627034	1235544629629
39	1235544629931	1235544636019
39	1235544636652	1235544656747
39	1235544843191	1235544848414
39	1235544853795	1235544858054
39	1235545180793	1235545191350
39	1235545198492	1235545217122
39	1235546819864	1235546825367
39	1235546827171	1235546831979
39	1235548178472	1235548182985
39	1235548339309	1235548342320
39	1235548365573	1235548371135
39	1235548376005	1235548379215
39	1235550885136	1235550904320
39	1235551121630	1235551125960
39	1235551137861	1235551142922
39	1235551143972	1235551148770
40	1235543977582	1235543990219
40	1235543991589	1235543994885
40	1235544000726	1235544020268
40	1235544845698	1235544850700
40	1235544853519	1235544858189
40	1235545183204	1235545189811
40	1235546821013	1235546832115
40	1235548179373	1235548187297
40	1235548338178	1235548342795
40	1235548366632	1235548372303
40	1235548374615	1235548381199
40	1235551139707	1235551148966
41	1235543978145	1235543979654
41	1235543980292	1235543993265
41	1235544013638	1235544020544
41	1235544845445	1235544857732
41	1235545187222	1235545189521
41	1235546821426	1235546831860
41	1235548179996	1235548193930
41	1235548200775	1235548202925
41	1235548266150	1235548269112
41	1235548336890	1235548342634
41	1235548367108	1235548380386
41	1235551139422	1235551148544
42	1235546795195	1235546797401
42	1235548169773	1235548171198
42	1235548385402	1235548387195
42	1235550880302	1235550882253
42	1235551152008	0
43	1235546792214	1235546798489
43	1235546865405	1235546877362
43	1235548168256	1235548172937
43	1235550878907	1235550882030
43	1235551151652	0
44	1235546866216	1235546876530
44	1235548168022	1235548171329
44	1235548386973	1235548389473
44	1235549691172	1235550881774
44	1235551152567	1235551154939
44	1235551155214	1235551158635
44	1235551158932	1235551160832
44	1235587526726	1235587534871
44	1235588247803	1235588251404
44	1235590283774	1235590286691
44	1235590408120	1235590414712
44	1235590539336	1235590549545
44	1235590552326	1235590558221
44	1235590566881	1235590570824
44	1235591180326	1235591185094
44	1235591508190	1235591514969
45	1235548389251	1235548391254
45	1235548396618	1235548407490
45	1235548411234	1235548428188
45	1235548459254	1235548462703
45	1235548470627	1235548482279
45	1235548483073	1235548488189
45	1235548491293	1235548495232
45	1235548605250	1235548606294
45	1235548615263	1235548620433
45	1235548633875	1235548634859
45	1235548679867	1235548682618
45	1235548682885	1235548684212
45	1235548699584	1235548706455
45	1235548707074	1235548708316
45	1235548711594	1235548714143
45	1235548720911	1235548724213
45	1235548801904	1235548804228
45	1235548805075	1235548807522
45	1235548810389	1235548811861
45	1235548812143	1235548814394
45	1235548814676	1235548831267
45	1235548834268	1235548837540
45	1235548838942	1235548841004
45	1235548843415	1235548852190
45	1235548873307	1235548886388
45	1235548903219	1235548906164
45	1235549003492	1235549005267
45	1235549006398	1235549009542
45	1235549018471	1235549021203
45	1235549024125	1235549028786
45	1235549030980	1235549031947
45	1235549033140	1235549034990
45	1235549036248	1235549037648
45	1235549038043	1235549040142
45	1235549048256	1235549063212
45	1235549069313	1235549080178
45	1235549088199	1235549095182
45	1235549097536	1235549102415
45	1235549114316	1235549115950
45	1235549117152	1235549118022
45	1235549118453	1235549120224
45	1235549124786	1235549126944
45	1235549136254	1235549141188
45	1235549141486	1235549148288
45	1235549151430	1235549156070
45	1235549198644	1235549204489
45	1235549205885	1235549207284
45	1235549226663	1235549237099
45	1235549238368	1235549238859
45	1235549260251	1235549265959
45	1235549271292	1235549272413
45	1235549275412	1235549277893
45	1235549281856	1235549287071
45	1235549297246	1235549299238
45	1235549365150	1235549370213
45	1235549394304	1235549397931
45	1235549415545	1235549418352
45	1235549529259	1235549532094
45	1235549545160	1235549549375
45	1235549570487	1235549572421
45	1235549584290	1235549590306
45	1235549613234	1235549615460
45	1235549617150	1235549625272
45	1235549634282	1235549638175
45	1235549639346	1235549644812
45	1235549645086	1235549647533
45	1235549674143	1235549686164
45	1235549688123	1235549691416
45	1235551161727	1235551163790
45	1235551165026	1235551167243
45	1235551190184	1235551193344
45	1235551221087	1235551227167
45	1235551227667	1235551235457
45	1235551243258	1235551262190
45	1235551265758	1235551268133
45	1235551274268	1235551285221
45	1235551292541	1235551299260
45	1235551316263	1235551320590
45	1235551322794	1235551325206
45	1235551328919	1235551330060
45	1235551331028	1235551336891
45	1235551365972	1235551372138
45	1235551377150	1235551380843
45	1235551388172	1235551390193
45	1235551392240	1235551393546
45	1235551401348	1235551404997
45	1235551407602	1235551410169
45	1235551412264	1235551416083
45	1235551417084	1235551422163
45	1235551449126	1235551450085
45	1235551472216	1235551473560
45	1235551474214	1235551477878
45	1235551480592	1235551485949
45	1235551491172	1235551492538
45	1235551512315	1235551516758
45	1235551518285	1235551518682
45	1235551528378	1235551530083
45	1235551534270	1235551541122
45	1235551579756	1235551589018
45	1235551597872	1235551603797
45	1235551609084	1235551610049
45	1235551611269	1235551612426
45	1235551618163	1235551620213
45	1235551690239	1235551694731
45	1235551726554	1235551729718
45	1235551765472	1235551772038
45	1235551772416	1235551779137
45	1235551795711	1235551803179
45	1235551810192	1235551813629
45	1235551820612	1235551822954
45	1235551825926	1235551833240
45	1235551834379	1235551837445
45	1235551843285	1235551847420
45	1235551850489	1235551852624
45	1235551862664	1235551865519
45	1235551877083	1235551881109
45	1235551897153	1235551899224
45	1235551933100	1235551941328
45	1235551944630	1235551946478
45	1235551958309	1235551960133
45	1235551961448	1235551962454
45	1235551979248	1235551981144
45	1235551985263	1235551988359
45	1235551992452	1235551994222
45	1235552003366	1235552004453
45	1235552010538	1235552015162
45	1235552016162	1235552018869
45	1235552020248	1235552027140
45	1235552030198	1235552033765
45	1235552038303	1235552046043
45	1235552049535	1235552051138
45	1235552054293	1235552056243
45	1235552063809	1235552066586
45	1235552072805	1235552075234
45	1235552096443	1235552114786
45	1235552131163	1235552135307
45	1235552135643	1235552138258
45	1235552140220	1235552147449
45	1235552147731	1235552150248
45	1235552162703	1235552168475
45	1235552171267	1235552173271
45	1235552262162	1235552265080
45	1235552266014	1235552267934
45	1235552271260	1235552285192
45	1235552303753	1235552304892
45	1235552354258	1235552356005
45	1235552361143	1235552366110
45	1235552391534	1235552394218
45	1235587530849	1235587537992
45	1235587538234	1235587545905
45	1235587569180	1235587571179
45	1235587614100	1235587616890
45	1235587636601	1235587642669
45	1235587661089	1235587664274
45	1235587668940	1235587673640
45	1235587678569	1235587678815
45	1235587684323	1235587684699
45	1235587691365	1235587693806
45	1235587700124	1235587706024
45	1235587710574	1235587715012
45	1235587718414	1235587728173
45	1235587768004	1235587774880
45	1235587792805	1235587798294
45	1235587808174	1235587811636
45	1235587902057	1235587906245
45	1235587908771	1235587909266
45	1235587964125	1235587969293
45	1235588038574	1235588042567
45	1235588055739	1235588060555
45	1235588108903	1235588114642
45	1235588123647	1235588126550
45	1235588138106	1235588149002
45	1235588224957	1235588227569
45	1235588254328	1235588260792
45	1235588262556	1235588266387
45	1235588269488	1235588272304
45	1235588275123	1235588283162
45	1235588295338	1235588302115
45	1235588320838	1235588329484
45	1235588374848	1235588377631
45	1235588389553	1235588393432
45	1235588403234	1235588406614
45	1235588409732	1235588417845
45	1235588447094	1235588449663
45	1235588461441	1235588468634
45	1235588472000	1235588474669
45	1235588481411	1235588484521
45	1235588497037	1235588498884
45	1235588516888	1235588519666
45	1235588571783	1235588574246
45	1235588693679	1235588698549
45	1235588707019	1235588709898
45	1235588754916	1235588758090
45	1235588765488	1235588769696
45	1235588820148	1235588838000
45	1235588840929	1235588847686
45	1235588862285	1235588871044
45	1235588890024	1235588900960
45	1235588906671	1235588910086
45	1235588972470	1235588973077
45	1235589072197	1235589075917
45	1235589104800	1235589112614
45	1235589141788	1235589148864
45	1235589168075	1235589169904
45	1235589209730	1235589214901
45	1235589218398	1235589222602
45	1235589249534	1235589252704
45	1235589259631	1235589262303
45	1235589280432	1235589284382
45	1235589287769	1235589293348
45	1235589298325	1235589306589
45	1235589330194	1235589341985
45	1235589468030	1235589493891
45	1235589500967	1235589524074
45	1235589559514	1235589567725
45	1235589574905	1235589581606
45	1235589583002	1235589583297
45	1235589583946	1235589586503
45	1235589600735	1235589607375
45	1235589677483	1235589683738
45	1235589791774	1235589794109
45	1235589836949	1235589840285
45	1235590050299	1235590054340
45	1235590100056	1235590105155
45	1235590113320	1235590115506
45	1235590194594	1235590203100
45	1235590236182	1235590238986
45	1235590276958	1235590277308
45	1235590282941	1235590304244
45	1235590318782	1235590327283
45	1235590333142	1235590337249
45	1235590357731	1235590363124
45	1235590386962	1235590389095
45	1235590399303	1235590414219
45	1235590563232	1235590566558
45	1235591184577	1235591198046
45	1235591221219	1235591246282
45	1235591250840	1235591257485
45	1235591259391	1235591260212
45	1235591446281	1235591477090
46	1235545927648	1235545932595
47	1235516859362	1235516860291
47	1235517126058	1235517131081
47	1235517417742	1235517419449
47	1235517467592	1235517470214
47	1235517483965	1235517485487
47	1235518111956	1235518115048
47	1235518162184	1235518165255
47	1235518448588	1235518451913
47	1235518452213	1235518457267
47	1235518891544	1235518901328
47	1235520785485	1235520791943
47	1235520793211	1235520796228
47	1235522174125	1235522178286
47	1235522179044	1235522181644
47	1235522185098	1235522190186
47	1235522455181	1235522459117
47	1235522459537	1235522467847
47	1235522584334	1235522585942
47	1235522750852	1235522751920
47	1235522900907	1235522909230
47	1235522912238	1235522915251
47	1235523012401	1235523014178
47	1235523117222	1235523121332
47	1235523153243	1235523158074
47	1235523250045	1235523252294
47	1235523427208	1235523433244
47	1235523469270	1235523487146
47	1235523857272	1235523860207
47	1235524086349	1235524089228
47	1235524751342	1235524752071
47	1235525449877	1235525452155
47	1235525539609	1235525546812
47	1235525906869	1235525910693
47	1235527797575	1235527808178
47	1235527809393	1235527811373
47	1235528761014	1235528763248
47	1235528972242	1235528973779
47	1235528989516	1235528997285
47	1235529054795	1235529059672
47	1235529079193	1235529081264
47	1235529606072	1235529608136
47	1235530093382	1235530094057
47	1235530136104	1235530137162
47	1235530141136	1235530148582
47	1235530301841	1235530304265
47	1235530305624	1235530309214
47	1235530310392	1235530311889
47	1235530313163	1235530316175
47	1235530662773	1235530665220
47	1235530857270	1235530860847
47	1235530862264	1235530867258
47	1235531103364	1235531110108
47	1235531409191	1235531420432
47	1235531692924	1235531695392
47	1235531798742	1235531800677
47	1235532287348	1235532288768
47	1235532394068	1235532396247
47	1235532397172	1235532399110
47	1235532399727	1235532401253
47	1235532724468	1235532727542
47	1235532729041	1235532733150
47	1235533360521	1235533362364
47	1235533488190	1235533499144
47	1235533912026	1235533913491
47	1235534573081	1235534578290
47	1235534579352	1235534584235
47	1235534949963	1235534951516
47	1235534955463	1235534957328
47	1235535412463	1235535413086
47	1235535415219	1235535418250
47	1235535538368	1235535540028
47	1235535719373	1235535720564
47	1235535894466	1235535896475
47	1235536082399	1235536083971
47	1235536388042	1235536388939
47	1235536808366	1235536811426
47	1235537004378	1235537005454
47	1235537008387	1235537016408
47	1235537374633	1235537377260
47	1235537543238	1235537545001
47	1235537545289	1235537549231
47	1235537549524	1235537555731
47	1235537891265	1235537892736
47	1235538992952	1235538995063
47	1235538995321	1235538998441
47	1235539000214	1235539006841
47	1235539519252	1235539521266
47	1235539596210	1235539597650
47	1235539689809	1235539691044
47	1235539692350	1235539696487
47	1235539700140	1235539702473
47	1235539703203	1235539707462
47	1235539707865	1235539710171
47	1235540267609	1235540270188
47	1235540554124	1235540556273
47	1235540971256	1235540975329
47	1235540975950	1235540981213
47	1235541795024	1235541797986
47	1235541798242	1235541800980
47	1235541819521	1235541822783
47	1235541879868	1235541884381
47	1235542031792	1235542036429
47	1235542503672	1235542510113
47	1235542544090	1235542548752
47	1235542924830	1235542932770
47	1235543131352	1235543134237
47	1235543137786	1235543139980
47	1235543142409	1235543143368
47	1235543143645	1235543145768
47	1235543515396	1235543523053
47	1235543753698	1235543760672
47	1235543847253	1235543848078
47	1235544390144	1235544398501
47	1235544532330	1235544537874
47	1235544539366	1235544542638
47	1235544543240	1235544545656
47	1235545216838	1235545218774
47	1235545221513	1235545227420
47	1235545912709	1235545914879
47	1235545927154	1235545933741
47	1235546331242	1235546337796
47	1235546441462	1235546447467
47	1235546681242	1235546685548
47	1235546692038	1235546694631
47	1235546748805	1235546757741
47	1235592021451	1235592024143
47	1235592045392	1235592048810
47	1235592112039	1235592115452
47	1235592150994	1235592156673
47	1235592433265	1235592437304
47	1235592474089	1235592474554
47	1235592635951	1235592638756
47	1235592657416	1235592661590
47	1235592677235	1235592684987
47	1235593039033	1235593042597
47	1235593079853	1235593082667
47	1235593112663	1235593126234
47	1235593765853	1235593773017
47	1235593971673	1235593976735
47	1235597086653	1235597090921
47	1235598486810	1235598490027
47	1235598518166	1235598521535
47	1235598541355	1235598545817
47	1235599112566	1235599114709
47	1235600717360	1235600728403
47	1235600732551	1235600734856
47	1235600738155	1235600742178
47	1235600746457	1235600763874
47	1235600764295	1235600774021
47	1235601698564	1235601702495
47	1235602576000	1235602587775
47	1235602773530	1235602781768
48	1235517126482	1235517130291
48	1235517338369	1235517341857
48	1235517372645	1235517374154
48	1235517484239	1235517488689
48	1235518447179	1235518455322
48	1235520784360	1235520784939
48	1235520787129	1235520799198
48	1235520978805	1235520980792
48	1235521109306	1235521112689
48	1235522175543	1235522188041
48	1235522190325	1235522193900
48	1235522453973	1235522464157
48	1235522900433	1235522910289
48	1235523141209	1235523144350
48	1235523150817	1235523156174
48	1235523469588	1235523472441
48	1235523473272	1235523492200
48	1235524086624	1235524093518
48	1235525135122	1235525144204
48	1235525536333	1235525543980
48	1235525906423	1235525911282
48	1235526745012	1235526749180
48	1235527794710	1235527809715
48	1235527810119	1235527814919
48	1235528001202	1235528002591
48	1235528984254	1235528997444
48	1235529048647	1235529057077
48	1235529057357	1235529059961
48	1235529079311	1235529080197
48	1235529103357	1235529106247
48	1235529461473	1235529463203
48	1235530134422	1235530147459
48	1235530304439	1235530319286
48	1235530861133	1235530868431
48	1235531101204	1235531102699
48	1235531103520	1235531107120
48	1235531405831	1235531420992
48	1235531692242	1235531701217
48	1235531777712	1235531785165
48	1235531794291	1235531806240
48	1235532721370	1235532734728
48	1235533484046	1235533495419
48	1235534572420	1235534585159
48	1235534948405	1235534952633
48	1235534952909	1235534957478
48	1235535410284	1235535412602
48	1235535538561	1235535540253
48	1235537001378	1235537002873
48	1235537004528	1235537010460
48	1235537011420	1235537015250
48	1235537543525	1235537552023
48	1235538995730	1235538997813
48	1235538998825	1235539006597
48	1235539692642	1235539696191
48	1235539696989	1235539699196
48	1235539699468	1235539707167
48	1235540271249	1235540273771
48	1235540966773	1235540983309
48	1235541798794	1235541801146
48	1235541819799	1235541823246
48	1235541824788	1235541825631
48	1235541846051	1235541848851
48	1235541851720	1235541852345
48	1235541853102	1235541855253
48	1235541863641	1235541867299
48	1235541872387	1235541888198
48	1235542012893	1235542014199
48	1235542015569	1235542018304
48	1235542025691	1235542040293
48	1235542503961	1235542510740
48	1235542542531	1235542548914
48	1235542924083	1235542929279
48	1235542932499	1235542936461
48	1235543131648	1235543146052
48	1235543516853	1235543527116
48	1235543750998	1235543756231
48	1235543756742	1235543765414
48	1235544389602	1235544397978
48	1235544531808	1235544537142
48	1235544540002	1235544543520
48	1235545212654	1235545222903
48	1235545224362	1235545228594
48	1235545904094	1235545910825
48	1235545912865	1235545919082
48	1235545926714	1235545930704
48	1235545930959	1235545936533
48	1235546331561	1235546333498
48	1235546333700	1235546337309
48	1235546441622	1235546445521
48	1235546682647	1235546683022
48	1235546683632	1235546685253
48	1235546692183	1235546694733
48	1235546748942	1235546758636
48	1235592039119	1235592039364
48	1235592043151	1235592045541
48	1235592045823	1235592057048
48	1235592057343	1235592064198
48	1235592112173	1235592124110
48	1235592124631	1235592132746
48	1235592254048	1235592257020
48	1235592271252	1235592280489
48	1235592335490	1235592337551
48	1235592426646	1235592435604
48	1235592463961	1235592481089
48	1235592524127	1235592527961
48	1235592657973	1235592661752
48	1235592664952	1235592674242
48	1235592681368	1235592691319
48	1235592922781	1235592930638
48	1235592940678	1235592955070
48	1235592964625	1235592967323
48	1235593020975	1235593025921
48	1235593036573	1235593045598
48	1235593050048	1235593055928
48	1235593058158	1235593095808
48	1235593109285	1235593115271
48	1235593117721	1235593128108
48	1235593199634	1235593206348
48	1235593489284	1235593498489
48	1235593766036	1235593773152
48	1235593773421	1235593778714
48	1235593780614	1235593788759
48	1235593917924	1235593930260
48	1235593936495	1235593942723
48	1235593945973	1235593949789
48	1235593953614	1235593959998
48	1235593971838	1235593982503
48	1235594092690	1235594099282
48	1235597082409	1235597091088
48	1235598481291	1235598497845
48	1235598518341	1235598524128
48	1235598539675	1235598545966
48	1235599438270	1235599441849
48	1235600717669	1235600728137
48	1235600732706	1235600735005
48	1235600753518	1235600754200
48	1235600761610	1235600781814
48	1235600933916	1235600939397
48	1235600940103	1235600943254
48	1235602377550	1235602384079
48	1235602576178	1235602580537
48	1235602776516	1235602782049
49	1235544394773	1235544395262
49	1235545215603	1235545220071
49	1235545928047	1235545935987
50	1235548386865	1235550881594
51	1235545883685	1235545892477
51	1235545897985	1235545901191
51	1235581815474	1235581821888
51	1235582164844	1235582173597
51	1235582203360	1235582210586
51	1235584139901	1235584143567
