1	1234887491939	1234887496212
1	1234887506930	1234887511189
1	1234888893197	1234888896180
1	1234888902137	1234888905349
1	1234888909490	1234888911325
2	1234887508607	1234887511356
2	1234890384995	1234890386459
2	1234894293457	1234894297327
3	1234890384627	1234890389101
3	1234890480849	1234890484147
6	1234887487916	1234887493483
6	1234887511557	1234887514950
6	1234887515327	1234887517762
6	1234887734639	1234887737355
6	1234887737759	1234887740145
6	1234887764613	1234887765489
6	1234887864806	1234887869510
6	1234887957965	1234887960444
6	1234888031097	1234888032786
6	1234888161703	1234888163362
6	1234888170256	1234888171407
6	1234888327646	1234888330565
6	1234888345031	1234888346259
6	1234888456637	1234888459052
6	1234888552253	1234888553335
6	1234888554519	1234888556028
6	1234888613138	1234888616081
6	1234888668014	1234888670888
6	1234888700245	1234888703866
6	1234888712664	1234888716209
6	1234888829102	1234888833062
6	1234888837309	1234888840751
6	1234888843163	1234888844208
6	1234888917829	1234888920157
6	1234889236415	1234889237294
6	1234889326754	1234889329471
6	1234889330471	1234889332102
6	1234889335205	1234889337124
6	1234889992215	1234889994363
6	1234889994535	1234889997510
6	1234890381545	1234890383442
6	1234890443068	1234890443710
6	1234890444641	1234890446825
6	1234890450644	1234890452905
6	1234890473090	1234890474414
6	1234890475935	1234890477158
6	1234890479997	1234890485502
6	1234890697854	1234890702509
6	1234890879760	1234890883921
6	1234892266619	1234892268252
6	1234894264404	1234894267229
7	1234887484578	1234887494499
7	1234887509845	1234887514172
7	1234887515540	1234887517257
7	1234887735879	1234887738872
7	1234887762199	1234887767082
7	1234887864484	1234887868044
7	1234887956649	1234887960597
7	1234888031921	1234888035400
7	1234888055157	1234888060950
7	1234888065528	1234888070446
7	1234888160541	1234888163243
7	1234888171215	1234888172498
7	1234888327011	1234888328296
7	1234888343797	1234888348548
7	1234888454931	1234888461077
7	1234888462164	1234888465851
7	1234888736257	1234888739913
7	1234888797858	1234888802961
7	1234888814981	1234888825242
7	1234888828228	1234888831570
7	1234888840107	1234888843370
7	1234888891310	1234888894921
7	1234888908329	1234888915065
7	1234889082520	1234889083969
7	1234889261431	1234889263264
7	1234889329308	1234889330335
7	1234889363118	1234889365122
7	1234889991221	1234889992847
7	1234889994255	1234889999263
7	1234890040777	1234890044142
7	1234890157179	1234890158163
7	1234890223124	1234890224414
7	1234890383304	1234890386641
7	1234890482550	1234890486299
7	1234890516868	1234890521686
7	1234890562879	1234890566415
7	1234890593868	1234890599883
7	1234890691924	1234890694625
7	1234890702368	1234890705361
7	1234890711379	1234890715078
7	1234892016836	1234892019294
7	1234892235169	1234892237274
7	1234894264104	1234894271228
7	1234894286165	1234894297121
7	1234894303940	0
8	1234887482634	1234887487085
8	1234887737233	1234887739188
8	1234887761460	1234887765106
8	1234887866359	1234887868264
8	1234887956105	1234887959194
8	1234888034130	1234888037020
8	1234888053180	1234888058102
8	1234888067142	1234888070097
8	1234888160376	1234888163051
8	1234888345392	1234888348205
8	1234888453867	1234888458162
8	1234888736665	1234888739457
8	1234888796729	1234888809867
8	1234888814106	1234888817027
8	1234888823484	1234888825081
8	1234888827474	1234888830304
8	1234888902656	1234888905629
8	1234888906206	1234888911644
8	1234889996353	1234889999105
8	1234890040064	1234890043709
8	1234890483463	1234890486879
8	1234890593715	1234890604051
8	1234890702222	1234890714943
8	1234892016394	1234892018853
8	1234892234830	1234892236834
8	1234894267069	1234894270878
8	1234894283509	1234894292876
8	1234894307903	0
9	1234887483146	1234887484830
9	1234887560144	1234887563278
9	1234887704190	1234887707123
9	1234887737494	1234887739013
9	1234887761659	1234887764755
9	1234887779234	1234887782450
9	1234887866638	1234887869646
9	1234887956289	1234887957727
9	1234888034337	1234888035544
9	1234888053449	1234888055307
9	1234888067272	1234888068677
9	1234888160703	1234888161211
9	1234888346067	1234888348349
9	1234888737089	1234888740058
9	1234888796966	1234888799466
9	1234888806875	1234888809382
9	1234888814310	1234888815891
9	1234888827828	1234888829329
9	1234888903346	1234888905177
9	1234888906334	1234888908479
9	1234889473313	1234889475018
9	1234889498160	1234889501040
9	1234889517033	1234889519074
9	1234889679937	1234889681454
9	1234889945295	1234889947335
9	1234889958447	1234889960065
9	1234889963138	1234889965017
9	1234889985174	1234889986758
9	1234889997659	1234889998888
9	1234890027892	1234890029273
9	1234890038895	1234890044358
9	1234890705530	1234890707839
9	1234890879968	1234890884082
9	1234892013680	1234892019749
9	1234892266832	1234892268454
9	1234894267403	1234894271369
9	1234894286329	1234894291334
9	1234894308033	0
15	1234887481333	1234887485059
15	1234887738156	1234887742229
15	1234887761211	1234887764910
15	1234887866976	1234887870919
15	1234887955018	1234887959513
15	1234888035081	1234888037803
15	1234888052585	1234888055957
15	1234888067947	1234888071913
15	1234888158042	1234888161965
15	1234888346804	1234888350007
15	1234888453222	1234888457028
15	1234888737776	1234888742329
15	1234888796399	1234888799184
15	1234888808096	1234888812128
15	1234888812886	1234888817167
15	1234888823963	1234888826322
15	1234888827611	1234888830569
15	1234889998355	1234890001974
15	1234890022262	1234890028012
15	1234890485796	1234890489020
15	1234891884303	1234891892598
15	1234891895164	1234891898642
15	1234891904035	1234891909444
15	1234891911680	1234891914465
15	1234891918023	1234891927850
15	1234892019509	1234892022641
16	1234850760142	1234850762118
16	1234850762905	1234850765388
16	1234850771270	1234850774258
16	1234850834099	1234850838662
16	1234850840135	1234850843380
16	1234850858693	1234850861260
16	1234850943319	1234850946462
16	1234887481174	1234887484270
16	1234887738666	1234887741441
16	1234887760099	1234887764478
16	1234887867355	1234887869878
16	1234887954731	1234887959349
16	1234888035307	1234888038461
16	1234888052312	1234888054996
16	1234888068564	1234888072123
16	1234888085934	1234888087029
16	1234888088284	1234888092010
16	1234888157382	1234888160931
16	1234888347053	1234888350227
16	1234888420267	1234888420938
16	1234888421099	1234888423326
16	1234888452978	1234888455188
16	1234888738332	1234888742190
16	1234888763595	1234888764570
16	1234888784522	1234888785617
16	1234888788988	1234888791072
16	1234888796126	1234888798961
16	1234888808478	1234888814834
16	1234888823625	1234888830439
16	1234889998745	1234890001462
16	1234890021449	1234890027750
16	1234890485354	1234890488853
16	1234891297438	1234891301666
16	1234891658713	1234891660952
16	1234891709598	1234891727372
16	1234891728045	1234891731853
16	1234891736993	1234891742712
16	1234891758476	1234891765403
16	1234891769846	1234891773013
16	1234891776290	1234891778911
16	1234891781073	1234891784682
16	1234891864318	1234891870145
16	1234891881466	1234891909310
16	1234891911514	1234891927711
16	1234891939727	1234891944508
16	1234892013358	1234892025408
16	1234892069037	1234892070108
16	1234892070315	1234892072327
16	1234892075464	1234892077636
16	1234892111559	1234892116594
16	1234892134799	1234892138332
16	1234892145600	1234892148810
16	1234892160532	1234892169819
16	1234892171148	1234892193782
16	1234892228162	1234892239542
17	1234850721218	1234850735516
17	1234850744834	1234850764264
17	1234850772888	1234850786664
17	1234850787317	1234850789343
17	1234850790330	1234850792392
17	1234850813216	1234850819913
17	1234850820317	1234850838374
17	1234850840416	1234850842400
17	1234850855659	1234850856778
17	1234850859007	1234850877389
17	1234850877658	1234850892169
17	1234850899713	1234850901706
17	1234850904795	1234850913263
17	1234850946316	1234850951203
17	1234850953874	1234850961253
17	1234850964892	1234850970223
17	1234850971057	1234850973080
17	1234850979138	1234850988149
17	1234851015772	1234851025314
17	1234851072366	1234851084142
17	1234851085378	1234851094807
17	1234887741897	1234887753056
17	1234887755389	1234887758103
17	1234887758470	1234887764311
17	1234887869360	1234887875077
17	1234887877985	1234887882265
17	1234887882590	1234887890815
17	1234887891023	1234887897068
17	1234887902084	1234887908098
17	1234887914145	1234887917343
17	1234887922002	1234887932119
17	1234887938119	1234887946171
17	1234888043171	1234888047257
17	1234888049618	1234888053858
17	1234888070254	1234888073291
17	1234888074797	1234888082122
17	1234888082697	1234888087240
17	1234888089903	1234888091708
17	1234888100884	1234888119225
17	1234888123040	1234888132015
17	1234888156999	1234888158239
17	1234888360273	1234888366573
17	1234888370099	1234888372164
17	1234888376645	1234888379924
17	1234888384175	1234888391960
17	1234888398976	1234888402808
17	1234888403510	1234888411543
17	1234888412098	1234888420627
17	1234888421468	1234888423528
17	1234888430178	1234888441813
17	1234888448547	1234888456826
17	1234888739747	1234888744148
17	1234888748487	1234888750118
17	1234888751121	1234888755214
17	1234888755977	1234888758132
17	1234888760324	1234888763807
17	1234888765118	1234888766710
17	1234888771145	1234888785118
17	1234888790212	1234888793395
17	1234888793613	1234888797691
17	1234888825892	1234888828114
17	1234890000619	1234890004808
17	1234890007635	1234890013106
17	1234890015042	1234890027468
17	1234890486679	1234890491127
17	1234890491328	1234890494381
17	1234890498727	1234890504575
17	1234890511096	1234890516712
17	1234891283945	1234891308144
17	1234891517360	1234891529340
17	1234891538335	1234891548542
17	1234891589823	1234891594244
17	1234891595125	1234891598178
17	1234891633498	1234891652126
17	1234891665439	1234891686054
17	1234891689953	1234891693242
17	1234891696404	1234891716401
17	1234891797718	1234891809077
17	1234891839937	1234891864197
17	1234891874476	1234891876663
17	1234891911375	1234891911878
17	1234891939560	1234891969663
17	1234892003178	1234892013097
17	1234892016549	1234892026712
17	1234892051796	1234892053779
17	1234892063980	1234892069905
17	1234892075333	1234892081948
17	1234892092778	1234892093817
17	1234892112020	1234892113360
17	1234892141266	1234892145819
17	1234892146008	1234892151185
17	1234892158051	1234892163744
17	1234892166960	1234892172763
17	1234892175880	1234892179525
17	1234892218749	1234892225126
17	1234892231617	1234892234997
17	1234892237064	1234892243368
17	1234892245095	1234892253079
17	1234892272275	1234892279003
17	1234892279235	1234892282478
17	1234892284832	1234892289367
17	1234892292465	0
18	1234850708764	1234850713118
18	1234850714504	1234850723320
18	1234850873190	1234850876210
18	1234850876504	1234850880942
18	1234851091253	1234851095719
18	1234887939062	1234887941380
18	1234887941587	1234887944326
18	1234888044087	1234888047050
18	1234888047470	1234888052734
18	1234888071102	1234888079104
18	1234888414213	1234888414942
18	1234888415727	1234888420415
18	1234888438435	1234888441406
18	1234888448145	1234888451229
18	1234888742608	1234888745128
18	1234890001749	1234890006056
18	1234890006256	1234890018164
18	1234890489309	1234890495087
18	1234890511211	1234890517000
18	1234891279354	1234891284431
18	1234891515806	1234891520769
18	1234891529429	1234891542637
18	1234891802894	1234891852018
18	1234891853644	1234891854390
18	1234891964223	1234891970236
18	1234891972454	1234891992280
18	1234892002724	1234892007086
18	1234892025525	1234892045086
18	1234892048166	1234892053562
18	1234892057473	1234892059897
18	1234892060449	1234892069188
18	1234892149076	1234892152915
18	1234892158082	1234892160960
18	1234892221188	1234892225268
18	1234892231779	1234892235600
18	1234892243558	1234892249398
18	1234892294900	0
19	1234850705514	1234850711270
19	1234851092033	1234851097468
19	1234888438275	1234888442891
19	1234888444964	1234888450507
19	1234891277207	1234891284117
19	1234891515341	1234891520636
19	1234891966943	1234891969812
19	1234891972103	1234891975944
19	1234891979474	1234891995997
19	1234891997048	1234892006593
19	1234892297633	0
20	1234888441179	1234888450103
21	1234851095085	1234851098303
24	1234851095534	1234851099738
25	1234851096956	1234851100698
26	1234851098029	1234851104301
27	1234851105593	1234851111248
28	1234851107275	1234851111651
28	1234852761578	1234852763203
29	1234850578373	1234850582012
29	1234852676948	1234852678421
29	1234852761980	1234852764156
29	1234854298140	1234854299516
29	1234856158274	1234856161716
29	1234857296293	1234857299194
29	1234894382210	1234894387520
29	1234906684542	1234906687426
29	1234906797052	1234906800723
30	1234856156738	1234856160009
30	1234857296636	1234857304054
30	1234906681438	1234906686528
30	1234906797765	1234906803698
31	1234894868039	1234894870301
31	1234894894454	1234894896893
31	1234894931895	1234894934813
31	1234894951950	1234894952447
31	1234894980668	1234894983217
31	1234894983540	1234894986187
31	1234894997629	1234895007379
31	1234895010447	1234895017437
31	1234895019800	1234895025959
31	1234895029249	1234895033914
31	1234895069333	1234895071198
31	1234895107600	1234895109324
31	1234895112457	1234895137180
31	1234895143095	1234895145103
31	1234895148407	1234895150637
31	1234895155942	1234895156845
31	1234895162391	1234895165350
31	1234895169045	1234895171793
31	1234895183516	1234895188935
31	1234895189987	1234895193014
31	1234895195158	1234895195400
31	1234895211004	1234895216583
31	1234895218915	1234895221556
31	1234895398024	1234895399692
31	1234895453012	1234895461068
31	1234895472498	1234895475995
31	1234895490665	1234895494228
31	1234895514738	1234895518985
31	1234895601554	1234895604994
31	1234895641910	1234895644764
31	1234895647064	1234895652804
31	1234895682961	1234895686322
31	1234895686564	1234895688753
31	1234895719082	1234895723179
31	1234895736703	1234895739751
31	1234895749335	1234895753152
31	1234895778580	1234895780906
31	1234895783518	1234895787130
31	1234895789844	1234895797189
31	1234895798732	1234895799272
31	1234895814576	1234895817223
31	1234895820344	1234895823935
31	1234895829737	1234895833135
31	1234895945105	1234895947358
31	1234895954215	1234895974275
31	1234895992125	1234895995375
31	1234896004046	1234896010920
31	1234896021993	1234896032774
31	1234896037223	1234896040828
31	1234896051756	1234896058503
31	1234896068959	1234896070120
31	1234896088018	1234896090854
31	1234896132162	1234896138115
31	1234896153645	1234896155773
31	1234896186145	1234896189829
31	1234896192104	1234896195335
31	1234896198135	1234896198988
31	1234896276059	1234896279302
31	1234896291394	1234896291600
31	1234896318529	1234896321805
31	1234896362904	1234896368371
31	1234896368605	1234896371940
31	1234896375402	1234896377642
31	1234896425695	1234896427667
31	1234896493989	1234896494329
31	1234896592461	1234896593519
31	1234896605609	1234896610932
31	1234896647499	1234896650570
31	1234896653578	1234896662426
31	1234896685520	1234896687724
31	1234896705345	1234896705666
31	1234896705927	1234896709127
31	1234896730692	1234896733365
31	1234896762167	1234896763815
31	1234896768539	1234896771893
31	1234896797758	1234896799594
31	1234896805387	1234896812460
31	1234896817298	1234896820141
31	1234896827032	1234896829823
31	1234896883742	1234896887165
31	1234896897430	1234896899058
31	1234896901699	1234896932067
31	1234896958109	1234896963520
31	1234896963786	1234896966487
31	1234896969831	1234896977332
31	1234896978811	1234896981676
31	1234896985030	1234896986184
31	1234896988642	1234896990550
31	1234896994077	1234896997832
31	1234897013028	1234897015085
31	1234897028270	1234897029994
31	1234897030575	1234897038825
31	1234897048575	1234897048817
31	1234897054764	1234897056940
31	1234897068582	1234897099282
31	1234897102580	1234897111682
31	1234897114264	1234897117351
31	1234897142007	1234897153619
31	1234897161583	1234897167277
31	1234897184122	1234897187796
31	1234897199010	1234897204624
31	1234897228828	1234897237034
31	1234897240644	1234897249574
31	1234897276802	1234897277989
31	1234897279808	1234897285854
31	1234897307044	1234897310528
31	1234897311222	1234897321331
31	1234897334920	1234897337215
31	1234897339729	1234897343006
31	1234897358475	1234897360648
31	1234897379560	1234897391258
31	1234897402000	1234897406895
31	1234897410457	1234897413534
31	1234897445228	1234897446837
31	1234897449385	1234897453074
31	1234897471925	1234897473514
31	1234897474218	1234897477025
31	1234897480874	1234897485967
31	1234897492439	1234897498948
31	1234897513961	1234897517073
31	1234897529742	1234897534260
31	1234897537223	1234897539690
31	1234897543800	1234897546163
31	1234897554916	1234897558043
31	1234897579676	1234897580117
31	1234897582696	1234897586116
31	1234897673174	1234897675572
31	1234897710617	1234897711177
31	1234897730967	1234897731168
31	1234897734703	1234897738481
31	1234897741082	1234897743942
31	1234897762218	1234897762742
31	1234897771573	1234897776535
31	1234897784119	1234897788824
31	1234897820500	1234897824199
31	1234897830095	1234897832155
31	1234897832540	1234897836104
31	1234897924095	1234897927624
31	1234897949121	1234897954116
31	1234897963360	1234897966765
31	1234897969304	1234897972101
31	1234897972478	1234897979883
31	1234897990753	1234897996204
31	1234898014779	1234898026423
31	1234898058045	1234898064186
31	1234898081349	1234898081922
31	1234898106371	1234898108407
31	1234898115334	1234898117793
31	1234898128707	1234898132150
31	1234898139032	1234898142513
31	1234898196780	1234898204360
31	1234898232500	1234898235346
31	1234898238038	1234898240533
31	1234898281077	1234898282775
31	1234898306352	1234898307765
31	1234898309699	1234898312203
31	1234898319169	1234898321474
31	1234898322534	1234898326719
31	1234898340404	1234898341210
31	1234898346582	1234898348805
31	1234898349797	1234898356188
31	1234898374024	1234898375705
31	1234898403361	1234898406055
31	1234898406740	1234898409273
31	1234898452473	1234898458548
31	1234898461843	1234898467482
31	1234898471839	1234898476197
31	1234898478808	1234898482694
31	1234898493773	1234898496413
31	1234898499243	1234898505332
31	1234898513716	1234898515079
31	1234898544977	1234898550718
31	1234898553214	1234898557249
31	1234898560099	1234898562288
31	1234898564124	1234898565693
31	1234898565908	1234898568495
31	1234898571073	1234898573830
31	1234898584856	1234898590885
31	1234898593778	1234898597980
31	1234898621436	1234898625424
31	1234898636710	1234898637875
31	1234898698859	1234898702615
31	1234898752630	1234898756818
31	1234898851065	1234898854726
31	1234898878474	1234898889023
31	1234898905915	1234898910464
31	1234898918219	1234898924082
31	1234898928226	1234898936090
31	1234898940169	1234898957423
31	1234899032230	1234899037149
31	1234899045100	1234899055772
31	1234899062036	1234899066622
31	1234899105982	1234899107320
31	1234899141121	1234899144454
31	1234899149844	1234899153453
31	1234899242768	1234899246329
31	1234899260050	1234899261571
31	1234899268710	1234899274371
31	1234899453563	1234899468323
31	1234899468912	1234899472604
31	1234899475195	1234899477702
31	1234899488803	1234899490589
31	1234899494138	1234899508108
31	1234899509095	1234899510822
31	1234899518320	1234899522158
31	1234899544425	1234899546835
31	1234899551882	1234899555014
31	1234899556918	1234899559135
31	1234899598680	1234899603822
31	1234899604402	1234899613005
31	1234899634223	1234899638014
31	1234899649381	1234899652081
31	1234899672505	1234899676231
31	1234899685782	1234899698136
31	1234899700737	1234899704162
31	1234899712624	1234899715369
31	1234899718653	1234899719042
31	1234899736644	1234899739817
31	1234899745420	1234899748423
31	1234899754484	1234899757715
31	1234899769763	1234899775445
31	1234899791139	1234899796947
31	1234899840933	1234899842198
31	1234899868340	1234899870495
31	1234899891257	1234899895224
31	1234899928165	1234899932503
31	1234899987502	1234899991111
31	1234900021009	1234900024404
31	1234900033867	1234900036248
31	1234900055399	1234900058792
31	1234900083100	1234900083984
31	1234900084770	1234900090557
31	1234900121512	1234900133811
31	1234900143653	1234900154763
31	1234900165098	1234900167192
31	1234900168872	1234900177373
31	1234900177655	1234900185042
31	1234900190325	1234900191020
31	1234900208143	1234900212892
31	1234900222854	1234900231677
31	1234900243879	1234900252948
31	1234900289333	1234900296493
31	1234900311149	1234900319802
31	1234900324971	1234900328745
31	1234900337273	1234900345007
31	1234900374032	1234900378558
31	1234900394782	1234900399191
31	1234900401122	1234900404044
31	1234900417021	1234900419856
31	1234900431776	1234900438105
31	1234900440697	1234900443797
31	1234900446352	1234900447184
31	1234900449139	1234900455583
31	1234900463233	1234900465062
31	1234900469646	1234900474446
31	1234900502888	1234900506424
31	1234900522168	1234900527284
31	1234900571587	1234900581405
31	1234900587699	1234900596024
31	1234900602365	1234900607513
31	1234900632812	1234900635544
31	1234900647391	1234900653873
31	1234900665014	1234900668053
31	1234900692664	1234900701822
31	1234900726469	1234900731987
31	1234900795801	1234900797388
31	1234900826987	1234900828717
31	1234900840561	1234900844070
31	1234900853177	1234900855929
31	1234900865059	1234900867278
31	1234900916779	1234900920120
31	1234901002484	1234901005698
31	1234901019672	1234901024534
31	1234901096194	1234901100754
31	1234901103374	1234901106424
31	1234901161259	1234901169557
31	1234901174820	1234901179233
31	1234901188895	1234901192284
31	1234901220037	1234901220661
31	1234901223077	1234901226907
31	1234901242419	1234901248145
31	1234901268400	1234901273499
31	1234901275873	1234901280098
31	1234901283179	1234901286562
31	1234901292278	1234901296460
31	1234901355862	1234901361534
31	1234901492980	1234901496050
31	1234901577374	1234901580652
31	1234901588498	1234901594533
31	1234901604947	1234901609325
31	1234901616159	1234901617718
31	1234901629932	1234901634087
31	1234901636898	1234901637086
31	1234901640164	1234901643034
31	1234901643548	1234901648424
31	1234901666646	1234901668792
31	1234901679326	1234901691058
31	1234901693106	1234901696394
31	1234901726333	1234901727078
31	1234901825252	1234901837259
31	1234901843235	1234901849569
31	1234901851543	1234901855831
31	1234901860770	1234901863917
31	1234901872934	1234901875936
31	1234901890903	1234901892692
31	1234901897492	1234901899814
31	1234901902627	1234901908617
31	1234901979664	1234901982022
31	1234902094814	1234902096811
31	1234902111422	1234902113624
31	1234902152302	1234902158482
31	1234902164810	1234902169415
31	1234902223950	1234902229683
31	1234902248034	1234902258923
31	1234902311876	1234902315542
31	1234902325416	1234902326854
31	1234902360143	1234902363571
31	1234902381501	1234902383670
31	1234902395827	1234902399068
31	1234902413523	1234902419644
31	1234902444606	1234902446572
31	1234902465043	1234902466899
31	1234902484343	1234902491801
31	1234902514431	1234902516928
31	1234902524736	1234902526494
31	1234902592482	1234902596739
31	1234902602992	1234902605021
31	1234902621114	1234902624411
31	1234902635115	1234902638001
31	1234902645279	1234902647779
31	1234902651000	1234902651186
31	1234902661805	1234902666125
31	1234902680028	1234902680586
31	1234902692672	1234902695095
31	1234902700159	1234902702833
31	1234902723758	1234902725957
31	1234902732320	1234902733019
31	1234902739045	1234902741204
31	1234902744366	1234902749900
31	1234902750484	1234902753845
31	1234902805131	1234902807238
31	1234902813249	1234902816068
31	1234902832348	1234902837639
31	1234902849037	1234902851688
31	1234902855240	1234902858475
31	1234902861426	1234902872428
31	1234902886454	1234902929152
31	1234902985183	1234902997617
31	1234903029677	1234903033608
31	1234903066462	1234903066994
31	1234903069652	1234903081934
31	1234903196301	1234903203032
31	1234903205337	1234903219613
31	1234903249292	1234903252794
31	1234903295440	1234903301948
31	1234903349725	1234903352140
31	1234903365276	1234903370847
31	1234903371549	1234903373505
31	1234903434392	1234903436074
31	1234903436516	1234903439042
31	1234903454634	1234903457095
31	1234903469099	1234903476826
31	1234903487295	1234903490385
31	1234903493030	1234903494639
31	1234903502619	1234903511124
31	1234903511805	1234903523309
31	1234903524772	1234903526131
31	1234903530709	1234903532506
31	1234903550083	1234903552299
31	1234903554818	1234903560289
31	1234903601258	1234903607008
31	1234903623257	1234903624478
31	1234903624810	1234903626192
31	1234903629344	1234903631007
31	1234903632055	1234903638138
31	1234903680057	1234903681424
31	1234903683082	1234903684865
31	1234903704234	1234903707310
31	1234903709047	1234903711164
31	1234903731439	1234903734799
31	1234903788079	1234903789445
31	1234903791122	1234903792508
31	1234903864644	1234903866520
31	1234903908125	1234903911058
31	1234903919995	1234903921928
31	1234903927748	1234903930017
31	1234903950573	1234903954315
31	1234903971301	1234903980077
31	1234903983186	1234903992315
31	1234903996755	1234903998546
31	1234904026647	1234904031102
31	1234904052164	1234904052966
31	1234904067574	1234904068601
31	1234904080767	1234904085170
31	1234904087119	1234904089095
31	1234904089334	1234904091319
31	1234904091547	1234904094136
31	1234904100987	1234904103003
31	1234904103645	1234904106051
31	1234904116472	1234904118077
31	1234904122444	1234904125759
31	1234904134492	1234904136334
31	1234904141171	1234904142964
31	1234904228664	1234904230737
31	1234904231100	1234904234272
31	1234904237952	1234904239671
31	1234904267914	1234904269475
31	1234904270820	1234904276875
31	1234904284738	1234904285770
31	1234904290073	1234904292158
31	1234904293294	1234904293547
31	1234904296062	1234904297215
31	1234904297897	1234904299730
31	1234904337215	1234904339870
31	1234904383190	1234904384914
31	1234904432256	1234904436195
31	1234904465005	1234904470259
31	1234904471700	1234904482195
31	1234904486505	1234904488128
31	1234904489158	1234904494004
31	1234904517219	1234904518663
31	1234904535935	1234904541143
31	1234904544071	1234904544528
31	1234904547865	1234904550361
31	1234904602180	1234904604465
31	1234904610137	1234904614375
31	1234904616635	1234904619105
31	1234904628921	1234904631710
31	1234904641720	1234904644654
31	1234904691014	1234904692975
31	1234904698131	1234904700532
31	1234904707359	1234904709134
31	1234904715489	1234904716530
31	1234904716770	1234904719016
31	1234904727083	1234904728725
31	1234904730845	1234904731898
31	1234904736747	1234904739060
31	1234904757149	1234904758692
31	1234904758985	1234904763181
31	1234904849083	1234904850014
31	1234904852317	1234904854327
31	1234904854977	1234904859211
31	1234904895012	1234904898068
31	1234904914129	1234904915715
31	1234904953276	1234904955196
31	1234904974080	1234904978494
31	1234904981676	1234904986980
31	1234905014096	1234905019628
31	1234905052022	1234905053136
31	1234905064052	1234905065089
31	1234905067235	1234905071444
31	1234905091552	1234905094080
31	1234905121134	1234905123170
31	1234905123587	1234905125769
31	1234905161696	1234905164074
31	1234905166102	1234905168957
31	1234905179264	1234905182806
31	1234905194795	1234905197099
31	1234905212776	1234905218628
31	1234905223083	1234905225005
31	1234905260123	1234905269103
31	1234905286654	1234905287725
31	1234905288575	1234905292117
31	1234905341429	1234905344078
31	1234905348805	1234905353098
31	1234905363644	1234905371118
31	1234905371521	1234905374139
31	1234905380050	1234905392083
31	1234905398122	1234905401724
31	1234905442159	1234905443142
31	1234905451830	1234905453958
31	1234905456215	1234905459066
31	1234905482128	1234905487822
31	1234905495975	1234905498094
31	1234905504148	1234905505285
31	1234905520808	1234905522970
31	1234905525945	1234905530158
31	1234905531473	1234905534022
31	1234905572191	1234905574135
31	1234905582975	1234905585082
31	1234905605197	1234905606703
31	1234905635074	1234905640711
31	1234905651198	1234905655216
31	1234905664895	1234905666803
31	1234905670538	1234905675836
31	1234905709599	1234905713818
31	1234905715436	1234905718195
31	1234905718395	1234905721309
31	1234905722097	1234905724328
31	1234905739063	1234905743429
31	1234905746773	1234905750004
31	1234905751114	1234905752658
31	1234905754138	1234905756105
31	1234905758073	1234905760917
31	1234905787492	1234905788884
31	1234905835561	1234905837161
31	1234905838875	1234905844167
31	1234905850148	1234905851448
31	1234905859095	1234905866323
31	1234905875164	1234905877002
31	1234905878475	1234905880307
31	1234905886792	1234905896136
31	1234905905067	1234905908845
31	1234905917397	1234905922475
31	1234905951961	1234905953324
31	1234905988142	1234905989669
31	1234905997795	1234905998837
31	1234906004426	1234906005143
31	1234906023006	1234906026507
31	1234906029005	1234906031069
31	1234906052095	1234906066212
31	1234906067414	1234906073024
31	1234906076513	1234906080875
31	1234906083712	1234906085887
31	1234906086884	1234906088552
31	1234906098824	1234906103081
31	1234906110379	1234906113394
31	1234906142120	1234906145908
31	1234906160715	1234906164946
31	1234906166288	1234906167326
31	1234906168115	1234906175219
31	1234906194288	1234906196083
31	1234906236289	1234906238133
31	1234906286248	1234906295022
31	1234906449330	1234906456648
31	1234906461119	1234906463015
31	1234906464645	1234906468283
31	1234906482647	1234906490139
31	1234906494666	1234906500461
31	1234906512030	1234906512605
31	1234906512972	1234906515070
31	1234906524915	1234906529209
31	1234906530325	1234906532990
31	1234906552965	1234906556085
31	1234906557120	1234906557637
31	1234906558207	1234906560457
31	1234906564338	1234906566394
31	1234906567985	1234906569917
31	1234906581189	1234906582619
31	1234906588370	1234906593080
31	1234906593283	1234906596070
31	1234906602104	1234906607061
31	1234906626091	1234906627619
31	1234906645595	1234906647235
31	1234906655171	1234906659013
31	1234906668771	1234906674906
32	1234900212747	1234900215939
32	1234906803525	0
33	1234857308322	0
34	1234829537132	1234829538576
34	1234829541195	1234829545302
34	1234829644700	1234829645580
34	1234830135526	1234830143723
34	1234830478275	1234830483365
34	1234830484194	1234830486247
34	1234831365692	1234831367951
34	1234831388343	1234831389413
34	1234831854874	1234831856172
34	1234834477753	1234834483259
34	1234835362548	1234835364317
34	1234835366356	1234835367564
34	1234835403708	1234835406427
34	1234835901375	1234835904214
34	1234837204144	1234837206328
34	1234837206845	1234837209047
34	1234837378027	1234837382566
34	1234838862715	1234838876403
34	1234838937783	1234838942315
34	1234838983075	1234838989040
34	1234838990322	1234838992293
34	1234838993480	1234839000350
34	1234839123172	1234839143418
34	1234839145281	1234839169296
34	1234840213122	1234840224255
34	1234841258009	1234841260348
34	1234845241149	1234845243195
34	1234845673463	1234845674969
34	1234846789983	1234846791491
34	1234849546853	1234849549294
34	1234855224467	1234855226087
34	1234855643752	1234855645173
34	1234855905309	1234855905767
34	1234856057544	1234856059122
34	1234856071274	1234856073035
34	1234856074486	1234856080161
34	1234856086154	1234856087585
34	1234906949092	1234906965258
34	1234906967115	1234906968314
34	1234906973043	1234906979162
34	1234906980067	1234906989335
34	1234906992117	1234906993214
34	1234906994284	1234907002124
34	1234907020096	1234907022145
34	1234907039974	1234907044058
34	1234907045180	1234907046046
34	1234907058170	1234907060091
34	1234907061405	1234907063280
34	1234907102050	1234907106942
34	1234907123658	1234907129129
34	1234907150376	1234907153125
34	1234907160067	1234907163327
34	1234907165126	1234907166715
34	1234907169940	1234907172116
34	1234907177985	1234907180096
34	1234907180313	1234907181280
34	1234907187135	1234907198716
34	1234907207835	1234907209075
34	1234907209715	1234907212587
34	1234907238395	1234907239445
34	1234907256287	1234907259063
34	1234907259349	1234907262468
34	1234907268158	1234907269455
34	1234907284754	1234907289040
34	1234907301183	1234907302822
34	1234907346174	1234907349080
34	1234907355065	1234907358104
34	1234907362919	1234907364560
34	1234907365355	1234907367058
34	1234907372202	1234907374100
34	1234907384177	1234907388124
34	1234907394566	1234907396148
34	1234907406654	1234907413919
34	1234907485501	1234907494396
34	1234907510367	1234907514164
34	1234907515210	1234907530056
34	1234907536046	1234907537888
34	1234907539144	1234907545097
34	1234907545937	1234907552335
34	1234907555721	1234907557708
34	1234907563365	1234907566035
34	1234907570689	1234907581746
34	1234907590264	1234907591976
34	1234907614750	1234907617106
34	1234907617837	1234907618969
34	1234907635246	1234907645595
34	1234907690073	1234907691146
34	1234907741628	1234907743332
34	1234907744464	1234907746337
34	1234907758144	1234907762245
34	1234907763999	1234907764318
34	1234907768507	1234907780895
34	1234907782264	1234907788144
34	1234907816077	1234907818983
34	1234907829179	1234907834164
34	1234907834579	1234907841875
34	1234907847389	1234907849273
34	1234907850595	1234907853015
34	1234907879048	1234907880323
34	1234907902308	1234907906123
34	1234907916936	1234907921244
34	1234907921429	1234907925538
34	1234907939170	1234907943318
34	1234907945869	1234907955665
34	1234907957079	1234907960124
34	1234907960447	1234907964514
34	1234907965078	1234907969275
34	1234907972188	1234907980225
34	1234907981642	1234907990118
34	1234907991230	1234907994017
34	1234908030131	1234908032069
34	1234908033429	1234908044316
34	1234908045086	1234908047306
34	1234908342014	1234908346063
34	1234908422970	1234908428138
34	1234908543007	1234908549004
34	1234908648187	1234908653112
34	1234908662675	1234908668151
34	1234908928801	1234908931515
34	1234908994846	1234908999227
34	1234909166198	1234909173100
34	1234909256437	1234909258043
34	1234909275356	1234909278342
34	1234909295304	1234909304085
34	1234909335584	1234909338554
34	1234909365062	1234909371107
34	1234909380590	1234909383945
34	1234909398244	1234909401854
34	1234909402457	1234909404105
34	1234909406048	1234909412956
35	1234825777025	1234825780793
35	1234826087125	1234826093474
35	1234826710254	1234826712525
35	1234826712876	1234826715314
35	1234829062304	1234829064899
35	1234829065586	1234829068461
35	1234829457414	1234829462068
35	1234829539997	1234829542324
35	1234829642769	1234829644369
35	1234830134833	1234830140723
35	1234830141085	1234830142207
35	1234830477748	1234830487913
35	1234830496330	1234830501536
35	1234830622862	1234830624274
35	1234830625366	1234830627757
35	1234831364492	1234831367681
35	1234831383977	1234831385460
35	1234831386810	1234831388691
35	1234831854393	1234831857499
35	1234832167974	1234832170350
35	1234832170728	1234832173590
35	1234834001794	1234834004327
35	1234834579503	1234834582824
35	1234834770197	1234834772323
35	1234835361503	1234835369007
35	1234835402077	1234835404071
35	1234835418406	1234835419913
35	1234835474064	1234835481445
35	1234835825573	1234835826337
35	1234835898545	1234835899460
35	1234835899852	1234835904737
35	1234835970378	1234835971281
35	1234837199885	1234837208287
35	1234837373331	1234837382203
35	1234838862211	1234838876752
35	1234838909543	1234838914203
35	1234838937064	1234838943041
35	1234838982500	1234838985266
35	1234838985603	1234838987348
35	1234838990456	1234838995086
35	1234838996509	1234838999356
35	1234839000497	1234839001120
35	1234839139098	1234839140742
35	1234839142177	1234839169547
35	1234840210198	1234840211901
35	1234840219344	1234840223543
35	1234840758216	1234840760361
35	1234840775290	1234840779038
35	1234841256722	1234841261604
35	1234845243522	1234845244666
35	1234854762136	1234854763020
35	1234854764515	1234854767069
35	1234855231058	1234855237284
35	1234855643416	1234855649025
35	1234855903365	1234855906271
35	1234855906828	1234855908961
35	1234855909921	1234855911550
35	1234856050258	1234856052118
35	1234856053295	1234856054625
35	1234856056637	1234856063988
35	1234856070094	1234856075385
35	1234856090709	1234856096044
35	1234906917445	1234906920940
35	1234906925790	1234906926793
35	1234906938145	1234906940142
35	1234906943677	1234906944733
35	1234906944926	1234906955787
35	1234906974009	1234906976244
35	1234907192180	1234907209235
35	1234907522085	1234907524082
35	1234907539566	1234907543347
35	1234907964856	1234907971063
35	1234907984083	1234907988920
35	1234907990278	1234907993823
35	1234908009114	1234908014077
35	1234908029520	1234908035108
35	1234908038764	1234908041051
35	1234908042159	1234908044099
35	1234908134635	1234908136694
35	1234908143400	1234908146421
35	1234908215804	1234908218585
35	1234908340253	1234908343314
35	1234908376225	1234908379559
35	1234908422374	1234908423976
35	1234908425102	1234908428245
35	1234908443635	1234908450139
35	1234908476122	1234908476995
35	1234908542040	1234908551035
35	1234908551444	1234908553208
35	1234908578678	1234908581005
35	1234908647576	1234908651823
35	1234908844206	1234908847929
35	1234908928560	1234908934108
35	1234908983773	1234908986780
35	1234908994117	1234908998183
35	1234909172159	1234909173307
35	1234909214108	1234909215424
35	1234909275158	1234909283959
35	1234909286284	1234909289043
35	1234909293979	1234909304846
35	1234909334489	1234909339639
35	1234909362910	1234909374134
35	1234909380726	1234909386030
35	1234909389098	1234909390217
35	1234909397185	1234909418022
35	1234909531039	1234909533107
35	1234910103202	1234910106235
35	1234910145000	1234910146738
36	1234856146406	1234856155049
36	1234856155437	1234856159784
36	1234857297518	1234906687148
36	1234906798572	0
37	1234850579943	1234850590041
37	1234851291312	1234851299725
37	1234851310428	1234851318018
37	1234851318286	1234851322763
37	1234851327159	1234851331438
37	1234851332292	1234851337551
37	1234851548167	1234851549396
37	1234851551636	1234851557124
37	1234851605542	1234851606144
37	1234851607170	1234851611172
37	1234852593302	1234852595741
37	1234852611877	1234852615274
37	1234852658108	1234852659183
37	1234852670170	1234852678576
37	1234852763530	1234852770896
37	1234852771151	1234852772672
37	1234852790101	1234852794626
37	1234852794828	1234852796116
37	1234852800349	1234852808405
37	1234852943310	1234852946707
37	1234852955738	1234852958052
37	1234852976069	1234852976788
37	1234852977318	1234852979618
37	1234853056212	1234853058138
37	1234853064061	1234853065227
37	1234853067190	1234853070701
37	1234853104795	1234853106997
37	1234853128242	1234853131548
37	1234853133282	1234853142389
37	1234853143859	1234853148525
37	1234853154065	1234853157182
37	1234853168055	1234853172347
37	1234853190111	1234853191827
37	1234853194772	1234853197575
37	1234853198001	1234853200822
37	1234853283773	1234853290267
37	1234853327659	1234853336261
37	1234853336704	1234853344134
37	1234853345148	1234853351927
37	1234853352150	1234853368107
37	1234853368350	1234853374083
37	1234853377081	1234853398512
37	1234853405149	1234853407237
37	1234853410013	1234853410595
37	1234853425077	1234853426639
37	1234853444948	1234853449130
37	1234853450525	1234853473890
37	1234853475023	1234853480879
37	1234853870527	1234853872967
37	1234853952103	1234853955484
37	1234853961513	1234853964059
37	1234854027479	1234854039051
37	1234854060879	1234854062022
37	1234854064890	1234854068032
37	1234854068967	1234854073888
37	1234854085556	1234854091952
37	1234854292203	1234854299659
37	1234856159273	1234856170289
37	1234857176312	1234857179817
37	1234857281764	1234857285782
37	1234857287112	1234857287650
37	1234857292095	1234857297202
37	1234894384060	1234894391484
37	1234894685435	1234894689407
37	1234906684993	1234906692308
37	1234906794044	1234906798170
38	1234850581644	1234850591585
38	1234851293387	1234851298621
38	1234851311076	1234851317075
38	1234851319444	1234851322144
38	1234851333043	1234851338106
38	1234851521168	1234851537333
38	1234851546813	1234851560618
38	1234851566219	1234851575278
38	1234851576103	1234851579262
38	1234851579895	1234851581560
38	1234851592014	1234851593121
38	1234851599393	1234851600540
38	1234851601249	1234851612187
38	1234852541993	1234852562967
38	1234852583351	1234852598262
38	1234852598775	1234852608922
38	1234852610491	1234852637405
38	1234852664819	1234852673349
38	1234852676280	1234852678706
38	1234852764459	1234852769388
38	1234852769789	1234852776864
38	1234852778032	1234852779512
38	1234852785539	1234852793306
38	1234852794306	1234852796273
38	1234852943629	1234852947265
38	1234852952589	1234852958217
38	1234853064228	1234853073134
38	1234853076095	1234853095396
38	1234853096127	1234853106129
38	1234853133511	1234853136445
38	1234853144175	1234853149211
38	1234853152288	1234853160135
38	1234853160351	1234853184124
38	1234853184277	1234853205158
38	1234853208242	1234853274233
38	1234853275385	1234853277517
38	1234853277777	1234853305420
38	1234853305702	1234853320785
38	1234853323415	1234853335274
38	1234853347599	1234853365079
38	1234853380028	1234853384150
38	1234853384714	1234853386114
38	1234853386673	1234853405902
38	1234853406124	1234853450887
38	1234853456843	1234853462431
38	1234853462907	1234853474103
38	1234853476730	1234853488093
38	1234853494389	1234853497337
38	1234853500104	1234853501906
38	1234853502256	1234853504408
38	1234853506114	1234853508102
38	1234853509745	1234853512098
38	1234853512473	1234853515123
38	1234853515635	1234853520011
38	1234853525068	1234853528292
38	1234853528534	1234853531530
38	1234853533220	1234853536022
38	1234853540420	1234853542047
38	1234853543118	1234853552158
38	1234853560142	1234853569082
38	1234853570475	1234853577272
38	1234853588504	1234853613013
38	1234853613235	1234853617202
38	1234853617757	1234853620048
38	1234853620499	1234853622140
38	1234853626191	1234853629496
38	1234853630865	1234853632156
38	1234853633105	1234853634156
38	1234853638275	1234853646082
38	1234853646320	1234853648497
38	1234853652201	1234853653982
38	1234853654915	1234853663221
38	1234853665345	1234853667124
38	1234853667327	1234853686585
38	1234853692099	1234853696234
38	1234853698115	1234853700076
38	1234853720148	1234853723324
38	1234853725805	1234853728140
38	1234853731146	1234853734242
38	1234853752214	1234853754058
38	1234853761292	1234853763042
38	1234853764077	1234853767072
38	1234853768543	1234853770471
38	1234853776048	1234853777248
38	1234853792375	1234853797122
38	1234853801005	1234853803105
38	1234853819472	1234853824950
38	1234853827545	1234853830216
38	1234853830569	1234853836122
38	1234853837575	1234853846700
38	1234853858228	1234853863559
38	1234853864998	1234853875908
38	1234853913762	1234853916107
38	1234853918124	1234853920244
38	1234853930195	1234853932020
38	1234853940664	1234853943056
38	1234853950439	1234853955283
38	1234853958911	1234853961051
38	1234853961664	1234853969083
38	1234853970514	1234853974323
38	1234853976142	1234853977007
38	1234854024119	1234854031777
38	1234854033081	1234854034286
38	1234854036151	1234854037324
38	1234854048734	1234854051082
38	1234854066518	1234854069097
38	1234854069689	1234854076331
38	1234854084040	1234854088748
38	1234854090204	1234854094466
38	1234854097991	1234854099912
38	1234854109295	1234854111123
38	1234854120525	1234854121565
38	1234854162836	1234854165138
38	1234854168145	1234854174248
38	1234854174467	1234854186683
38	1234854186845	1234854202179
38	1234854202821	1234854203851
38	1234854205098	1234854208115
38	1234854209420	1234854211081
38	1234854214482	1234854221519
38	1234854223079	1234854242005
38	1234854242514	1234854246991
38	1234854248915	1234854250081
38	1234854250347	1234854252135
38	1234854254408	1234854286507
38	1234854290846	1234854295157
38	1234854296359	1234854299300
38	1234856168964	1234856197075
38	1234856919217	1234856943195
38	1234856948768	1234856950847
38	1234856959757	1234856963064
38	1234856965094	1234856975323
38	1234856975698	1234856977964
38	1234856980180	1234856990408
38	1234856992102	1234856997170
38	1234856998794	1234857002117
38	1234857006166	1234857013337
38	1234857019279	1234857031405
38	1234857089267	1234857106072
38	1234857106700	1234857109132
38	1234857112301	1234857112877
38	1234857113422	1234857133895
38	1234857134647	1234857167758
38	1234857169361	1234857173216
38	1234857175102	1234857197824
38	1234857202968	1234857216702
38	1234857216977	1234857242048
38	1234857246050	1234857264764
38	1234857266102	1234857269030
38	1234857272942	1234857287834
38	1234857288407	1234857290172
38	1234857290867	1234857293143
38	1234857293872	1234857296802
38	1234894385051	1234894422948
38	1234894425292	1234894430849
38	1234894433020	1234894449225
38	1234894451865	1234894454051
38	1234894526381	1234894528568
38	1234894534386	1234894546102
38	1234894553745	1234894571576
38	1234894584079	1234894587183
38	1234894592776	1234894608775
38	1234894611434	1234894616528
38	1234894630075	1234894632615
38	1234894652681	1234894660131
38	1234894668095	1234894669638
38	1234906686326	1234906687797
38	1234906688239	1234906691143
38	1234906723601	1234906726758
38	1234906750244	1234906771969
38	1234906791331	1234906798353
39	1234850588775	1234850594197
39	1234850672322	1234850675418
39	1234851335142	1234851340279
39	1234851509284	1234851512230
39	1234851519439	1234851522810
39	1234851533730	1234851548648
39	1234851608398	1234851614497
39	1234851627219	1234851629365
39	1234852425609	1234852427248
39	1234852460190	1234852463210
39	1234852505940	1234852508759
39	1234852514861	1234852517797
39	1234852523532	1234852547367
39	1234852558085	1234852574312
39	1234852575371	1234852580209
39	1234852581033	1234852584522
39	1234852944717	1234852949322
39	1234852951995	1234852955367
39	1234853070139	1234853080015
39	1234853146595	1234853155225
39	1234853199844	1234853205278
39	1234853206257	1234853210037
39	1234853860250	1234853870700
39	1234854073204	1234854078255
39	1234854081965	1234854085183
39	1234854256296	1234854259705
39	1234854283934	1234854289100
39	1234854289517	1234854292406
39	1234856194221	1234856203268
39	1234856236205	1234856245082
39	1234856257608	1234856261012
39	1234856261353	1234856263317
39	1234856818074	1234856820075
39	1234856826569	1234856836117
39	1234856847120	1234856850644
39	1234856868063	1234856869665
39	1234856893123	1234856899762
39	1234856902042	1234856921608
39	1234857007337	1234857013503
39	1234857017127	1234857021159
39	1234857193290	1234857204947
39	1234857261735	1234857275389
39	1234906689473	1234906693831
39	1234906722315	1234906725377
40	1234850589773	1234850600294
40	1234850642391	1234850644133
40	1234850660391	1234850661027
40	1234850661863	1234850676055
40	1234851343384	1234851349361
40	1234851474263	1234851483071
40	1234851494257	1234851524302
40	1234851543760	1234851548800
40	1234851609892	1234851630300
40	1234852560421	1234852564000
40	1234852565311	1234852584111
40	1234852946510	1234852955532
40	1234853201160	1234853211213
40	1234854075566	1234854079640
40	1234854081070	1234854085329
40	1234854285248	1234854292972
40	1234856198036	1234856213176
40	1234856218212	1234856219202
40	1234856230830	1234856239301
40	1234857008970	1234857014578
40	1234857015972	1234857020609
40	1234857196462	1234857205149
40	1234906690421	1234906698385
40	1234906717993	1234906720147
40	1234906720432	1234906725226
41	1234850590322	1234850594407
41	1234850594706	1234850603201
41	1234850650132	1234850651660
41	1234850659202	1234850662106
41	1234850663423	1234850675201
41	1234852567344	1234852580684
41	1234854075262	1234854078513
41	1234854079446	1234854085719
41	1234856198714	1234856200097
41	1234856203101	1234856204437
41	1234856206377	1234856216465
41	1234856218069	1234856218867
41	1234856230668	1234856239702
41	1234857009378	1234857020969
41	1234857196219	1234857204004
41	1234906690812	1234906699514
41	1234906700026	1234906705770
41	1234906716038	1234906725914
42	1234850578664	1234850579532
42	1234851112994	1234851114196
42	1234851289172	1234851290908
42	1234852760901	1234852763684
43	1234850576202	1234850581179
43	1234851108631	1234851117330
43	1234852754415	1234852760157
43	1234852760325	1234852763374
43	1234854299150	0
44	1234851112545	1234851120611
44	1234852753214	1234852763965
44	1234854300144	1234854310095
44	1234854317365	1234854322539
44	1234855065263	1234898410202
45	1234854322812	1234854325136
45	1234854325498	1234854340072
45	1234854340313	1234854343697
45	1234854346632	1234854361039
45	1234854368115	1234854370379
45	1234854376032	1234854379074
45	1234854380705	1234854382947
45	1234854386520	1234854400275
45	1234854404374	1234854419245
45	1234854484044	1234854490263
45	1234854504815	1234854512123
45	1234854512327	1234854518070
45	1234854518351	1234854519923
45	1234854520153	1234854522234
45	1234854524106	1234854527665
45	1234854557913	1234854561218
45	1234854562018	1234854566235
45	1234854566957	1234854569349
45	1234854594040	1234854595074
45	1234854757109	1234854760085
45	1234854853637	1234854855384
45	1234854856775	1234854858318
45	1234854859015	1234854867605
45	1234854879109	1234854883322
45	1234855056079	1234855058124
45	1234855060169	1234855062076
45	1234855062766	1234855068123
45	1234855103140	1234855109049
45	1234855109329	1234855112114
45	1234855132182	1234855133241
45	1234855163889	1234855172638
45	1234855172960	1234855175152
45	1234855177574	1234855189724
45	1234855190247	1234855192178
45	1234855195516	1234855207306
45	1234855224110	1234855236196
45	1234855249151	1234855256135
45	1234855330129	1234855331279
45	1234855333093	1234855336094
45	1234855339071	1234855354145
45	1234855355073	1234855361101
45	1234855361602	1234855363546
45	1234855372108	1234855373164
45	1234855409101	1234855412157
45	1234855415615	1234855418508
45	1234855421311	1234855423004
45	1234855424123	1234855425645
45	1234855436420	1234855441047
45	1234855442214	1234855443489
45	1234855452462	1234855454255
45	1234855454647	1234855459101
45	1234855533815	1234855535047
45	1234855535902	1234855538068
45	1234855543005	1234855544885
45	1234855547075	1234855549013
45	1234855551804	1234855553421
45	1234855565414	1234855568039
45	1234855577806	1234855580146
45	1234855587417	1234855589389
45	1234855596044	1234855598263
45	1234855601764	1234855604023
45	1234855604216	1234855609038
45	1234855616085	1234855622144
45	1234855625885	1234855631228
45	1234855632819	1234855634042
45	1234855634875	1234855637232
45	1234855640711	1234855644311
45	1234855695892	1234855703404
45	1234855753361	1234855755835
45	1234855767306	1234855768758
45	1234855770157	1234855773415
45	1234855776142	1234855782025
45	1234855785070	1234855790083
45	1234855792876	1234855794955
45	1234855796042	1234855800287
45	1234855854441	1234855863165
45	1234855876477	1234855878488
45	1234855890677	1234855893022
45	1234855902167	1234855904165
45	1234855918351	1234855920287
45	1234855935104	1234855938779
45	1234855950083	1234855951516
45	1234855957755	1234855959310
45	1234855965023	1234855969274
45	1234856084768	1234856090169
45	1234856092331	1234856116389
45	1234856134095	1234856136176
45	1234856152084	1234856159439
45	1234856160249	1234856164128
45	1234856164505	1234856165979
45	1234856167048	1234856169183
45	1234856173094	1234856187010
45	1234856203575	1234856206218
45	1234856237404	1234856242104
45	1234856325004	1234856328002
45	1234856334600	1234856337487
45	1234856349895	1234856352085
45	1234856443006	1234856447327
45	1234856458161	1234856471495
45	1234856471704	1234856477073
45	1234856477350	1234856486080
45	1234856495511	1234856499007
45	1234856510782	1234856514015
45	1234856525230	1234856528103
45	1234856535002	1234856543073
45	1234856556515	1234856558528
45	1234856606606	1234856607808
45	1234856608576	1234856610537
45	1234856615019	1234856616558
45	1234856616845	1234856619074
45	1234856677977	1234856679790
45	1234856682148	1234856688125
45	1234856704865	1234856727092
45	1234856742880	1234856746783
45	1234856747154	1234856749724
45	1234856764430	1234856769054
45	1234856772513	1234856773958
45	1234856786993	1234856790101
45	1234856841061	1234856844076
45	1234856890309	1234856902915
45	1234856909137	1234856912225
45	1234856924264	1234856929203
45	1234856944227	1234856945277
45	1234856968640	1234856977207
45	1234856977467	1234857010307
45	1234857011799	1234857013171
45	1234857014070	1234857016245
45	1234857025180	1234857026042
45	1234857031278	1234857036075
45	1234857053164	1234857064073
45	1234857089778	1234857093217
45	1234857169208	1234857169830
45	1234857172095	1234857175304
45	1234857175779	1234857176809
45	1234857178001	1234857179171
45	1234857179416	1234857182099
45	1234857208827	1234857212110
45	1234857240944	1234857245138
45	1234857355052	1234857356164
45	1234857363180	1234857371607
45	1234857373003	1234857377072
45	1234857377507	1234857380273
45	1234857380467	1234857392074
45	1234857396808	1234857398367
45	1234857417387	1234857420099
45	1234857423201	1234857434242
45	1234886416315	1234886420408
45	1234886437262	1234886440827
45	1234886442069	1234886446379
45	1234886465185	1234886468365
45	1234886470792	1234886474413
45	1234886486469	1234886489267
45	1234886516939	1234886518603
45	1234886522055	1234886525615
45	1234886544046	1234886548145
45	1234886564998	1234886566530
45	1234886569582	1234886573499
45	1234886573736	1234886579076
45	1234886581379	1234886582270
45	1234886599700	1234886602823
45	1234886641970	1234886642653
45	1234886647657	1234886652198
45	1234886654574	1234886656853
45	1234886659668	1234886662244
45	1234886683784	1234886687061
45	1234886696674	1234886698480
45	1234886699504	1234886701840
45	1234886720442	1234886723121
45	1234886726808	1234886730420
45	1234886748211	1234886753070
45	1234886770063	1234886774745
45	1234886905107	1234886907169
45	1234886912734	1234886913362
45	1234886930553	1234886936824
45	1234886938084	1234886951598
45	1234886956534	1234886961039
45	1234892818894	1234892828123
45	1234892837375	1234892840082
45	1234892848670	1234892851002
45	1234892872852	1234892875685
45	1234892896865	1234892900115
45	1234892917663	1234892920576
45	1234892984167	1234892988503
45	1234892998262	1234893017418
45	1234893020242	1234893023030
45	1234893028666	1234893031302
45	1234893046100	1234893050760
45	1234893054358	1234893060870
45	1234893070409	1234893072583
45	1234893086422	1234893092775
45	1234893095230	1234893099870
45	1234893111103	1234893114279
45	1234893119585	1234893128669
45	1234893141064	1234893147742
45	1234893157095	1234893163219
45	1234893167824	1234893172982
45	1234893176988	1234893178703
45	1234893193121	1234893199047
45	1234893209083	1234893212420
45	1234893215243	1234893223445
45	1234893223693	1234893229205
45	1234893230117	1234893235992
45	1234893239009	1234893250973
45	1234893256215	1234893258388
45	1234893258878	1234893276980
45	1234893337602	1234893351694
45	1234893498497	1234893506677
45	1234893522284	1234893524394
45	1234893545969	1234893559683
45	1234893647726	1234893652230
45	1234893652784	1234893662045
45	1234893668975	1234893674215
45	1234893685015	1234893687948
45	1234893697059	1234893697382
45	1234893701226	1234893703540
45	1234893703837	1234893712664
45	1234893712935	1234893715667
45	1234893716165	1234893718327
45	1234893720453	1234893726942
45	1234893797213	1234893802313
45	1234894088559	1234894096746
45	1234894136226	1234894140183
45	1234894142353	1234894142707
45	1234894145477	1234894146183
45	1234894165136	1234894170891
45	1234894391665	1234894394820
45	1234894472263	1234894477788
45	1234894482020	1234894484408
45	1234894492174	1234894496158
45	1234894509989	1234894517409
45	1234894561854	1234894571303
45	1234894870138	1234894897257
45	1234894897469	1234894900977
45	1234894903028	1234894915961
45	1234894932097	1234894955459
45	1234894959753	1234894963273
45	1234894966799	1234894968711
45	1234894973407	1234894980574
45	1234894983063	1234894991992
45	1234894998516	1234895000739
45	1234895034806	1234895039995
45	1234895043298	1234895043829
45	1234895049322	1234895058499
45	1234895058827	1234895061890
45	1234895064464	1234895076030
45	1234895076257	1234895078856
45	1234895081950	1234895088611
45	1234895091962	1234895101065
45	1234895104465	1234895115748
45	1234895148694	1234895154417
45	1234895159169	1234895161974
45	1234895176352	1234895183369
45	1234895320499	1234895322014
45	1234895338935	1234895341482
45	1234895345454	1234895348827
45	1234895366123	1234895368495
45	1234895381669	1234895381864
45	1234895384907	1234895391596
45	1234895443109	1234895443825
45	1234895528020	1234895529705
45	1234895574973	1234895578123
45	1234895622654	1234895644318
45	1234895647273	1234895649407
45	1234895655103	1234895659182
45	1234895691103	1234895692968
45	1234895703570	1234895707333
45	1234896264746	1234896272750
45	1234896273594	1234896275453
45	1234896578955	1234896580801
45	1234896676121	1234896676599
45	1234896801680	1234896808764
45	1234896819494	1234896826835
45	1234896840354	1234896843742
45	1234897094351	1234897099123
45	1234897114970	1234897117203
45	1234897215733	1234897219211
45	1234897231100	1234897236883
45	1234897700053	1234897710467
45	1234897732046	1234897734897
45	1234898409699	1234898417123
45	1234898545203	1234898551088
45	1234898559940	1234898565306
45	1234898649263	1234898651661
45	1234898828003	1234898830339
45	1234898844455	1234898847928
45	1234898970277	1234898972912
45	1234898975705	1234898975947
45	1234899010927	1234899013630
45	1234899066493	1234899079993
45	1234899098569	1234899102749
45	1234899178104	1234899180231
45	1234899184735	1234899187652
45	1234899218983	1234899223131
45	1234899481164	1234899488643
45	1234899516278	1234899527216
45	1234899538192	1234899546688
45	1234899551744	1234899556757
45	1234899560099	1234899570873
45	1234899574018	1234899588452
45	1234899588902	1234899589947
45	1234899592290	1234899593028
45	1234899594866	1234899598505
45	1234899601522	1234899634470
45	1234899634718	1234899649223
45	1234899651285	1234899662393
45	1234899663654	1234899676077
45	1234899679600	1234899718887
45	1234899721582	1234899742257
45	1234899753825	1234899757289
45	1234899759264	1234899767448
45	1234899817412	1234899824414
45	1234899826642	1234899827119
45	1234899844725	1234899852549
45	1234899852950	1234899856292
45	1234899862183	1234899870881
45	1234899871115	1234899898189
45	1234899899205	1234899904083
45	1234899908164	1234899913037
45	1234899923444	1234899928584
45	1234899932373	1234899937764
45	1234899943045	1234899946784
45	1234899955848	1234899957993
45	1234899971663	1234899974318
45	1234899983892	1234899987367
45	1234899990962	1234899998180
45	1234900033700	1234900039448
45	1234900047399	1234900052617
45	1234900058630	1234900062016
45	1234900066465	1234900069057
45	1234900074076	1234900078163
45	1234900093182	1234900100183
45	1234900143526	1234900145967
45	1234900158363	1234900164953
45	1234900182549	1234900184889
45	1234900193923	1234900216082
45	1234900225886	1234900231473
45	1234900234133	1234900238762
45	1234900252801	1234900257302
45	1234900286731	1234900289183
45	1234900303834	1234900306335
45	1234900349604	1234900357923
45	1234900360637	1234900373865
45	1234900381371	1234900387163
45	1234900391022	1234900399033
45	1234900403164	1234900407077
45	1234900419758	1234900422646
45	1234900443420	1234900456343
45	1234900458463	1234900463114
45	1234900469483	1234900478986
45	1234900484586	1234900506293
45	1234900512749	1234900522018
45	1234900527154	1234900546192
45	1234900547095	1234900553035
45	1234900555715	1234900561961
45	1234900565658	1234900573929
45	1234900575008	1234900581265
45	1234900592959	1234900596748
45	1234900623792	1234900629157
45	1234900639796	1234900641052
45	1234900646939	1234900650512
45	1234900657141	1234900661506
45	1234900670570	1234900675624
45	1234900682492	1234900684163
45	1234900687249	1234900694955
45	1234900704101	1234900714215
45	1234900715533	1234900719944
45	1234900722750	1234900726374
45	1234900734795	1234900737265
45	1234900754267	1234900756770
45	1234900757327	1234900767698
45	1234900781169	1234900786107
45	1234900790882	1234900800440
45	1234900803971	1234900808817
45	1234900810710	1234900813665
45	1234900816664	1234900826827
45	1234900853033	1234900860079
45	1234900871646	1234900873172
45	1234900891551	1234900908814
45	1234900911896	1234900920007
45	1234900943639	1234900947461
45	1234900948957	1234900954849
45	1234900965701	1234900979461
45	1234900981096	1234900984158
45	1234900991163	1234900997525
45	1234901044738	1234901047793
45	1234901072375	1234901081303
45	1234901085182	1234901120767
45	1234901124994	1234901148440
45	1234901152246	1234901172002
45	1234901174675	1234901200801
45	1234901203454	1234901239212
45	1234901292115	1234901310468
45	1234901313624	1234901333541
45	1234901337194	1234901340101
45	1234901346894	1234901352124
45	1234901352350	1234901371854
45	1234901375588	1234901381011
45	1234901384180	1234901390324
45	1234901431263	1234901436985
45	1234901507006	1234901513604
45	1234901561594	1234901565790
45	1234901590725	1234901601322
45	1234901626988	1234901633762
45	1234901646046	1234901649077
45	1234901657678	1234901661261
45	1234901663066	1234901665905
45	1234901669022	1234901675484
45	1234901679193	1234901685145
45	1234901687608	1234901693021
45	1234901693350	1234901700227
45	1234901724353	1234901729372
45	1234901738476	1234901741147
45	1234901742136	1234901750019
45	1234901806251	1234901810663
45	1234901855696	1234901857974
45	1234901872750	1234901875773
45	1234901884379	1234901884677
45	1234901908467	1234901910638
45	1234901956977	1234901960195
45	1234901964412	1234901967246
45	1234901978850	1234901979885
45	1234901994913	1234901998211
45	1234902020118	1234902027078
45	1234902032658	1234902037393
45	1234902050833	1234902056366
45	1234902059056	1234902070371
45	1234902099612	1234902107350
45	1234902111247	1234902120843
45	1234902125816	1234902129303
45	1234902132439	1234902144069
45	1234902146003	1234902147072
45	1234902152138	1234902155604
45	1234902164644	1234902178575
45	1234902180316	1234902186329
45	1234902188845	1234902189087
45	1234902189306	1234902208774
45	1234902217536	1234902226834
45	1234902227208	1234902229549
45	1234902229910	1234902232019
45	1234902235481	1234902240998
45	1234902247850	1234902256056
45	1234902264508	1234902267205
45	1234902276745	1234902285863
45	1234902290067	1234902311604
45	1234902398919	1234902400574
45	1234902402770	1234902407781
45	1234902411293	1234902413374
45	1234902435130	1234902440287
45	1234902446738	1234902449901
45	1234902452582	1234902459566
45	1234902462898	1234902467778
45	1234902468221	1234902471146
45	1234902561549	1234902565123
45	1234902581922	1234902586033
45	1234902626573	1234902631299
45	1234902637704	1234902650822
45	1234902667764	1234902679879
45	1234902687335	1234902694763
45	1234902699869	1234902702525
45	1234902706127	1234902715565
45	1234902776567	1234902786700
46	1234856096759	1234856097975
46	1234899696920	1234899697826
47	1234827549627	1234827556137
47	1234827557566	1234827559094
47	1234828597751	1234828600853
47	1234829113732	1234829115317
47	1234830392489	1234830401310
47	1234830643381	1234830648369
47	1234831443782	1234831445388
47	1234831446427	1234831448312
47	1234831993455	1234831996382
47	1234832092818	1234832095763
47	1234832098942	1234832101369
47	1234832406066	1234832414794
47	1234833634415	1234833640998
47	1234833641517	1234833643640
47	1234834016541	1234834017456
47	1234834022179	1234834051460
47	1234835206697	1234835208260
47	1234835400320	1234835409190
47	1234835705784	1234835714333
47	1234836477207	1234836479366
47	1234837296235	1234837301272
47	1234837451183	1234837456303
47	1234837804330	1234837806669
47	1234837810424	1234837812553
47	1234837981211	1234837982429
47	1234838501459	1234838508968
47	1234839520331	1234839526271
47	1234839526806	1234839530333
47	1234841346463	1234841350393
47	1234841414874	1234841419333
47	1234841995274	1234842000103
47	1234842005262	1234842011210
47	1234843299471	1234843300988
47	1234843838495	1234843839768
47	1234843916340	1234843917708
47	1234844262225	1234844265881
47	1234844700525	1234844702116
47	1234844705153	1234844706929
47	1234845649713	1234845659850
47	1234845660256	1234845662344
47	1234845694369	1234845700903
47	1234845701504	1234845705026
47	1234845706295	1234845709277
47	1234845710102	1234845711130
47	1234846447179	1234846449304
47	1234846452848	1234846457266
47	1234846774306	1234846780014
47	1234847498637	1234847500195
47	1234847817832	1234847820366
47	1234847877701	1234847878954
47	1234847885176	1234847887235
47	1234847934120	1234847935830
47	1234847937354	1234847942351
47	1234849362532	1234849372288
47	1234849507319	1234849511262
47	1234850145848	1234850149095
47	1234850150335	1234850152149
47	1234850152431	1234850156524
47	1234850509195	1234850510697
47	1234850519520	1234850522454
47	1234850539280	1234850542131
47	1234902922668	1234902926392
47	1234902933399	1234902939244
47	1234902963854	1234902966318
47	1234902969806	1234902984059
47	1234903066299	1234903085089
47	1234903098972	1234903112395
47	1234903361394	1234903368328
47	1234903369144	1234903371297
47	1234903373202	1234903374760
47	1234903376313	1234903379119
47	1234903379815	1234903382087
47	1234903425084	1234903428527
47	1234903602318	1234903608176
47	1234904431792	1234904433967
47	1234910675663	1234910678792
47	1234910810708	1234910813016
48	1234827544123	1234827558734
48	1234827852332	1234827858360
48	1234827868495	1234827870440
48	1234827871211	1234827873249
48	1234827876399	1234827879167
48	1234828593543	1234828597144
48	1234830386860	1234830398382
48	1234831442474	1234831452497
48	1234832091072	1234832095239
48	1234832096672	1234832098587
48	1234832405380	1234832412670
48	1234832414448	1234832417840
48	1234833634702	1234833635408
48	1234833637520	1234833640277
48	1234833641144	1234833643289
48	1234834016785	1234834018147
48	1234834020849	1234834028301
48	1234835205781	1234835206421
48	1234835377737	1234835382300
48	1234835383001	1234835388257
48	1234835388626	1234835409348
48	1234835698547	1234835699211
48	1234835705308	1234835708329
48	1234835708672	1234835711700
48	1234836454368	1234836474371
48	1234836474713	1234836480684
48	1234837031523	1234837033268
48	1234837126245	1234837128161
48	1234837290795	1234837301583
48	1234837449874	1234837451721
48	1234837805189	1234837812191
48	1234838498432	1234838499697
48	1234838502073	1234838510422
48	1234839520630	1234839530661
48	1234841335508	1234841339818
48	1234841346003	1234841347920
48	1234841348672	1234841350752
48	1234841351297	1234841354659
48	1234841413777	1234841420053
48	1234841465098	1234841467224
48	1234841995764	1234841997153
48	1234841997465	1234842007250
48	1234842008420	1234842011570
48	1234843702081	1234843707383
48	1234843913279	1234843920808
48	1234844256596	1234844259167
48	1234844260260	1234844267925
48	1234844681292	1234844682210
48	1234844699863	1234844708411
48	1234845650012	1234845656208
48	1234845694580	1234845701172
48	1234845705156	1234845706881
48	1234845708040	1234845710737
48	1234846446803	1234846452334
48	1234846773854	1234846779729
48	1234847491752	1234847498258
48	1234847815796	1234847819017
48	1234847820508	1234847823541
48	1234847877830	1234847881277
48	1234847930235	1234847936808
48	1234847937069	1234847941208
48	1234849361348	1234849363004
48	1234849363302	1234849372437
48	1234849504734	1234849512988
48	1234849516357	1234849518237
48	1234850144701	1234850160150
48	1234850234468	1234850236093
48	1234850506413	1234850515139
48	1234850518321	1234850543692
48	1234850545239	1234850548277
48	1234850553151	1234851284274
48	1234902845909	1234902851527
48	1234902852001	1234902872260
48	1234902872653	1234902894762
48	1234902897915	1234902905345
48	1234902922832	1234902926547
48	1234902933605	1234902936141
48	1234902948672	1234902951710
48	1234902962368	1234902973636
48	1234902980667	1234902984903
48	1234903055218	1234903069524
48	1234903072223	1234903079600
48	1234903081654	1234903085256
48	1234903160928	1234903163376
48	1234903346667	1234903355092
48	1234903360178	1234903376156
48	1234903380991	1234903386477
48	1234903389588	1234903396160
48	1234903402065	1234903412006
48	1234903419653	1234903439262
48	1234903449013	1234903454827
48	1234903463869	1234903466139
48	1234903476625	1234903481497
48	1234903482298	1234903491837
48	1234903496152	1234903509058
48	1234903517635	1234903524331
48	1234903525013	1234903532182
48	1234903581493	1234903583922
48	1234903586110	1234903587068
48	1234903596259	1234903617605
48	1234903623080	1234903623645
48	1234903626432	1234903630633
48	1234903632476	1234903635299
48	1234903704101	1234903708774
48	1234903782098	1234903786387
48	1234903787110	1234903789870
48	1234903809108	1234903810133
48	1234903968470	1234903970158
48	1234904013197	1234904014589
48	1234904015039	1234904022509
48	1234904023707	1234904026433
48	1234904354500	1234904357030
48	1234904360249	1234904362098
48	1234904368169	1234904371599
48	1234904375803	1234904377984
48	1234904423569	1234904440201
48	1234904450597	1234904455165
48	1234904550253	1234904553898
48	1234904587762	1234904590017
48	1234907864570	1234907874789
48	1234907936813	1234907952389
48	1234907996176	1234908003018
48	1234908003367	1234908011180
48	1234908165353	1234908170872
48	1234908313115	1234908318107
48	1234908421117	1234908422823
48	1234908548282	1234908556030
48	1234908916224	1234908920486
48	1234910670026	1234910678939
48	1234910694981	1234910696129
48	1234910784069	1234910790336
48	1234910790726	1234910816158
49	1234827557828	1234827558371
49	1234836479639	1234836479965
49	1234837298514	1234837299697
49	1234850510418	1234850512253
49	1234850521245	1234850521647
49	1234850523317	1234850525179
49	1234850534673	1234850536887
49	1234850538043	1234850542548
50	1234850576640	1234850578932
50	1234851116104	1234851123280
50	1234852683047	1234852763820
51	1234850874314	1234850879393
51	1234887939596	1234887944100
51	1234890003252	1234890009724
51	1234890010540	1234890016875
51	1234890488703	1234890494198
51	1234891830349	1234891842557
51	1234892029860	1234892031017
51	1234892035548	1234892044583
51	1234892051115	1234892053389
51	1234892060131	1234892065823
51	1234892149826	1234892152407
51	1234892154770	1234892163841
51	1234892239426	1234892246095
