1	1235649170465	1235677255287
1	1235677515282	1235677519556
1	1235677599605	1235677608639
1	1235677624393	1235677635188
1	1235677638359	1235677641249
2	1235646159313	1235646162028
2	1235647383543	1235647389916
2	1235649728447	1235649734922
2	1235649735331	1235649743190
2	1235677470412	1235677473414
2	1235677474509	1235677476269
2	1235677513460	1235677516587
2	1235677518432	1235677521721
2	1235677524312	1235677527442
2	1235677605337	1235677612362
2	1235677615025	1235677620220
3	1235647302255	1235647304940
3	1235677464633	1235677465253
3	1235677470551	1235677482690
3	1235677500684	1235677502152
3	1235677509331	1235677515621
3	1235677519023	1235677526331
3	1235677605523	1235677608386
3	1235677608803	1235677614546
4	1235647299768	1235647305083
4	1235647584544	1235647587096
4	1235677501095	1235677511080
4	1235677521314	1235677527777
5	1235647581509	1235647591180
5	1235647711669	1235647715053
5	1235677381924	1235677402221
5	1235677449270	1235677454026
5	1235677456678	1235677464350
5	1235677468387	1235677470849
5	1235677497252	1235677505209
5	1235677533315	1235677535185
5	1235677537271	1235677539861
6	1235646161882	1235646166368
6	1235646226947	1235646234080
6	1235646246349	1235646251377
6	1235646773722	1235646779842
6	1235646902614	1235646908421
6	1235647090943	1235647093439
6	1235647135993	1235647138892
6	1235647177278	1235647180984
6	1235647472812	1235647480631
6	1235647486109	1235647489290
6	1235647495719	1235647500419
6	1235647507083	1235647515252
6	1235647569970	1235647577029
6	1235647581624	1235647584360
6	1235647586961	1235647591338
6	1235647653004	1235647664969
6	1235647669401	1235647676399
6	1235647702079	1235647711792
6	1235647715133	1235647717599
6	1235647762673	1235647768745
6	1235647869588	1235647874369
6	1235647900160	1235647903802
6	1235647914039	1235647917562
6	1235648010118	1235648012442
6	1235648023226	1235648026918
6	1235648029494	1235648032303
6	1235648076373	1235648080299
6	1235648352742	1235648358421
6	1235648363499	1235648369700
6	1235648370491	1235648373405
6	1235648378675	1235648384760
6	1235648393610	1235648396510
6	1235648399328	1235648402740
6	1235648418089	1235648423657
6	1235648438429	1235648439811
6	1235648460649	1235648462084
6	1235648464860	1235648466698
6	1235648468114	1235648469685
6	1235648607940	1235648612155
6	1235648648119	1235648650425
6	1235648652550	1235648653063
6	1235648653671	1235648655850
6	1235648801523	1235648803912
6	1235648906355	1235648907103
6	1235648908997	1235648912218
6	1235649070592	1235649074149
6	1235649078172	1235649079948
6	1235649080693	1235649088242
6	1235649723742	1235649728165
6	1235677265563	1235677268259
6	1235677271480	1235677282327
6	1235677310331	1235677312171
6	1235677313424	1235677334388
6	1235677335221	1235677363113
6	1235677374272	1235677377429
6	1235677378391	1235677384942
6	1235677389569	1235677396329
6	1235677399719	1235677402951
6	1235677431239	1235677435181
6	1235677438689	1235677446318
6	1235677447357	1235677452468
6	1235677461970	1235677462952
6	1235677463242	1235677473275
6	1235677479765	1235677483212
6	1235677483956	1235677486959
6	1235677488279	1235677492995
6	1235677494386	1235677503389
6	1235677531554	1235677536869
6	1235677537904	1235677541150
6	1235677542919	1235677548424
6	1235677597059	1235677602806
6	1235677610253	1235677611953
6	1235677613331	1235677614434
6	1235677630810	1235677632880
6	1235677635546	1235677639998
6	1235677645429	1235677648092
6	1235677681611	1235677684738
6	1235678293895	1235678297296
7	1235646902447	1235646905809
7	1235647180020	1235647186160
7	1235647294725	1235647299343
7	1235647304772	1235647308991
7	1235647380472	1235647383117
7	1235647386851	1235648032154
7	1235648802099	1235648805394
7	1235649722265	1235649728743
7	1235677263150	1235677268676
7	1235677271312	1235677273088
7	1235677278735	1235677283491
7	1235677296636	1235677298332
7	1235677299647	1235677301242
7	1235677310208	1235677311473
7	1235677311759	1235677317432
7	1235677372412	1235677375482
7	1235677401252	1235677405035
7	1235677429829	1235677434471
7	1235677443299	1235677444013
7	1235677447692	1235677449561
7	1235677494232	1235677495748
7	1235677517293	1235677519314
7	1235677525689	1235677528148
7	1235677530739	1235677534909
7	1235677544321	1235677548293
7	1235677561781	1235677569202
7	1235677581352	1235677583341
7	1235677588063	1235677593171
7	1235677598253	1235677602559
7	1235677617257	1235677626880
7	1235677629449	1235677641419
7	1235677645274	1235677651217
7	1235677652891	1235677655851
7	1235677656382	1235677658952
7	1235677675870	1235677685129
7	1235678295416	1235678296871
8	1235637365473	1235637368600
8	1235637369273	1235637370592
8	1235637519225	1235637524361
8	1235638683601	1235638687509
8	1235646901955	1235646905455
8	1235647179797	1235647185493
8	1235647294264	1235647298808
8	1235647304540	1235647308640
8	1235649169507	1235649725690
8	1235649744836	1235677261172
8	1235677262333	1235677266834
8	1235677362799	1235677365528
8	1235677371282	1235677375854
8	1235677401691	1235677408123
8	1235677416255	1235677419601
8	1235677425244	1235677427310
8	1235677428443	1235677434259
8	1235677530541	1235677533555
8	1235677545351	1235677558534
8	1235677560169	1235677565217
8	1235677599312	1235677602190
8	1235677645086	1235677646485
8	1235677654279	1235677658019
8	1235677670398	1235677681951
9	1235632464245	1235632467577
9	1235632481454	1235632485529
9	1235632604508	1235632607289
9	1235632755740	1235632759238
9	1235632854966	1235632859444
9	1235632907847	1235632915940
9	1235632925565	1235632930150
9	1235632988287	1235632997521
9	1235633015575	1235633019828
9	1235633022359	1235633027839
9	1235633075179	1235633082695
9	1235637094356	1235637096009
9	1235637365696	1235637366953
9	1235637369466	1235637377250
9	1235637520821	1235637523843
9	1235637527162	1235637529975
9	1235638694433	1235638698859
9	1235647180348	1235647181140
9	1235647342069	1235647346401
9	1235649170018	1235649725928
9	1235677257509	1235677259506
9	1235677371413	1235677373058
9	1235677407889	1235677413415
9	1235677415132	1235677419251
9	1235677428758	1235677431375
9	1235677446478	1235677447860
9	1235677551259	1235677554241
9	1235677556060	1235677557471
9	1235677560930	1235677562400
9	1235677655211	1235677657791
9	1235677684241	1235677684845
9	1235678021358	1235678022950
9	1235678295703	1235678298411
10	1235646430673	1235646436212
10	1235646487629	1235646492697
10	1235646725959	1235646728502
10	1235646742163	1235646747051
10	1235646756541	1235646760309
10	1235646773877	1235646784589
10	1235646799190	1235646802809
10	1235647397272	1235647400812
10	1235648019512	1235648023335
10	1235677440432	1235677443741
13	1235677369456	1235677371617
14	1235632471454	1235632476028
14	1235632854669	1235632858640
14	1235632925375	1235632929784
14	1235633111579	1235633117028
14	1235633205200	1235633210316
14	1235633217519	1235633220515
14	1235633258692	1235633264929
14	1235633270905	1235633276638
14	1235637086683	1235637090107
14	1235637092893	1235637093783
14	1235647277102	1235647283484
14	1235647288263	1235647294411
14	1235647337233	1235647341743
14	1235647389737	1235647391787
14	1235677368879	1235677372866
14	1235677657461	0
15	1235632086235	1235632092109
15	1235632460116	1235632476375
15	1235632925723	1235632930289
15	1235633111976	1235633117539
15	1235633205794	1235633210760
15	1235633220820	1235633228965
15	1235633259207	1235633265274
15	1235633271354	1235633277034
15	1235637084364	1235637088257
15	1235637096161	1235637099519
15	1235637340093	1235637348938
15	1235637365872	1235637368808
15	1235637376805	1235637379406
15	1235637381260	1235637386182
15	1235637518714	1235637521950
15	1235637527647	1235637531342
15	1235637560835	1235637562626
15	1235638467806	1235638470766
15	1235638680912	1235638684090
15	1235646853930	1235646857200
15	1235647181416	1235647186315
15	1235647270788	1235647284126
15	1235647288776	1235647294998
15	1235647309123	1235647311907
15	1235647337797	1235647342213
15	1235648032898	1235648035494
15	1235648067809	1235648071108
15	1235648804765	1235648809717
15	1235649133706	1235649136798
15	1235649167590	0
16	1235631834944	1235631839562
16	1235632085857	1235632091962
16	1235632099316	1235632104495
16	1235632242964	1235632247222
16	1235632255854	1235632258732
16	1235632333862	1235632338319
16	1235632346902	1235632361831
16	1235632387014	1235632391482
16	1235632410293	1235632414888
16	1235632450752	1235632454880
16	1235632459620	1235632463992
16	1235632467428	1235632476219
16	1235632859287	1235632863928
16	1235632902807	1235632907655
16	1235632983788	1235632988116
16	1235633111812	1235633117386
16	1235633205502	1235633210622
16	1235633220708	1235633228826
16	1235633259066	1235633265142
16	1235633289960	1235633295878
16	1235637083822	1235637087398
16	1235637095861	1235637099271
16	1235637120104	1235637131489
16	1235637183789	1235637185532
16	1235637279921	1235637285414
16	1235637290661	1235637293395
16	1235637313056	1235637317476
16	1235637324883	1235637325728
16	1235637339952	1235637348795
16	1235637363252	1235637366220
16	1235637376380	1235637410234
16	1235637410757	1235637415539
16	1235637496545	1235637497660
16	1235637518552	1235637521224
16	1235637527969	1235637533732
16	1235637539064	1235637540015
16	1235637541893	1235637545080
16	1235637550646	1235637551264
16	1235637551796	1235637554524
16	1235638468245	1235638470346
16	1235638477242	1235638482351
16	1235638482804	1235638485017
16	1235638493744	1235638494998
16	1235638680720	1235638683935
16	1235646853529	1235646857010
16	1235647180841	1235647186004
16	1235647195710	1235647202119
16	1235647209865	1235647219540
16	1235647231755	1235647233862
16	1235647277473	1235647283851
16	1235647337634	1235647341919
16	1235648033827	1235648035372
16	1235648067669	1235648068914
16	1235648805238	1235648808143
16	1235649133410	1235649136648
16	1235671452463	1235671454099
16	1235671454502	1235671457747
16	1235671469347	1235671471407
16	1235671542091	1235671544085
16	1235671546272	1235671548512
16	1235671803310	1235671803678
16	1235671805254	1235671806689
17	1235631743903	1235631759107
17	1235631763994	1235631777716
17	1235631839373	1235631847165
17	1235631851562	1235631890721
17	1235631909943	1235631914121
17	1235631929375	1235631949807
17	1235631953823	1235631957700
17	1235631962079	1235631964160
17	1235631997207	1235632023620
17	1235632027744	1235632033947
17	1235632038450	1235632042293
17	1235632080041	1235632085613
17	1235632091759	1235632104320
17	1235632114349	1235632133466
17	1235632167509	1235632171113
17	1235632175102	1235632180707
17	1235632209714	1235632229835
17	1235632233644	1235632237932
17	1235632247013	1235632289540
17	1235632293667	1235632311588
17	1235632319922	1235632349307
17	1235632361684	1235632364954
17	1235632370778	1235632374704
17	1235632410092	1235632427098
17	1235632439192	1235632446136
17	1235632858933	1235632887131
17	1235632891763	1235632892956
17	1235632902612	1235632907455
17	1235632929947	1235632935102
17	1235632946578	1235632951840
17	1235632963771	1235632966543
17	1235632974174	1235632979599
17	1235632983474	1235632987893
17	1235633117213	1235633124332
17	1235633128873	1235633132914
17	1235633136019	1235633139993
17	1235633143410	1235633146968
17	1235633159653	1235633167349
17	1235633175700	1235633181607
17	1235633184103	1235633192833
17	1235633200468	1235633210432
17	1235633240497	1235633258836
17	1235633276786	1235633279589
17	1235633284035	1235633295716
17	1235633299936	1235633303740
17	1235633307289	1235633313291
17	1235637074925	1235637086826
17	1235637099107	1235637101616
17	1235637110600	1235637114465
17	1235637116179	1235637122565
17	1235637128717	1235637131308
17	1235637149863	1235637150923
17	1235637152745	1235637156205
17	1235637174383	1235637185916
17	1235637201107	1235637206633
17	1235637207284	1235637217179
17	1235637227935	1235637236056
17	1235637239892	1235637247211
17	1235637285212	1235637290463
17	1235637330169	1235637339775
17	1235637348585	1235637351238
17	1235637354654	1235637356174
17	1235637357295	1235637366801
17	1235637407013	1235637415341
17	1235637512819	1235637518346
17	1235637531015	1235637541690
17	1235637547940	1235637549099
17	1235637553989	1235637559928
17	1235638470167	1235638473643
17	1235638482596	1235638491761
17	1235638493552	1235638498145
17	1235638500888	1235638512424
17	1235638517403	1235638521297
17	1235638526558	1235638535785
17	1235638538512	1235638542634
17	1235638668078	1235638675641
17	1235638680467	1235638683758
17	1235646856803	1235646859043
17	1235646890655	1235646905592
17	1235647185794	1235647195511
17	1235647213130	1235647233511
17	1235647236808	1235647247014
17	1235647250350	1235647258968
17	1235647266741	1235647270493
17	1235647277257	1235647281208
17	1235647283642	1235647288420
17	1235647308809	1235647315561
17	1235647327806	1235647337382
17	1235648033472	1235648035838
17	1235648053122	1235648064592
17	1235648065224	1235648069105
17	1235648807195	1235648810052
17	1235648812848	1235648815707
17	1235649134702	1235649145190
17	1235649145791	1235649161090
17	1235671449597	1235671453829
17	1235671471193	1235671493358
17	1235671508683	1235671513258
17	1235671519938	1235671525917
17	1235671528228	1235671533078
17	1235671537173	1235671543323
17	1235671548302	1235671562097
17	1235671568345	1235671573605
17	1235671582277	1235671586267
17	1235671589555	1235671591203
17	1235671591811	1235671600153
17	1235671618223	1235671632809
17	1235671633192	1235671653391
17	1235671656593	1235671662822
17	1235671664797	1235671667214
17	1235671671154	1235671677653
17	1235671679616	1235671692592
17	1235671701540	1235671712172
17	1235671724662	1235671731953
17	1235671736620	1235671743330
17	1235671763412	1235671764953
17	1235671775247	1235671782773
17	1235671796572	1235671803897
17	1235671811523	1235671820156
17	1235671826778	1235671827305
17	1235671848201	1235671850408
17	1235671852264	1235671854329
17	1235671859383	1235671874307
17	1235671877251	1235671886203
17	1235671893168	1235671895989
17	1235671898469	0
18	1235631735312	1235631740357
18	1235631744114	1235631749721
18	1235631754502	1235631769164
18	1235631773992	1235631783341
18	1235631788186	1235631813275
18	1235631817642	1235631821720
18	1235631867081	1235631884320
18	1235631929713	1235631933076
18	1235632016895	1235632034149
18	1235632423454	1235632433022
18	1235632864217	1235632868351
18	1235632880305	1235632886847
18	1235632979953	1235632983897
18	1235633176062	1235633188422
18	1235633307824	1235633314550
18	1235637075558	1235637077654
18	1235637179319	1235637185699
18	1235637204139	1235637210803
18	1235637242328	1235637248050
18	1235637271394	1235637275631
18	1235637535643	1235637539568
18	1235638533685	1235638539731
18	1235647186618	1235647193055
18	1235647253858	1235647259553
18	1235647267243	1235647270939
18	1235648807515	1235648810588
18	1235648811090	1235648814055
18	1235649142471	1235649148854
18	1235671448903	1235671452620
18	1235671556994	1235671564332
18	1235671567373	1235671573832
18	1235671776001	1235671781581
18	1235671812972	1235671815792
18	1235671865974	1235671871200
18	1235671882432	1235671886407
18	1235671892391	1235671896646
18	1235671902852	0
19	1235631734304	1235631739807
19	1235633307597	1235633313457
19	1235637072440	1235637077436
19	1235637242152	1235637247327
19	1235637270628	1235637275428
19	1235637580726	1235637584639
19	1235637586584	1235637592105
19	1235647253671	1235647259075
19	1235647266907	1235647270625
19	1235671447757	1235671451759
19	1235671882093	1235671887437
19	1235671889470	1235671895287
19	1235671902514	0
20	1235647259357	1235647267058
20	1235671884873	1235671895457
21	1235637071404	1235637075111
21	1235671446473	1235671449224
21	1235671904934	0
23	1235677600056	0
24	1235631729423	1235631734822
24	1235633314109	1235633317068
24	1235637069881	1235637075269
24	1235671445544	1235671449814
25	1235631729720	1235631734949
25	1235633314396	1235633317190
25	1235637068680	1235637071846
25	1235671444404	1235671448489
26	1235631724557	1235631735081
26	1235633317466	1235633322292
26	1235637066265	1235637071559
26	1235671441442	1235671447954
27	1235631724308	1235631729044
27	1235633322145	1235633326950
27	1235637062969	1235637066073
27	1235671437124	1235671441718
28	1235671435434	1235671439969
29	1235628746504	1235628748049
29	1235630704639	1235630707214
29	1235634472279	1235634476430
29	1235634479846	1235634484243
29	1235634502825	1235634505333
29	1235635870415	1235635873222
29	1235665125073	1235665126673
29	1235671434074	1235671439043
30	1235634481268	1235634485149
30	1235634501165	1235634504109
30	1235635870995	1235635873710
30	1235671433156	1235671436685
31	1235664016639	1235664020031
31	1235664028387	1235664031690
31	1235664032610	1235664034468
31	1235664039214	1235664044615
31	1235664052709	1235664062928
31	1235664068391	1235664073530
31	1235664075320	1235664082325
31	1235664091739	1235664100471
31	1235664102217	1235664102551
31	1235664108829	1235664111309
31	1235664111738	1235664114369
31	1235664121058	1235664122776
31	1235664132139	1235664137728
31	1235664139159	1235664146699
31	1235664153500	1235664158570
31	1235664165725	1235664170619
31	1235664174002	1235664175339
31	1235664179946	1235664184099
31	1235664185540	1235664187219
31	1235664189662	1235664194374
31	1235664203455	1235664204651
31	1235664206667	1235664207811
31	1235664216071	1235664218629
31	1235664230686	1235664234234
31	1235664248559	1235664253139
31	1235664269689	1235664270822
31	1235664333762	1235664335886
31	1235664351055	1235664352130
31	1235664353580	1235664354902
31	1235664363121	1235664363392
31	1235664364141	1235664369307
31	1235664387515	1235664389659
31	1235664394350	1235664395715
31	1235664397248	1235664402966
31	1235664403412	1235664415202
31	1235664417369	1235664428143
31	1235664428344	1235664430619
31	1235664432967	1235664439918
31	1235664450519	1235664454019
31	1235664457467	1235664460921
31	1235664463120	1235664469119
31	1235664520812	1235664524353
31	1235664555830	1235664560427
31	1235664567651	1235664571250
31	1235664579748	1235664580402
31	1235664583562	1235664585772
31	1235664592826	1235664598850
31	1235664601099	1235664603901
31	1235664605080	1235664612801
31	1235664652142	1235664657879
31	1235664663429	1235664667760
31	1235664672461	1235664675503
31	1235664691042	1235664696543
31	1235664704829	1235664710619
31	1235664715841	1235664719580
31	1235664726273	1235664734063
31	1235664760423	1235664761889
31	1235664762194	1235664763838
31	1235664770036	1235664776585
31	1235664843398	1235664845203
31	1235664848433	1235664854623
31	1235664854904	1235664859969
31	1235664867211	1235664869575
31	1235664869843	1235664875008
31	1235664883868	1235664884885
31	1235664885144	1235664890521
31	1235664904544	1235664913972
31	1235664920905	1235664928414
31	1235664932653	1235664937294
31	1235664965941	1235664967537
31	1235664979546	1235664982269
31	1235665010401	1235665016449
31	1235665025263	1235665028158
31	1235665038050	1235665043310
31	1235665073304	1235665083613
31	1235665086282	1235665088389
31	1235665103253	1235665104223
31	1235665104513	1235665106710
31	1235665131460	1235665133809
31	1235665134787	1235665136701
31	1235665172565	1235665174220
31	1235665187300	1235665188219
31	1235665190271	1235665191218
31	1235665200529	1235665203616
31	1235665214589	1235665215540
31	1235665263789	1235665265593
31	1235665267121	1235665271345
31	1235665275219	1235665278202
31	1235665286970	1235665287763
31	1235665324380	1235665326318
31	1235665330028	1235665338308
31	1235665394193	1235665399209
31	1235665404447	1235665413278
31	1235665416710	1235665419309
31	1235665425510	1235665426355
31	1235665498653	1235665500499
31	1235665501951	1235665503492
31	1235665579805	1235665584259
31	1235665591463	1235665595189
31	1235665596658	1235665599217
31	1235665605691	1235665608271
31	1235665615225	1235665616720
31	1235665623240	1235665627717
31	1235665630307	1235665633489
31	1235665636212	1235665639949
31	1235665726562	1235665733808
31	1235665736382	1235665741209
31	1235665741721	1235665751788
31	1235665771790	1235665777666
31	1235665778641	1235665780518
31	1235665789581	1235665791090
31	1235665796227	1235665798160
31	1235665804394	1235665805675
31	1235665886658	1235665888401
31	1235665910609	1235665911721
31	1235665927049	1235665928453
31	1235665938572	1235665940793
31	1235665945062	1235665947304
31	1235665951374	1235665955470
31	1235665977889	1235665979523
31	1235665983930	1235665985389
31	1235665986600	1235665989449
31	1235665995908	1235665997709
31	1235665999292	1235666001099
31	1235666018786	1235666021717
31	1235666028620	1235666031118
31	1235666031392	1235666033310
31	1235666072822	1235666078415
31	1235666088587	1235666093250
31	1235666112783	1235666115349
31	1235666123270	1235666127274
31	1235666142203	1235666144216
31	1235666207582	1235666208893
31	1235666211475	1235666212788
31	1235666223270	1235666226190
31	1235666311031	1235666313282
31	1235666326558	1235666329497
31	1235666352999	1235666355354
31	1235666358379	1235666360240
31	1235666407609	1235666409601
31	1235666411133	1235666415897
31	1235666436339	1235666439509
31	1235666440059	1235666446100
31	1235666484568	1235666486227
31	1235666486544	1235666488599
31	1235666490561	1235666494090
31	1235666494721	1235666496329
31	1235666549003	1235666551405
31	1235666554850	1235666557407
31	1235666576944	1235666578221
31	1235666587221	1235666589134
31	1235666590401	1235666594676
31	1235666594976	1235666596251
31	1235666620829	1235666624574
31	1235666632151	1235666636992
31	1235666639059	1235666642699
31	1235666650204	1235666651561
31	1235666655045	1235666659829
31	1235666660121	1235666661178
31	1235666662764	1235666665249
31	1235666674215	1235666675720
31	1235666692260	1235666706289
31	1235666708637	1235666724045
31	1235666728589	1235666735313
31	1235666735843	1235666738008
31	1235666747498	1235666751762
31	1235666753299	1235666756951
31	1235666771177	1235666773377
31	1235666774261	1235666797602
31	1235666800339	1235666803895
31	1235666809863	1235666811048
31	1235666814166	1235666819970
31	1235666831715	1235666834345
31	1235666841878	1235666846499
31	1235666867849	1235666868836
31	1235666879272	1235666881311
31	1235666907899	1235666910002
31	1235666921950	1235666925701
31	1235666926518	1235666930539
31	1235666940661	1235666943112
31	1235666952042	1235666955620
31	1235666970791	1235666972312
31	1235666976969	1235666978922
31	1235666986318	1235666987521
31	1235666988872	1235666999626
31	1235667015492	1235667020891
31	1235667026615	1235667030717
31	1235667035335	1235667036290
31	1235667042300	1235667047718
31	1235667054780	1235667056487
31	1235667057475	1235667059869
31	1235667060145	1235667062239
31	1235667069419	1235667071331
31	1235667073254	1235667075428
31	1235667083289	1235667086417
31	1235667087473	1235667090291
31	1235667092634	1235667099490
31	1235667103491	1235667110857
31	1235667116880	1235667119328
31	1235671927298	1235671941792
31	1235671942065	1235671945541
31	1235671946051	1235671950252
31	1235671953828	1235671956725
31	1235671965792	1235671969825
31	1235671971093	1235671972930
31	1235671979167	1235671983272
31	1235671983545	1235671986260
31	1235671989717	1235671993424
31	1235672004683	1235672010308
31	1235672010604	1235672017807
31	1235672019345	1235672022176
31	1235672022442	1235672026580
31	1235672026835	1235672033219
31	1235672034848	1235672038639
31	1235672041171	1235672045206
31	1235672046488	1235672047344
31	1235672049595	1235672056769
31	1235672067307	1235672070249
31	1235672071421	1235672077892
31	1235672080045	1235672082289
31	1235672083880	1235672088400
31	1235672104944	1235672107679
31	1235672109213	1235672112304
31	1235672115192	1235672118242
31	1235672126139	1235672127969
31	1235672130192	1235672132218
31	1235672133689	1235672134395
31	1235672157263	1235672163411
31	1235672165305	1235672166853
31	1235672169329	1235672190299
31	1235672191541	1235672197772
31	1235672199295	1235672199841
31	1235672200602	1235672202371
31	1235672209717	1235672211404
31	1235672211664	1235672214272
31	1235672227833	1235672229199
31	1235672230455	1235672231900
31	1235672234918	1235672237308
31	1235672248202	1235672258093
31	1235672261118	1235672263436
31	1235672275278	1235672282731
31	1235672300600	1235672305225
31	1235672323269	1235672327879
31	1235672353342	1235672365791
31	1235672366081	1235672374137
31	1235672377309	1235672380969
31	1235672383199	1235672386225
31	1235672387391	1235672394233
31	1235672396199	1235672398289
31	1235672420740	1235672423790
31	1235672431222	1235672436199
31	1235672437489	1235672440893
31	1235672480735	1235672482370
31	1235672483309	1235672486725
31	1235672535099	1235672537218
31	1235672552889	1235672556056
31	1235672557089	1235672561218
31	1235672570384	1235672573773
31	1235672597383	1235672600259
31	1235672603170	1235672606329
31	1235672606854	1235672615739
31	1235672645255	1235672680269
31	1235672681998	1235672699750
31	1235672700470	1235672714266
31	1235672718349	1235672723291
31	1235672737059	1235672742190
31	1235672750619	1235672759254
31	1235672760385	1235672771192
31	1235672790583	1235672796007
31	1235672798200	1235672801566
31	1235672802840	1235672805609
31	1235672808949	1235672811334
31	1235672811780	1235672813217
31	1235672815040	1235672820252
31	1235672822212	1235672848367
31	1235672871661	1235672880248
31	1235672889308	1235672890529
31	1235672890831	1235672892563
31	1235672895150	1235672897189
31	1235672897461	1235672901722
31	1235672914221	1235672920285
31	1235672925650	1235672930313
31	1235672933336	1235672934489
31	1235672940259	1235672947929
31	1235672950802	1235672952950
31	1235672955902	1235672958489
31	1235672961360	1235672967983
31	1235672968244	1235672970639
31	1235672971982	1235672976305
31	1235672986289	1235672988100
31	1235672991620	1235672992952
31	1235673001082	1235673006221
31	1235673010440	1235673014210
31	1235673024170	1235673025748
31	1235673028769	1235673031687
31	1235673033419	1235673037950
31	1235673041119	1235673045256
31	1235673046779	1235673048299
31	1235673057278	1235673061485
31	1235673065099	1235673067281
31	1235673069291	1235673070394
31	1235673070977	1235673072060
31	1235673072582	1235673077242
31	1235673085562	1235673087189
31	1235673087473	1235673094439
31	1235673099303	1235673102400
31	1235673108170	1235673109437
31	1235673114201	1235673123670
31	1235673129540	1235673131019
31	1235673142975	1235673145135
31	1235673153319	1235673157209
31	1235673158961	1235673163349
31	1235673166270	1235673172340
31	1235673175263	1235673176343
31	1235673176632	1235673181213
31	1235673181692	1235673184276
31	1235673239889	1235673245001
31	1235673260999	1235673262229
31	1235673265929	1235673268220
31	1235673270212	1235673276251
31	1235673288364	1235673295208
31	1235673297045	1235673298934
31	1235673300092	1235673301639
31	1235673377671	1235673385660
31	1235673388417	1235673391370
31	1235673394338	1235673395062
31	1235673410646	1235673450192
31	1235673495743	1235673507312
31	1235673518850	1235673522368
31	1235673528464	1235673533160
31	1235673542161	1235673546859
31	1235673570059	1235673575330
31	1235673578297	1235673579470
31	1235673594839	1235673599749
31	1235673605185	1235673606748
31	1235673608279	1235673612852
31	1235673617269	1235673621169
31	1235673630680	1235673637290
31	1235673638483	1235673639564
31	1235673653585	1235673657096
31	1235673669832	1235673671424
31	1235673698258	1235673699311
31	1235673708219	1235673710459
31	1235673717940	1235673721089
31	1235673732281	1235673733517
31	1235673735140	1235673737163
31	1235673926402	1235673927662
31	1235673974176	1235673975868
31	1235673993282	1235673995219
31	1235674000149	1235674001430
31	1235674001712	1235674004305
31	1235674060539	1235674061469
31	1235674076219	1235674078351
31	1235674147349	1235674150217
31	1235674234555	1235674237250
31	1235674246252	1235674247735
31	1235674248144	1235674251301
31	1235674341840	1235674344011
31	1235674459237	1235674466290
31	1235674472889	1235674483076
31	1235674517362	1235674523390
31	1235674542464	1235674544240
31	1235674556732	1235674559120
31	1235674610185	1235674613254
31	1235674613667	1235674617559
31	1235674619269	1235674621139
31	1235674642360	1235674646241
31	1235674654619	1235674657640
31	1235674659232	1235674668213
31	1235674675879	1235674680215
31	1235674843388	1235674844330
31	1235674845456	1235674847207
31	1235675123143	1235675125869
31	1235675143370	1235675144922
31	1235675191299	1235675192142
31	1235675192572	1235675194515
31	1235675240219	1235675243329
31	1235675471242	1235675472810
31	1235675489329	1235675489625
31	1235675494309	1235675496091
31	1235675632392	1235675636271
31	1235675649967	1235675651061
31	1235675651343	1235675656710
31	1235675679209	1235675680630
31	1235675734701	1235675736639
31	1235675761071	1235675767709
31	1235675840741	1235675842312
31	1235675980509	1235675983369
31	1235676026540	1235676032359
31	1235676085475	1235676088447
31	1235676100262	1235676109330
31	1235676110651	1235676112244
31	1235676121939	1235676124235
31	1235676161606	1235676163157
31	1235676200263	1235676202120
31	1235676204139	1235676208300
31	1235676224389	1235676226007
31	1235676227140	1235676231319
31	1235676386210	1235676387679
31	1235676714473	1235676715062
31	1235676752790	1235676757255
31	1235676788281	1235676791472
31	1235676812718	1235676821429
31	1235676827732	1235676829387
31	1235676849130	1235676850902
31	1235676857670	1235676859742
31	1235676881796	1235676884971
31	1235676889999	1235676892311
31	1235676899002	1235676904905
31	1235676929913	1235676932610
31	1235676934389	1235676944582
31	1235676945222	1235676946753
31	1235676947146	1235676973340
31	1235676986997	1235676991290
31	1235677016742	1235677022441
31	1235677025740	1235677030894
31	1235677060318	1235677061960
31	1235677080984	1235677085809
31	1235677119919	1235677121279
31	1235677125700	1235677130921
31	1235677134913	1235677136809
31	1235677443597	1235677444972
31	1235677530248	1235677531227
31	1235677552519	1235677557619
31	1235677609973	1235677612074
31	1235677626249	1235677627720
31	1235677752464	1235677755321
31	1235677805441	1235677814969
31	1235677837922	1235677852139
31	1235677861285	1235677862930
31	1235677986162	1235677987328
31	1235677988403	1235677991299
31	1235677991602	1235677992622
31	1235677994270	1235677995093
31	1235678031631	1235678034311
31	1235678036862	1235678046559
31	1235678086234	1235678088260
31	1235678090335	1235678095279
31	1235678109039	1235678114192
31	1235678158034	1235678159220
31	1235678170339	1235678172213
31	1235678188029	1235678189299
31	1235678222523	1235678225212
31	1235678237808	1235678241240
31	1235678246745	1235678248379
31	1235678248971	1235678259211
31	1235678265210	1235678268683
31	1235678284440	1235678294236
31	1235678319231	1235678322251
31	1235678362569	1235678364579
31	1235678368909	1235678370189
31	1235678388333	1235678391241
31	1235678448879	1235678451272
31	1235678460219	1235678461869
31	1235678541212	1235678543099
31	1235678568154	1235678569390
31	1235678599079	1235678601200
31	1235678727448	1235678728889
31	1235678729272	1235678733217
31	1235678832260	1235678835520
31	1235678877097	1235678882319
31	1235678890223	1235678892681
31	1235678900222	1235678903344
31	1235678903738	1235678906326
31	1235678909134	1235678909753
31	1235678910147	1235678912620
31	1235678915653	1235678916808
31	1235678929214	1235678938218
31	1235678949471	1235678952600
31	1235679053343	1235679056347
31	1235679081781	1235679083305
31	1235679101322	1235679101609
31	1235679186272	1235679189205
31	1235679206078	1235679207690
31	1235679274726	1235679278154
31	1235679291965	1235679294356
31	1235679310159	1235679312347
31	1235679369521	1235679371090
31	1235679396151	1235679397825
31	1235679409208	1235679414629
31	1235679423839	1235679431019
31	1235679461251	1235679463322
31	1235679521900	1235679523270
31	1235679566936	1235679568896
31	1235679569736	1235679571245
31	1235679574268	1235679577391
31	1235679577928	1235679580819
31	1235679602690	1235679604456
31	1235679618110	1235679625809
31	1235679719573	1235679724298
31	1235679743841	1235679772161
31	1235679780814	1235679785266
31	1235679794203	1235679797279
31	1235679803266	1235679812362
31	1235679824701	1235679830572
31	1235679831619	1235679834787
31	1235679839186	1235679842627
31	1235679863226	1235679864969
31	1235679866267	1235679866899
31	1235679872290	1235679874045
31	1235679875197	1235679875832
31	1235679880186	1235679886167
31	1235679887606	1235679888686
31	1235679890621	1235679899476
31	1235679939239	1235679944360
31	1235679962752	1235679963819
31	1235680001279	1235680004117
31	1235680005108	1235680007307
31	1235680040331	1235680041301
31	1235680046355	1235680048171
31	1235680049434	1235680052977
31	1235680068390	1235680071329
31	1235680082122	1235680090175
31	1235680107668	1235680110248
31	1235680113310	1235680114206
31	1235680116059	1235680120236
31	1235680125099	1235680128286
31	1235680128918	1235680140376
31	1235680140668	1235680146876
31	1235680182617	1235680193298
31	1235680194364	1235680197579
31	1235680209566	1235680212994
31	1235680243747	1235680245297
31	1235680261136	1235680263298
31	1235680263754	1235680275916
31	1235680276629	1235680279035
31	1235680279424	1235680283291
31	1235680288106	1235680290283
31	1235680294296	1235680296808
31	1235680302242	1235680306416
31	1235680308205	1235680310166
31	1235680323437	1235680324790
31	1235680341902	1235680342819
31	1235680368082	1235680369543
31	1235680370573	1235680372316
31	1235680382992	1235680385827
31	1235680387266	1235680387657
31	1235680388828	1235680392002
31	1235680392325	1235680395310
31	1235680400516	1235680405325
31	1235680444772	1235680445771
31	1235680454129	1235680457856
31	1235680472621	1235680474326
31	1235680480058	1235680481186
31	1235680481919	1235680483457
31	1235680489574	1235680501647
31	1235680504578	1235680510317
31	1235680514297	1235680516856
31	1235680528127	1235680539096
31	1235680540422	1235680542073
31	1235680550699	1235680552675
31	1235680554075	1235680558940
31	1235680561576	1235680564268
31	1235680573357	1235680579325
31	1235680580299	1235680583596
31	1235680585358	1235680588319
31	1235680589816	1235680592229
31	1235680622237	1235680627330
31	1235680648712	1235680651305
31	1235680687011	1235680692283
31	1235680692668	1235680694757
31	1235680706517	1235680707998
31	1235680709266	1235680710228
31	1235680713042	1235680718206
31	1235680723057	1235680728167
31	1235680747156	1235680751208
31	1235680775247	1235680776705
31	1235680791188	1235680793885
31	1235680794333	1235680797378
31	1235680802377	1235680815717
31	1235680823192	1235680824466
31	1235680828377	1235680829988
31	1235680832231	1235680833270
31	1235680868376	1235680869864
31	1235680872497	1235680876077
31	1235680886230	1235680887707
31	1235680887990	1235680892806
31	1235680908326	1235680910862
31	1235680940213	1235680945097
31	1235680976279	1235680977667
31	1235680986319	1235680989256
31	1235681013299	1235681013918
31	1235681016086	1235681017367
31	1235681019326	1235681021166
31	1235681022482	1235681025849
31	1235681034402	1235681039328
31	1235681041120	1235681043221
31	1235681053957	1235681055494
31	1235681058245	1235681059936
31	1235681061326	1235681065483
31	1235681068566	1235681070648
31	1235681076747	1235681081343
31	1235681082757	1235681086957
31	1235681088267	1235681090182
31	1235681100656	1235681104247
31	1235681105190	1235681107549
31	1235681115230	1235681116780
31	1235681120266	1235681125997
31	1235681133497	1235681141171
31	1235681154119	1235681158509
31	1235681201313	1235681203032
31	1235681236537	1235681241335
31	1235681242919	1235681244606
31	1235681251907	1235681256515
31	1235681260241	1235681263290
31	1235681264446	1235681267837
31	1235681287371	1235681294690
31	1235681303861	1235681308766
31	1235681309105	1235681310049
31	1235681311321	1235681314326
31	1235681317911	1235681323308
31	1235681464491	1235681468546
31	1235681485306	1235681487001
31	1235681516756	1235681518688
31	1235681608441	1235681609579
31	1235681680037	1235681682107
31	1235681682399	1235681684057
31	1235681690169	1235681691767
31	1235681696141	1235681697747
31	1235681714207	1235681715167
31	1235681717221	1235681721630
31	1235681762286	1235681763349
31	1235681781075	1235681783848
31	1235681799226	1235681802668
31	1235681825187	1235681825578
31	1235681988719	1235681991146
31	1235682045496	1235682054479
31	1235682060306	1235682075312
31	1235682127315	1235682131290
31	1235682132380	1235682133747
31	1235682148178	1235682149272
31	1235682150414	1235682153127
31	1235682166244	1235682167473
31	1235682169251	1235682173486
31	1235682192251	1235682201286
31	1235682202439	1235682206136
31	1235682208235	1235682209709
31	1235682248376	1235682250324
31	1235682251031	1235682255037
31	1235682259246	1235682262904
31	1235682268448	1235682270072
31	1235682286647	1235682289349
31	1235682290626	1235682293936
31	1235682295256	1235682296795
31	1235682344527	1235682348153
31	1235682636917	1235682638948
31	1235682741027	1235682743273
31	1235682753389	1235682755187
31	1235682792726	1235682793785
31	1235682895416	1235682897271
31	1235683140229	1235683141747
31	1235683327618	1235683331650
31	1235683333707	1235683336232
31	1235683345271	1235683346897
31	1235683347299	1235683349296
31	1235683372078	1235683374009
31	1235683374538	1235683376406
31	1235683416497	1235683418169
31	1235683424358	1235683425446
31	1235683499449	1235683503057
31	1235683551807	1235683559763
31	1235683563272	1235683571255
31	1235683572949	1235683575137
31	1235683575789	1235683577256
31	1235683634758	1235683635799
31	1235683749528	1235683750916
31	1235683752352	1235683754207
31	1235683755525	1235683756120
31	1235683782327	1235683783717
31	1235683784028	1235683786549
31	1235683896684	1235683898303
31	1235683899509	1235683900419
31	1235683922246	1235683924597
31	1235683956419	1235683956781
31	1235683975899	1235683979866
31	1235684031144	1235684032617
31	1235684078126	1235684080318
31	1235684137279	1235684139240
31	1235684162447	1235684162970
31	1235684194365	1235684195188
31	1235684198820	1235684200629
31	1235684200918	1235684203196
31	1235684204558	1235684207661
31	1235684291354	1235684292479
31	1235684293191	1235684294850
31	1235684344128	1235684345726
31	1235684358606	1235684362167
31	1235684409137	1235684413188
31	1235684423788	1235684427214
31	1235684477834	1235684486487
31	1235684491165	1235684492775
31	1235684494137	1235684495767
31	1235684496737	1235684498779
31	1235684514798	1235684519977
31	1235684547515	1235684549246
31	1235684572960	1235684574232
31	1235684641826	1235684643346
31	1235684676315	1235684677840
31	1235684679299	1235684682577
31	1235684836876	1235684838575
31	1235684855128	1235684857971
31	1235684966062	1235684968237
31	1235684983275	1235684984451
31	1235684995666	1235684998320
31	1235685061292	1235685062361
31	1235685063146	1235685065090
31	1235685086417	1235685087246
31	1235685130916	1235685131989
31	1235685134236	1235685139308
31	1235685161766	1235685163571
31	1235685192809	1235685198163
31	1235685206240	1235685206977
31	1235685210015	1235685212256
31	1235685218736	1235685222216
31	1235685243717	1235685245518
31	1235685258167	1235685263297
31	1235685264018	1235685270626
31	1235685282006	1235685284269
31	1235685293227	1235685293629
31	1235685300286	1235685302337
31	1235685332468	1235685334039
31	1235685350390	1235685354334
31	1235685356202	1235685361002
31	1235685413321	1235685416279
31	1235685516481	1235685519551
31	1235685526378	1235685532529
31	1235685553327	1235685558256
31	1235685678337	1235685685628
31	1235685690148	1235685696258
31	1235685698280	1235685700181
31	1235685771764	1235685776819
31	1235685781338	1235685784939
31	1235685793958	1235685796199
31	1235685826979	1235685830074
31	1235685883237	1235685887948
31	1235685895217	1235685895518
31	1235685898897	1235685901146
31	1235685907637	1235685910287
31	1235685914175	1235685916332
31	1235685919236	1235685921231
31	1235685926878	1235685928918
31	1235685943324	1235685944424
31	1235685955137	1235685958249
31	1235685980428	1235685982288
31	1235685991657	1235685995380
31	1235686014107	1235686015871
31	1235686037865	1235686042308
31	1235686051881	1235686055947
31	1235686058146	1235686066268
31	1235686073312	1235686074440
31	1235686096317	1235686097856
31	1235686112114	1235686114230
31	1235686114741	1235686118123
31	1235686123572	1235686126325
31	1235686126611	1235686127694
31	1235686143186	1235686151614
31	1235686193074	1235686196051
31	1235686196358	1235686204709
31	1235686545922	1235686553582
31	1235686565260	1235686566148
31	1235686613285	1235686614367
31	1235686653667	1235686655369
31	1235686699407	1235686702871
31	1235686714695	1235686720326
31	1235686753244	1235686757342
31	1235686828937	1235686829996
31	1235686864372	1235686868939
31	1235686887077	1235686888766
31	1235686903360	1235686906739
31	1235686912209	1235686913523
31	1235686976647	1235686979444
31	1235686992416	1235686994197
31	1235687045279	1235687046498
31	1235687099256	1235687099798
31	1235687100643	1235687102326
31	1235687105240	1235687106639
31	1235687111137	1235687118666
31	1235687153858	1235687156261
31	1235687165350	1235687166173
31	1235687166488	1235687168482
31	1235687228376	1235687231219
31	1235687258626	1235687265441
31	1235687271592	1235687276880
31	1235687308168	1235687313297
31	1235687328826	1235687333283
31	1235687394206	1235687394608
31	1235687397296	1235687398940
31	1235687406282	1235687409785
31	1235687472480	1235687478199
31	1235687602817	1235687604711
31	1235687706474	0
32	1235679412569	1235679415420
32	1235679422395	1235679426397
32	1235679622656	1235679626776
32	1235679634231	1235679636233
32	1235679637521	1235679638170
32	1235679640889	1235679643255
32	1235679716295	1235679719078
32	1235679808145	1235679812587
32	1235679821342	1235679823367
32	1235681292084	1235681296453
32	1235681300175	1235681305801
32	1235682052252	1235682054922
32	1235682055765	1235682061999
32	1235683558048	1235683563652
32	1235686445520	1235686447323
32	1235686448521	1235686451120
32	1235686469542	1235686474172
32	1235686497458	1235686502762
32	1235686523051	1235686527057
32	1235686538423	1235686545314
34	1235603418770	1235603420963
34	1235604355060	1235604355744
34	1235604480071	1235604481257
34	1235604787582	1235604789723
34	1235608399183	1235608401518
34	1235608402786	1235608410622
34	1235608709323	1235608714265
34	1235608714545	1235608717318
34	1235609765263	1235609773474
34	1235610292993	1235610295804
34	1235610316795	1235610319586
34	1235610733564	1235610736463
34	1235610826818	1235610836289
34	1235611090820	1235611099717
34	1235611989622	1235611990576
34	1235613643763	1235613646405
34	1235613900659	1235613902570
34	1235613903706	1235613905614
34	1235617080763	1235617083466
34	1235617943012	1235617947417
34	1235620856594	1235620858383
34	1235622213668	1235622214308
34	1235622237433	1235622241525
34	1235622272026	1235622275217
34	1235622841445	1235622841724
34	1235622844959	1235622847173
34	1235622847563	1235622849245
34	1235623210513	1235623211350
34	1235623270250	1235623273278
34	1235623373884	1235623377292
34	1235623378633	1235623379519
34	1235623379818	1235623393717
34	1235624944264	1235624948355
34	1235625655175	1235625657566
34	1235627357332	1235627366993
34	1235688399811	1235688402914
34	1235688589693	1235688618178
34	1235688619290	1235688624293
34	1235688625372	1235688631209
34	1235688631707	1235688644520
34	1235688697100	1235688700092
34	1235688712522	1235688715571
34	1235688767056	1235688769822
34	1235688848382	1235688849582
34	1235689072397	1235689074275
35	1235603446756	1235603450287
35	1235603564554	1235603567069
35	1235604355364	1235604358513
35	1235604481001	1235604483538
35	1235608401913	1235608405129
35	1235608405636	1235608408064
35	1235608408440	1235608410777
35	1235608416129	1235608416825
35	1235608707183	1235608715017
35	1235609762129	1235609764613
35	1235609767682	1235609774528
35	1235610203760	1235610210073
35	1235610288012	1235610300912
35	1235610314718	1235610318080
35	1235610828947	1235610830310
35	1235610832113	1235610836437
35	1235611082929	1235611085085
35	1235611091606	1235611093433
35	1235611094993	1235611100883
35	1235611183573	1235611185100
35	1235611647303	1235611652652
35	1235611749460	1235611751193
35	1235611987653	1235611992778
35	1235613043276	1235613047998
35	1235613642374	1235613649528
35	1235613801528	1235613814000
35	1235613896973	1235613900341
35	1235613900937	1235613908932
35	1235614987943	1235614998179
35	1235616229293	1235616235208
35	1235616940153	1235616944973
35	1235617078428	1235617084803
35	1235617596053	1235617600173
35	1235617940885	1235617946194
35	1235619315223	1235619321509
35	1235619323628	1235619327243
35	1235619437344	1235619438344
35	1235619454630	1235619456218
35	1235619878643	1235619880651
35	1235620850393	1235620865253
35	1235622190118	1235622195485
35	1235622198440	1235622203083
35	1235622211744	1235622214614
35	1235622235059	1235622241687
35	1235622270979	1235622274887
35	1235622835532	1235622837605
35	1235622838763	1235622852673
35	1235623205923	1235623216458
35	1235623220513	1235623226543
35	1235623261153	1235623274493
35	1235623294433	1235623300347
35	1235623303248	1235623306562
35	1235623345828	1235623348493
35	1235623348913	1235623352796
35	1235623361955	1235623367323
35	1235623369389	1235623378764
35	1235623381323	1235623382379
35	1235623397493	1235623400117
35	1235624939084	1235624948508
35	1235624999704	1235625002672
35	1235625615186	1235625622411
35	1235625654439	1235625655419
35	1235625657720	1235625662288
35	1235627115007	1235627128809
35	1235627156353	1235627160713
35	1235627196938	1235627205192
35	1235627216638	1235627229519
35	1235627250664	1235627256026
35	1235627294463	1235627305134
35	1235627316452	1235627326035
35	1235627353999	1235627357475
35	1235627361218	1235627367124
35	1235627452789	1235627460050
35	1235627506619	1235627509763
35	1235687715960	1235687720122
35	1235687736206	1235687742191
35	1235687751288	1235687755016
35	1235688387959	1235688391115
35	1235688401315	1235688405058
35	1235688438869	1235688441770
35	1235688576049	1235688578221
35	1235688580169	1235688581797
35	1235688583163	1235688586803
35	1235688587335	1235688596219
35	1235688596500	1235688598894
35	1235688638596	1235688640490
35	1235688644239	1235688646239
35	1235688706660	1235688709739
35	1235688710738	1235688712782
35	1235688848555	1235688849849
35	1235688881209	1235688882646
35	1235688924351	1235688926179
36	1235634482638	1235634505695
36	1235635871663	1235635874694
36	1235635875292	1235635877929
37	1235628746679	1235628758621
37	1235628773851	1235628791171
37	1235629634040	1235629637443
37	1235630404301	1235630418610
37	1235630435311	1235630439133
37	1235630451091	1235630547682
37	1235630621968	1235630628395
37	1235630695468	1235630707845
37	1235634474162	1235634482516
37	1235634503857	1235634514749
37	1235634517474	1235634518323
37	1235634519267	1235634526469
37	1235635861822	1235635871295
37	1235665125593	1235665127991
37	1235665142353	1235665145470
37	1235665290133	1235665298360
37	1235665298585	1235665304405
37	1235665311258	1235665333213
37	1235665333495	1235665341652
37	1235665343111	1235665350280
37	1235665351095	1235665353259
37	1235665354147	1235665356220
37	1235665357030	1235665367046
37	1235665377217	1235665380281
37	1235665946968	1235665951021
37	1235665970748	1235665973247
37	1235666415587	1235666416244
37	1235666439868	1235666442272
37	1235666449410	1235666455931
37	1235666458902	1235666464587
37	1235666467998	1235666470338
37	1235666472154	1235666527191
37	1235666545190	1235666548188
37	1235666548573	1235666549681
37	1235666551592	1235666557166
37	1235666557941	1235666563064
37	1235666570911	1235666587445
37	1235666596499	1235666597564
37	1235666598071	1235666600512
37	1235666740310	1235666751261
38	1235628748391	1235628764992
38	1235628770025	1235628791441
38	1235629504803	1235629540446
38	1235629552967	1235629558838
38	1235629574109	1235629603712
38	1235629616965	1235629656809
38	1235629660700	1235629679191
38	1235629689713	1235629694690
38	1235629699440	1235629723560
38	1235629734264	1235629736972
38	1235629823539	1235629827413
38	1235629835760	1235629840869
38	1235629844931	1235629892629
38	1235629904102	1235629907669
38	1235629909849	1235629913583
38	1235629937136	1235629940429
38	1235629957079	1235629968489
38	1235630033933	1235630042014
38	1235630069942	1235630074734
38	1235630084549	1235630096433
38	1235630100958	1235630105128
38	1235630113160	1235630122126
38	1235630129562	1235630131881
38	1235630140246	1235630147821
38	1235630197095	1235630205280
38	1235630236329	1235630242540
38	1235630256241	1235630260586
38	1235630264712	1235630276671
38	1235630301299	1235630310025
38	1235630318739	1235630322259
38	1235630332459	1235630404640
38	1235630408692	1235630412970
38	1235630418833	1235630422951
38	1235630432001	1235630443222
38	1235630448045	1235630466915
38	1235630471270	1235630506241
38	1235630511163	1235630519580
38	1235630523722	1235630531666
38	1235630534699	1235630614856
38	1235630624490	1235630653102
38	1235630656880	1235630664419
38	1235630670101	1235630679802
38	1235630684837	1235630705096
38	1235634476152	1235634476747
38	1235634478512	1235634481495
38	1235634505537	1235634506152
38	1235634508351	1235634517970
38	1235634518696	1235634529589
38	1235634618821	1235634627576
38	1235635587529	1235635602339
38	1235635678699	1235635681883
38	1235635705859	1235635710182
38	1235635719748	1235635733059
38	1235635735225	1235635737489
38	1235635743312	1235635746232
38	1235635746541	1235635773166
38	1235635774659	1235635783267
38	1235635807295	1235635814185
38	1235635820120	1235635821252
38	1235635825319	1235635834392
38	1235635835200	1235635840610
38	1235635842120	1235635843824
38	1235635856754	1235635868350
38	1235635868761	1235635870618
38	1235665126406	1235665136868
38	1235665141329	1235665144406
38	1235665285333	1235665293718
38	1235665338457	1235665342223
38	1235665343424	1235665348409
38	1235665350862	1235665360199
38	1235665362879	1235665366685
38	1235665374950	1235665380727
38	1235665835782	1235665855392
38	1235665859390	1235665932626
38	1235665940279	1235665998762
38	1235665999017	1235666045788
38	1235666072971	1235666120932
38	1235666126289	1235666151141
38	1235666152202	1235666160240
38	1235666160633	1235666166749
38	1235666168775	1235666209235
38	1235666210173	1235666227667
38	1235666228121	1235666239561
38	1235666241570	1235666247519
38	1235666249059	1235666293529
38	1235666293790	1235666295362
38	1235666295671	1235666299739
38	1235666301241	1235666302392
38	1235666304494	1235666338516
38	1235666340922	1235666349435
38	1235666353273	1235666370709
38	1235666373294	1235666410742
38	1235666411433	1235666428483
38	1235666430171	1235666434169
38	1235666436466	1235666456257
38	1235666461131	1235666467369
38	1235666467661	1235666471017
38	1235666481472	1235666485170
38	1235666486702	1235666488897
38	1235666496671	1235666499080
38	1235666501097	1235666515570
38	1235666518279	1235666527530
38	1235666527812	1235666532309
38	1235666533421	1235666534781
38	1235666537669	1235666558381
38	1235666558662	1235666572395
38	1235666572698	1235666581328
38	1235666582409	1235666624782
38	1235666626191	1235666708902
38	1235666721075	1235666749349
39	1235628758969	1235628765160
39	1235628770187	1235628774154
39	1235628782709	1235628791564
39	1235629412454	1235629419809
39	1235629446421	1235629460889
39	1235629484422	1235629496411
39	1235629501220	1235629504942
39	1235629536657	1235629540591
39	1235629544521	1235629547869
39	1235629553127	1235629555451
39	1235630660303	1235630664568
39	1235630667517	1235630684979
39	1235634526888	1235634530987
39	1235634561543	1235634563345
39	1235634613970	1235634621408
39	1235634622185	1235634626350
39	1235635506372	1235635585200
39	1235635588131	1235635591540
39	1235635596292	1235635615193
39	1235635677374	1235635680734
39	1235635707367	1235635710311
39	1235635716260	1235635723852
39	1235635780452	1235635787200
39	1235635796351	1235635801894
39	1235635805201	1235635808929
39	1235665134246	1235665139209
39	1235665139832	1235665143275
39	1235665365268	1235665377562
39	1235665378146	1235665384506
39	1235665384752	1235665389213
39	1235665755432	1235665756490
39	1235665756891	1235665762240
39	1235665765810	1235665766919
39	1235665789207	1235665792374
39	1235665807765	1235665814928
39	1235665815224	1235665818169
39	1235665825217	1235665841019
39	1235665929243	1235665934312
39	1235665934931	1235665941545
39	1235666367372	1235666379217
40	1235628765446	1235628774240
40	1235628806790	1235628830538
40	1235628833044	1235628836961
40	1235629548030	1235629553283
40	1235630660620	1235630674397
40	1235630679951	1235630688957
40	1235634544413	1235634544813
40	1235634560058	1235634563065
40	1235634564739	1235634565777
40	1235634607416	1235634618389
40	1235635611776	1235635617830
40	1235635673200	1235635680872
40	1235635797356	1235635802057
40	1235635804363	1235635808408
40	1235665135199	1235665142988
40	1235665370458	1235665390098
40	1235665827153	1235665832430
40	1235665931618	1235665943751
41	1235628764836	1235628774037
41	1235628786213	1235628795390
41	1235628806649	1235628809598
41	1235628826769	1235628830388
41	1235629536461	1235629547720
41	1235630660014	1235630674241
41	1235630679649	1235630684711
41	1235634527147	1235634538630
41	1235634544251	1235634548951
41	1235634555742	1235634559824
41	1235634560353	1235634562814
41	1235634564572	1235634570282
41	1235634608093	1235634618270
41	1235635611472	1235635623759
41	1235635624773	1235635626350
41	1235635672900	1235635681137
41	1235635797180	1235635802545
41	1235635804202	1235635808240
41	1235665135600	1235665142837
41	1235665370129	1235665377854
41	1235665379053	1235665390380
41	1235665392413	1235665393562
41	1235665931484	1235665941843
41	1235676803659	1235676814610
41	1235676815057	1235676819329
41	1235676829230	1235676830555
41	1235676833923	1235676836312
41	1235676838238	1235676840087
41	1235676841449	1235676850465
41	1235676851509	1235676858373
42	1235630704985	1235630710674
42	1235633327298	1235633329971
42	1235665124644	1235665125804
42	1235676798509	1235676800085
42	1235676898261	1235676899644
42	1235676899857	1235676901830
43	1235628740051	1235628748185
43	1235666750940	0
44	1235628740376	1235628743773
44	1235664632114	1235664637664
44	1235664836837	1235664842964
44	1235664991680	1235664998331
44	1235665004929	1235665007149
44	1235665016995	1235665019248
44	1235665021167	1235665023386
44	1235665059859	1235665064984
45	1235664651865	1235664664973
45	1235664719094	1235664721233
45	1235664728415	1235664733743
45	1235664750149	1235664753092
45	1235664764516	1235664769567
45	1235664776446	1235664781841
45	1235664782653	1235664786056
45	1235664787603	1235664789203
45	1235664812783	1235664814672
45	1235664815655	1235664817998
45	1235664830143	1235664830989
45	1235664832846	1235664835163
45	1235664835557	1235664842490
47	1235602910943	1235602915300
47	1235602918998	1235602923839
47	1235603242429	1235603245969
47	1235603557936	1235603561378
47	1235603567218	1235603569916
47	1235603570235	1235603576078
47	1235603740497	1235603746605
47	1235603792559	1235603795202
47	1235603805337	1235603812030
47	1235603977471	1235603981786
47	1235604089945	1235604099645
47	1235604147780	1235604153829
47	1235604264778	1235604267174
47	1235605016972	1235605019850
47	1235605402893	1235605406262
47	1235605719874	1235605721993
47	1235605751951	1235605756096
47	1235605786320	1235605797463
47	1235606473487	1235606475622
47	1235608825883	1235608838483
47	1235608839082	1235608840972
47	1235609511443	1235609519381
47	1235609798799	1235609801059
47	1235609825362	1235609829344
47	1235610069941	1235610070639
47	1235610071225	1235610073460
47	1235610154924	1235610160912
47	1235610434361	1235610435755
47	1235610542893	1235610554555
47	1235611210671	1235611212142
47	1235611565157	1235611569675
47	1235611987944	1235611989776
47	1235611992885	1235612001542
47	1235612706708	1235612711004
47	1235612767721	1235612771422
47	1235612771656	1235612777298
47	1235613316854	1235613321902
47	1235613566762	1235613568850
47	1235613820028	1235613820336
47	1235614600327	1235614603694
47	1235614631954	1235614637647
47	1235614638567	1235614643432
47	1235614872018	1235614872987
47	1235615475384	1235615478078
47	1235615479308	1235615481051
47	1235616405996	1235616408593
47	1235617016402	1235617022783
47	1235617025239	1235617029473
47	1235619348671	1235619354423
47	1235619356462	1235619358222
47	1235620610366	1235620617652
47	1235620618030	1235620620355
47	1235621297835	1235621301163
47	1235621302333	1235621303976
47	1235621304246	1235621310189
47	1235622692581	1235622695302
47	1235622712165	1235622719472
47	1235623055131	1235623060016
47	1235623156810	1235623157063
47	1235623234319	1235623234595
47	1235623536105	1235623537688
47	1235623544741	1235623546958
47	1235623729311	1235623731670
47	1235623733264	1235623741013
47	1235624381742	1235624392054
47	1235624412425	1235624417864
47	1235625510531	1235625519459
47	1235625733391	1235625737993
47	1235625863865	1235625871962
47	1235627137692	1235627151314
47	1235627280208	1235627284802
47	1235627524918	1235627528233
47	1235627671972	1235627675776
47	1235627816797	1235627825111
47	1235627896122	1235627902289
47	1235628578942	1235628586285
47	1235682608428	1235682614519
47	1235683654029	1235683657249
47	1235683674129	1235683680221
47	1235683683257	1235683684507
47	1235683876119	1235683878539
47	1235683976451	1235683978760
47	1235685841595	1235685847439
47	1235685853846	1235685856471
47	1235685858214	1235685860220
47	1235686190464	1235686192474
47	1235686480327	1235686482010
47	1235686616424	1235686621267
47	1235686925969	1235686929030
47	1235686961592	1235686963346
47	1235687264992	1235687267069
47	1235687616767	1235687619170
47	1235687619557	1235687625600
47	1235688264248	1235688272195
47	1235689087958	1235689099192
48	1235602911117	1235602919163
48	1235603567515	1235603576347
48	1235603737809	1235603744944
48	1235604084338	1235604089661
48	1235604093887	1235604096489
48	1235604267306	1235604268407
48	1235604871818	1235604873434
48	1235605014731	1235605019970
48	1235605720173	1235605721751
48	1235605784506	1235605785029
48	1235605786022	1235605803270
48	1235606463593	1235606475811
48	1235606710473	1235606713417
48	1235608822603	1235608840474
48	1235609503751	1235609508925
48	1235609510686	1235609521211
48	1235609824630	1235609831265
48	1235610072865	1235610074300
48	1235610155052	1235610157574
48	1235610432521	1235610433201
48	1235610434498	1235610438807
48	1235610538892	1235610554273
48	1235611198782	1235611216172
48	1235611565443	1235611569844
48	1235611985463	1235611990120
48	1235611990840	1235612003205
48	1235612706284	1235612712032
48	1235612759438	1235612764869
48	1235612765899	1235612773670
48	1235613310678	1235613313808
48	1235613317030	1235613326278
48	1235613566425	1235613570202
48	1235613810332	1235613820137
48	1235614329710	1235614331178
48	1235614634873	1235614646329
48	1235614872189	1235614873193
48	1235615474942	1235615483241
48	1235616403338	1235616408722
48	1235617014139	1235617028803
48	1235619347759	1235619353318
48	1235620609412	1235620621540
48	1235621296648	1235621299418
48	1235621300416	1235621303292
48	1235621899977	1235621902538
48	1235622175608	1235622178817
48	1235622687297	1235622689798
48	1235622691077	1235622695464
48	1235622711511	1235622716928
48	1235623729608	1235623732331
48	1235624382009	1235624392180
48	1235624412565	1235624414777
48	1235625726151	1235625755742
48	1235625860789	1235625874108
48	1235627137995	1235627146748
48	1235627817072	1235627825258
48	1235627896266	1235627902451
48	1235682605938	1235682617206
48	1235682932127	1235682936078
48	1235682954307	1235682955557
48	1235682957938	1235682960180
48	1235683042498	1235683047147
48	1235683047763	1235683050245
48	1235683175166	1235683177524
48	1235683250148	1235683255575
48	1235683322935	1235683327225
48	1235683356124	1235683358195
48	1235683638564	1235683643196
48	1235683652277	1235683659957
48	1235683665149	1235683668848
48	1235683671509	1235683681306
48	1235683876827	1235683878683
48	1235683975446	1235683981330
48	1235685838377	1235685840234
48	1235685841186	1235685847819
48	1235685854128	1235685856573
48	1235685861050	1235685862726
48	1235685907195	1235685908637
48	1235686190964	1235686192757
48	1235686616730	1235686623736
48	1235687614666	1235687627230
48	1235688258816	1235688272334
48	1235689086870	1235689095775
50	1235628735427	1235628743645
50	1235633330285	0
51	1235631740197	1235631749575
51	1235631759291	1235631764203
51	1235631929592	1235631932922
51	1235632016691	1235632027926
51	1235632880151	1235632889909
51	1235632979785	1235632983638
51	1235633181945	1235633184250
51	1235637204586	1235637207994
51	1235638534363	1235638539301
51	1235647311741	1235647319234
51	1235647324853	1235647333675
51	1235648808000	1235648815905
51	1235649143116	1235649148345
51	1235671559233	1235671562291
51	1235671562598	1235671565221
51	1235671567256	1235671570271
