433 1159637163304 1159637164331 
433 1159637164874 1159637165894 
433 1159637167108 1159637168133 
433 1159637170276 1159637171297 
433 1159637173742 1159637174763 
433 1159637175419 1159637176449 
432 1159637731719 1159637732747 
432 1159637733347 1159637734373 
361 1159637734395 1159637735403 
361 1159637735958 1159637736985 
361 1159638194393 1159638195415 
361 1159638196211 1159638197234 
361 1159638201006 1159638202025 
361 1159638202455 1159638203477 
432 1159638204352 1159638205380 
387 1159638206894 1159638207925 
385 1159638207890 1159638208919 
393 1159638209430 1159638210454 
385 1159638209507 1159638210535 
393 1159638211100 1159638212097 
432 1159638212627 1159638213657 
361 1159638212602 1159638213602 
432 1159638214450 1159638215477 
388 1159638214399 1159638215421 
386 1159638217762 1159638218788 
432 1159638225881 1159638226904 
393 1159638228720 1159638229749 
393 1159638230655 1159638231682 
385 1159638230659 1159638231677 
432 1159638231104 1159638232131 
361 1159638231016 1159638232031 
386 1159638231904 1159638232929 
432 1159638232820 1159638233852 
387 1159638233848 1159638234877 
385 1159638235045 1159638236071 
385 1159638236804 1159638237829 
393 1159638236933 1159638237958 
393 1159638238611 1159638239639 
393 1159638240189 1159638241219 
385 1159638239922 1159638240947 
388 1159638242131 1159638243159 
393 1159638242654 1159638243675 
388 1159638243846 1159638244875 
388 1159638246836 1159638247867 
388 1159638248287 1159638249315 
386 1159638250161 1159638251185 
385 1159638251709 1159638252733 
393 1159638253639 1159638254668 
385 1159638253723 1159638254750 
393 1159638255527 1159638256550 
386 1159638271021 1159638272052 
385 1159638271859 1159638272890 
386 1159638272623 1159638273648 
385 1159638273372 1159638274396 
393 1159638274102 1159638275097 
385 1159638274795 1159638275816 
393 1159638275686 1159638276712 
385 1159638278448 1159638279474 
393 1159638278923 1159638279949 
386 1159638279590 1159638280618 
385 1159638280335 1159638281352 
386 1159638281105 1159638282099 
386 1159638287422 1159638288447 
386 1159638289049 1159638290079 
385 1159638288616 1159638289643 
393 1159638290789 1159638291817 
393 1159638292644 1159638293669 
393 1159638295228 1159638296252 
393 1159638297584 1159638298609 
393 1159638687744 1159638688773 
393 1159638690200 1159638691231 
385 1159638690387 1159638691418 
393 1159638692835 1159638693858 
385 1159638692939 1159638693964 
393 1159638694568 1159638695597 
385 1159638694617 1159638695637 
393 1159638696340 1159638697370 
393 1159638697864 1159638698891 
393 1159638703160 1159638704181 
393 1159638706109 1159638707134 
393 1159638708311 1159638709328 
393 1159638728689 1159638729716 
393 1159638730596 1159638731625 
385 1159638730913 1159638731937 
385 1159638732508 1159638733534 
387 1159638732685 1159638733716 
432 1159638734896 1159638735920 
432 1159638736604 1159638737626 
361 1159638737774 1159638738782 
361 1159638740139 1159638741162 
361 1159638742899 1159638743917 
361 1159638744474 1159638745491 
361 1159638747584 1159638748611 
432 1159638752747 1159638753776 
432 1159638755388 1159638756418 
388 1159638754931 1159638755953 
432 1159638757100 1159638758095 
385 1159638757710 1159638758738 
393 1159638759434 1159638760460 
385 1159638759549 1159638760570 
393 1159638761034 1159638762062 
393 1159638785533 1159638786561 
393 1159638787569 1159638788594 
385 1159638787973 1159638789002 
393 1159638789236 1159638790267 
385 1159638789553 1159638790575 
393 1159638791225 1159638792256 
386 1159638790792 1159638791821 
385 1159638792405 1159638793431 
386 1159638793315 1159638794336 
385 1159638794731 1159638795762 
388 1159638794993 1159638796024 
432 1159638796344 1159638797375 
386 1159638795987 1159638797018 
388 1159638796859 1159638797890 
432 1159638797892 1159638798918 
432 1159638799617 1159638800648 
432 1159638802067 1159638803099 
432 1159638803774 1159638804798 
432 1159638806607 1159638807635 
361 1159638806314 1159638807342 
432 1159638808266 1159638809294 
361 1159638808493 1159638809514 
393 1159638810437 1159638811454 
432 1159638810457 1159638811484 
361 1159638810967 1159638811967 
385 1159638812194 1159638813220 
393 1159638813170 1159638814192 
432 1159638813688 1159638814715 
387 1159638813566 1159638814591 
385 1159638814188 1159638815210 
393 1159638815218 1159638816239 
385 1159638815672 1159638816699 
432 1159638815914 1159638816940 
387 1159638816100 1159638817124 
361 1159638816759 1159638817759 
385 1159638817195 1159638818217 
387 1159638817735 1159638818764 
432 1159638818912 1159638819946 
363 1159638818568 1159638819568 
360 1159638820646 1159638821670 
432 1159638821815 1159638822842 
360 1159638822933 1159638823959 
432 1159638823847 1159638824878 
360 1159638825646 1159638826677 
432 1159638825928 1159638826954 
361 1159638825286 1159638826307 
388 1159638826967 1159638827988 
432 1159638827483 1159638828510 
387 1159638828144 1159638829172 
432 1159638829337 1159638830362 
361 1159638829266 1159638830292 
385 1159638829048 1159638830070 
360 1159638830871 1159638831896 
393 1159638830778 1159638831806 
432 1159638831594 1159638832623 
361 1159638830917 1159638831945 
393 1159638832925 1159638833952 
360 1159638833333 1159638834361 
432 1159638833455 1159638834485 
388 1159638834684 1159638835708 
387 1159638835500 1159638836527 
360 1159638836606 1159638837633 
432 1159638835751 1159638836777 
386 1159638836740 1159638837762 
360 1159638839022 1159638840053 
388 1159638839357 1159638840383 
386 1159638839100 1159638840093 
393 1159638839640 1159638840664 
360 1159638840449 1159638841477 
386 1159638840893 1159638841916 
385 1159638840384 1159638841415 
393 1159638841204 1159638842231 
432 1159638842149 1159638843180 
386 1159638842718 1159638843741 
387 1159638842580 1159638843602 
385 1159638842136 1159638843163 
432 1159638844576 1159638845603 
388 1159638844065 1159638845093 
385 1159638844420 1159638845447 
432 1159638846137 1159638847165 
385 1159638846325 1159638847350 
387 1159638847532 1159638848562 
361 1159638848626 1159638849649 
385 1159638848114 1159638849145 
432 1159638850825 1159638851847 
361 1159638850631 1159638851631 
387 1159638850013 1159638851039 
432 1159638852785 1159638853813 
387 1159638851982 1159638853008 
432 1159638854966 1159638855990 
361 1159638857029 1159638858057 
361 1159638858469 1159638859499 
361 1159638861314 1159638862344 
361 1159638863311 1159638864337 
386 1159638902854 1159638903879 
386 1159638953459 1159638954480 
361 1159638954299 1159638955319 
388 1159638954731 1159638955762 
388 1159638956901 1159638957929 
361 1159638956350 1159638957372 
386 1159638957060 1159638958087 
385 1159638958328 1159638959349 
387 1159638958945 1159638959975 
388 1159638959689 1159638960718 
432 1159638960466 1159638961497 
385 1159638960502 1159638961521 
432 1159638962169 1159638963200 
361 1159638962293 1159638963318 
361 1159638964702 1159638965734 
363 1159639282049 1159639283066 
432 1159639283514 1159639284541 
361 1159639284649 1159639285678 
361 1159639286247 1159639287273 
361 1159639288288 1159639289319 
361 1159639498678 1159639499702 
361 1159639500993 1159639502024 
361 1159639502709 1159639503730 
361 1159639504923 1159639505947 
361 1159639506373 1159639507397 
361 1159639509107 1159639510130 
361 1159639510804 1159639511823 
361 1159639718535 1159639719562 
432 1159639718884 1159639719910 
361 1159639720262 1159639721293 
432 1159639720848 1159639721874 
361 1159639722130 1159639723151 
387 1159639721895 1159639722922 
385 1159639722508 1159639723534 
393 1159639723975 1159639725000 
361 1159639724100 1159639725096 
385 1159639724167 1159639725194 
363 1159639724818 1159639725836 
393 1159639725553 1159639726576 
387 1159639726244 1159639727270 
432 1159639727287 1159639728315 
361 1159639727097 1159639728097 
387 1159639728322 1159639729351 
385 1159639727796 1159639728826 
393 1159639729610 1159639730638 
361 1159639729674 1159639730674 
385 1159639729432 1159639730453 
393 1159639731134 1159639732160 
393 1159639733542 1159639734558 
385 1159639735216 1159639736240 
393 1159639735982 1159639737011 
387 1159639736478 1159639737503 
385 1159639737534 1159639738555 
432 1159639738704 1159639739732 
387 1159639739751 1159639740774 
385 1159639739444 1159639740471 
432 1159639740817 1159639741844 
387 1159639742205 1159639743233 
432 1159639742338 1159639743368 
363 1159639742417 1159639743440 
363 1159639744151 1159639745180 
432 1159639744746 1159639745771 
361 1159639745371 1159639746387 
360 1159639746899 1159639747927 
432 1159639746823 1159639747850 
361 1159639747195 1159639748206 
360 1159639748667 1159639749693 
361 1159639748703 1159639749730 
360 1159639750295 1159639751321 
432 1159639749557 1159639750584 
360 1159639752211 1159639753240 
360 1159639754509 1159639755540 
360 1159639756329 1159639757357 
360 1159639758344 1159639759370 
360 1159639760651 1159639761678 
360 1159639763138 1159639764168 
359 1159639764434 1159639765457 
360 1159639768372 1159639769397 
360 1159639770419 1159639771447 
360 1159639772323 1159639773350 
363 1159639773406 1159639774428 
360 1159639774656 1159639775685 
363 1159639775371 1159639776391 
360 1159639776800 1159639777832 
363 1159639776863 1159639777880 
363 1159639778421 1159639779443 
360 1159639779055 1159639780086 
386 1159639850149 1159639851174 
388 1159639851265 1159639852292 
363 1159639852902 1159639853931 
360 1159639854256 1159639855286 
360 1159639856240 1159639857271 
360 1159639861109 1159639862139 
363 1159639862850 1159639863873 
387 1159639864127 1159639865154 
363 1159639864717 1159639865739 
387 1159639865849 1159639866881 
385 1159639865678 1159639866703 
393 1159639867391 1159639868417 
385 1159639867316 1159639868346 
393 1159639868995 1159639870009 
432 1159639906514 1159639907540 
361 1159639906102 1159639907097 
432 1159639908252 1159639909281 
388 1159639908455 1159639909455 
386 1159639910037 1159639911065 
363 1159639927967 1159639928984 
387 1159639927935 1159639928962 
432 1159639929161 1159639930188 
361 1159639929730 1159639930762 
432 1159639931005 1159639932030 
361 1159639931544 1159639932544 
432 1159639932967 1159639933995 
361 1159639939842 1159639940862 
361 1159639942958 1159639943965 
385 1159639945790 1159639946821 
387 1159639947135 1159639948163 
385 1159639947343 1159639948374 
363 1159639948605 1159639949605 
360 1159639949809 1159639950836 
360 1159639952172 1159639953203 
359 1159639952687 1159639953698 
359 1159639954505 1159639955505 
359 1159639972121 1159639973128 
359 1159639976101 1159639977101 
386 1159640006413 1159640007438 
388 1159640007492 1159640008513 
360 1159640010452 1159640011480 
360 1159640012013 1159640013040 
360 1159640014116 1159640015146 
360 1159640016101 1159640017098 
361 1159640020201 1159640021227 
433 1159640026740 1159640027767 
360 1159640028006 1159640029040 
433 1159640028662 1159640029691 
360 1159640030537 1159640031565 
433 1159640030605 1159640031623 
360 1159640032158 1159640033188 
363 1159640033779 1159640034791 
433 1159640034488 1159640035510 
387 1159640034687 1159640035713 
433 1159640036209 1159640037225 
363 1159640035817 1159640036841 
387 1159640036400 1159640037427 
433 1159640040874 1159640041900 
433 1159640042457 1159640043486 
361 1159640269345 1159640270371 
432 1159640271729 1159640272755 
361 1159640271420 1159640272441 
432 1159640273502 1159640274532 
361 1159640272960 1159640273981 
368 1159640273695 1159640274717 
432 1159640275607 1159640276633 
361 1159640275602 1159640276629 
368 1159640275896 1159640276924 
361 1159640277665 1159640278692 
432 1159640277795 1159640278823 
368 1159640277879 1159640278906 
360 1159640278673 1159640279704 
361 1159640279727 1159640280753 
368 1159640279569 1159640280592 
360 1159640280789 1159640281817 
432 1159640280135 1159640281167 
359 1159640280065 1159640281094 
360 1159640294152 1159640295184 
360 1159640296334 1159640297360 
360 1159640304029 1159640305056 
360 1159640306523 1159640307552 
363 1159640306021 1159640307046 
363 1159640307722 1159640308752 
360 1159640308233 1159640309260 
363 1159640309416 1159640310445 
363 1159640311783 1159640312790 
363 1159640313758 1159640314768 
393 1159641180352 1159641181369 
385 1159641181897 1159641182922 
387 1159641183100 1159641184098 
432 1159641185187 1159641186216 
432 1159641187100 1159641188099 
361 1159641187787 1159641188802 
361 1159641240683 1159641241701 
387 1159641243664 1159641244695 
385 1159641244651 1159641245678 
393 1159641246198 1159641247218 
385 1159641246166 1159641247197 
393 1159641247862 1159641248887 
360 1159641293236 1159641294264 
361 1159641294953 1159641295974 
361 1159641297447 1159641298453 
361 1159641541043 1159641542069 
361 1159641543203 1159641544233 
432 1159641545525 1159641546551 
361 1159641545165 1159641546181 
432 1159641547431 1159641548458 
361 1159641547106 1159641548099 
432 1159641549010 1159641550037 
361 1159641550273 1159641551290 
432 1159641551284 1159641552309 
361 1159641552235 1159641553252 
432 1159641552850 1159641553879 
361 1159641553792 1159641554813 
432 1159641555049 1159641556081 
432 1159641556790 1159641557818 
361 1159641556186 1159641557202 
361 1159641558019 1159641559044 
432 1159641560481 1159641561511 
361 1159641560020 1159641561042 
361 1159641565844 1159641566854 
432 1159641567413 1159641568444 
361 1159641568102 1159641569097 
432 1159641570195 1159641571219 
361 1159641570449 1159641571461 
361 1159641572247 1159641573267 
361 1159641574508 1159641575534 
361 1159641576329 1159641577340 
393 1159641801877 1159641802905 
385 1159641803711 1159641804733 
387 1159641805234 1159641806261 
360 1159641808534 1159641809562 
360 1159641810561 1159641811586 
360 1159641812507 1159641813536 
359 1159641813236 1159641814236 
360 1159641814325 1159641815352 
359 1159641828604 1159641829624 
368 1159641831220 1159641832246 
368 1159641833819 1159641834843 
368 1159641836515 1159641837538 
360 1159643081826 1159643082851 
360 1159643084164 1159643085192 
360 1159643085582 1159643086606 
363 1159643085701 1159643086714 
387 1159643086898 1159643087926 
360 1159643087038 1159643088060 
385 1159643088496 1159643089522 
393 1159643090062 1159643091084 
393 1159643601663 1159643602694 
385 1159643600672 1159643601697 
360 1159643873981 1159643875004 
363 1159643874898 1159643875898 
360 1159643876581 1159643877609 
432 1159643876736 1159643877764 
388 1159643877358 1159643878387 
363 1159643877874 1159643878881 
386 1159643878348 1159643879377 
387 1159643878661 1159643879688 
388 1159643879391 1159643880420 
386 1159643880154 1159643881181 
387 1159643880437 1159643881464 
385 1159643880026 1159643881043 
385 1159643881559 1159643882587 
393 1159643881818 1159643882840 
393 1159643883378 1159643884406 
385 1159643885649 1159643886676 
386 1159643887306 1159643888334 
360 1159643910007 1159643911034 
363 1159643911269 1159643912285 
360 1159643912370 1159643913398 
360 1159643914126 1159643915149 
432 1159643915633 1159643916660 
432 1159643917631 1159643918659 
368 1159643917338 1159643918364 
432 1159643919493 1159643920523 
388 1159643921610 1159643922635 
387 1159643922348 1159643923379 
388 1159643923955 1159643924985 
388 1159643925691 1159643926711 
386 1159643926212 1159643927242 
388 1159643927586 1159643928615 
385 1159643927103 1159643928098 
385 1159643928734 1159643929756 
385 1159643930908 1159643931935 
385 1159643932559 1159643933589 
386 1159643933910 1159643934937 
385 1159643933958 1159643934958 
386 1159643937228 1159643938257 
385 1159643936365 1159643937393 
360 1159643939985 1159643941006 
363 1159643939472 1159643940494 
386 1159643938987 1159643940008 
386 1159643941506 1159643942538 
386 1159643944705 1159643945730 
386 1159643946759 1159643947782 
385 1159643946242 1159643947268 
393 1159643947997 1159643949027 
393 1159643949851 1159643950878 
386 1159643949688 1159643950717 
386 1159643951553 1159643952580 
360 1159643952956 1159643953983 
360 1159643955275 1159643956305 
361 1159643958522 1159643959547 
360 1159643960941 1159643961965 
361 1159643960739 1159643961766 
360 1159643965295 1159643966321 
393 1159643966238 1159643967264 
363 1159643965681 1159643966703 
386 1159643967340 1159643968368 
393 1159643968069 1159643969094 
361 1159643968252 1159643969283 
385 1159643968288 1159643969297 
387 1159643969503 1159643970533 
432 1159643970071 1159643971098 
361 1159643969736 1159643970766 
363 1159643970633 1159643971654 
387 1159643971221 1159643972245 
360 1159643971999 1159643973023 
432 1159643972017 1159643973043 
388 1159643972892 1159643973915 
388 1159643974612 1159643975638 
386 1159643974877 1159643975906 
386 1159644000753 1159644001774 
388 1159644001568 1159644002592 
386 1159644002581 1159644003607 
388 1159644003869 1159644004898 
363 1159644004414 1159644005436 
387 1159644003875 1159644004904 
360 1159644005848 1159644006872 
432 1159644004870 1159644005897 
361 1159644007719 1159644008739 
360 1159644017395 1159644018425 
386 1159644027104 1159644028099 
386 1159644028738 1159644029768 
387 1159644029309 1159644030334 
360 1159644032010 1159644033041 
363 1159644031039 1159644032063 
432 1159644957434 1159644958459 
361 1159644956815 1159644957837 
388 1159644959955 1159644960971 
386 1159644960663 1159644961690 
386 1159645035852 1159645036879 
385 1159645037063 1159645038094 
393 1159645038437 1159645039467 
393 1159645066001 1159645067028 
385 1159645067552 1159645068579 
387 1159645068622 1159645069648 
432 1159645070505 1159645071531 
432 1159645072291 1159645073314 
361 1159645073808 1159645074832 
363 1159648276945 1159648277964 
360 1159648278102 1159648279097 
359 1159648279249 1159648280277 
365 1159648281492 1159648282511 
433 1159648285876 1159648286899 
433 1159648587305 1159648588321 
433 1159648588915 1159648589935 
359 1159648592271 1159648593295 
360 1159648604235 1159648605260 
360 1159648614504 1159648615528 
363 1159648615919 1159648616946 
433 1159649863817 1159649864828 
433 1159649865538 1159649866565 
367 1159649867492 1159649868492 
361 1159649869770 1159649870770 
432 1159649871279 1159649872310 
388 1159649872193 1159649873215 
386 1159649873348 1159649874377 
388 1159649986382 1159649987407 
386 1159649985632 1159649986657 
432 1159649988101 1159649989097 
388 1159649988282 1159649989307 
360 1159649990191 1159649991211 
432 1159649989598 1159649990629 
361 1159649989646 1159649990660 
433 1159649997263 1159649998275 
386 1159652991058 1159652992085 
388 1159652992213 1159652993243 
432 1159652993957 1159652994985 
388 1159652993822 1159652994848 
361 1159652996660 1159652997693 
361 1159653005613 1159653006642 
360 1159653007455 1159653008485 
360 1159653009100 1159653010099 
360 1159653010792 1159653011819 
363 1159653012887 1159653013912 
361 1159653026520 1159653027545 
363 1159653031166 1159653032189 
363 1159653032935 1159653033963 
432 1159653357844 1159653358870 
361 1159653360070 1159653361095 
361 1159653396438 1159653397472 
387 1159653399450 1159653400482 
385 1159653400376 1159653401405 
393 1159653401932 1159653402958 
386 1159653824340 1159653825371 
388 1159653825753 1159653826781 
432 1159653827509 1159653828539 
388 1159653827470 1159653828505 
432 1159653830027 1159653831059 
361 1159653831488 1159653832508 
393 1159654109679 1159654110707 
385 1159654111012 1159654112032 
387 1159654111965 1159654112994 
432 1159654113552 1159654114582 
432 1159654115575 1159654116602 
361 1159654116353 1159654117353 
361 1159654118043 1159654119066 
361 1159654309273 1159654310300 
432 1159654311958 1159654312987 
361 1159654311013 1159654312041 
387 1159654314557 1159654315588 
385 1159654314658 1159654315689 
393 1159654316226 1159654317253 
393 1159654317742 1159654318773 
393 1159654345026 1159654346052 
386 1159654424838 1159654425865 
360 1159654428560 1159654429591 
363 1159654427669 1159654428699 
360 1159654436102 1159654437097 
360 1159654438185 1159654439212 
432 1159654440120 1159654441146 
361 1159654441209 1159654442224 
363 1159654445111 1159654446138 
363 1159654446844 1159654447860 
363 1159654448639 1159654449639 
393 1159655036783 1159655037809 
387 1159655038571 1159655039599 
385 1159655037593 1159655038622 
363 1159655039781 1159655040808 
360 1159655042142 1159655043169 
368 1159655045294 1159655046321 
361 1159655046781 1159655047805 
368 1159655046870 1159655047897 
432 1159655048172 1159655049199 
432 1159655049811 1159655050838 
363 1159655051807 1159655052835 
363 1159655056152 1159655057182 
387 1159655057100 1159655058096 
387 1159655058855 1159655059883 
363 1159655063144 1159655064166 
363 1159655065411 1159655066437 
387 1159655171194 1159655172223 
386 1159655173750 1159655174772 
387 1159655172822 1159655173850 
386 1159655293981 1159655295009 
387 1159655295721 1159655296749 
363 1159655296979 1159655297979 
363 1159655299032 1159655300053 
363 1159655300907 1159655301913 
363 1159655310885 1159655311885 
363 1159655313199 1159655314227 
363 1159655323223 1159655324248 
363 1159655325553 1159655326565 
360 1159656530194 1159656531223 
360 1159656531980 1159656533007 
363 1159656531933 1159656532962 
363 1159656534064 1159656535076 
387 1159656533846 1159656534875 
387 1159656535774 1159656536796 
385 1159656535782 1159656536809 
393 1159656537551 1159656538570 
387 1159656537442 1159656538471 
385 1159656537760 1159656538786 
393 1159656539342 1159656540368 
393 1159656541067 1159656542093 
393 1159656542666 1159656543694 
361 1159657429465 1159657430493 
360 1159657431525 1159657432556 
361 1159657431314 1159657432343 
360 1159657433233 1159657434261 
360 1159657435387 1159657436418 
360 1159657437362 1159657438389 
360 1159657439395 1159657440423 
360 1159657448387 1159657449413 
360 1159657452613 1159657453639 
359 1159657452750 1159657453773 
360 1159657454430 1159657455456 
360 1159657455917 1159657456945 
360 1159658295599 1159658296625 
363 1159658296196 1159658297213 
387 1159658297441 1159658298471 
387 1159658298986 1159658300014 
385 1159658299104 1159658300097 
393 1159658300616 1159658301639 
385 1159658300588 1159658301611 
393 1159658302282 1159658303311 
360 1159659751578 1159659752607 
360 1159659753276 1159659754307 
388 1159659755913 1159659756934 
386 1159659756963 1159659757989 
386 1159659832813 1159659833840 
388 1159659834541 1159659835560 
432 1159659835870 1159659836893 
361 1159659839911 1159659840923 
361 1159659841804 1159659842825 
360 1159660241659 1159660242690 
363 1159660242389 1159660243412 
388 1159660243861 1159660244889 
386 1159660245180 1159660246206 
360 1159660706203 1159660707228 
387 1159660709447 1159660710477 
385 1159660711154 1159660712185 
393 1159660712716 1159660713743 
361 1159661021729 1159661022749 
360 1159661023701 1159661024728 
361 1159661023588 1159661024614 
360 1159661040049 1159661041075 
363 1159661042695 1159661043716 
360 1159661045929 1159661046950 
363 1159661045281 1159661046297 
360 1159661047496 1159661048518 
363 1159661048451 1159661049479 
359 1159661047516 1159661048516 
360 1159661499179 1159661500200 
361 1159661503349 1159661504349 
361 1159661764335 1159661765356 
360 1159661766108 1159661767136 
361 1159661766040 1159661767063 
360 1159661768417 1159661769442 
360 1159661770529 1159661771560 
360 1159661775752 1159661776775 
360 1159661778293 1159661779320 
360 1159661779999 1159661781028 
360 1159661781743 1159661782768 
360 1159661783733 1159661784764 
360 1159661787051 1159661788080 
393 1159661877308 1159661878334 
393 1159661879524 1159661880554 
385 1159661879264 1159661880284 
393 1159661881003 1159661882027 
387 1159661881501 1159661882531 
385 1159661880924 1159661881946 
363 1159661883291 1159661884304 
387 1159661883991 1159661885022 
360 1159661885409 1159661886437 
363 1159661885119 1159661886149 
360 1159661887325 1159661888349 
360 1159661890061 1159661891089 
360 1159661891882 1159661892908 
360 1159661893446 1159661894476 
359 1159661893306 1159661894329 
360 1159661896673 1159661897704 
359 1159661895846 1159661896862 
360 1159661898634 1159661899666 
360 1159661900848 1159661901878 
361 1159661899975 1159661901002 
360 1159661909783 1159661910814 
360 1159661912401 1159661913428 
360 1159662422408 1159662423435 
360 1159662424157 1159662425188 
363 1159662425704 1159662426716 
387 1159662426455 1159662427481 
387 1159662427992 1159662429018 
363 1159662428483 1159662429499 
387 1159662429449 1159662430477 
385 1159662428635 1159662429666 
393 1159662430864 1159662431898 
385 1159662430714 1159662431743 
393 1159662433200 1159662434220 
387 1159662747584 1159662748610 
385 1159662748370 1159662749394 
393 1159662749885 1159662750912 
393 1159662751487 1159662752514 
393 1159662849596 1159662850622 
393 1159662851505 1159662852528 
385 1159662851227 1159662852250 
386 1159662852611 1159662853640 
388 1159662947831 1159662948860 
386 1159662947223 1159662948247 
432 1159662949752 1159662950783 
386 1159662948984 1159662950010 
432 1159662952134 1159662953162 
432 1159662953736 1159662954766 
361 1159663051905 1159663052936 
432 1159663054106 1159663055137 
387 1159663055896 1159663056927 
385 1159663056673 1159663057704 
393 1159663058138 1159663059138 
385 1159663058107 1159663059129 
393 1159663059838 1159663060867 
393 1159665119497 1159665120526 
393 1159665121600 1159665122627 
385 1159665121173 1159665122203 
386 1159665123114 1159665124143 
386 1159667321396 1159667322423 
386 1159667323358 1159667324385 
385 1159667323054 1159667324085 
393 1159667325438 1159667326465 
385 1159667324969 1159667325998 
393 1159667327165 1159667328194 
393 1159668835756 1159668836782 
385 1159668837245 1159668838279 
387 1159668838640 1159668839670 
432 1159668840782 1159668841809 
432 1159668843670 1159668844699 
361 1159668844619 1159668845619 
361 1159668902115 1159668903139 
360 1159668903877 1159668904907 
360 1159668906300 1159668907323 
360 1159668908314 1159668909340 
360 1159668912553 1159668913576 
360 1159668914467 1159668915493 
360 1159668916130 1159668917158 
360 1159668918444 1159668919467 
360 1159668920587 1159668921617 
360 1159668925622 1159668926654 
360 1159668928307 1159668929335 
363 1159668929575 1159668930594 
363 1159668931814 1159668932839 
361 1159669053396 1159669054423 
388 1159669056290 1159669057315 
386 1159669057230 1159669058259 
386 1159669112962 1159669113988 
388 1159669114174 1159669115205 
386 1159669114548 1159669115575 
432 1159669116287 1159669117318 
388 1159669116066 1159669117092 
432 1159669118590 1159669119616 
361 1159669119528 1159669120539 
393 1159669669881 1159669670906 
393 1159669672313 1159669673340 
385 1159669672103 1159669673125 
387 1159669673841 1159669674871 
385 1159669674758 1159669675792 
432 1159669676408 1159669677437 
387 1159669675424 1159669676453 
432 1159669678284 1159669679311 
361 1159669679790 1159669680816 
432 1159669680731 1159669681763 
361 1159669681692 1159669682711 
361 1159669683509 1159669684540 
432 1159669771381 1159669772405 
361 1159669770541 1159669771574 
432 1159669773365 1159669774395 
361 1159669772533 1159669773553 
387 1159669775426 1159669776457 
387 1159669777052 1159669778079 
385 1159669776829 1159669777856 
393 1159669778756 1159669779787 
387 1159669778801 1159669779831 
385 1159669778823 1159669779846 
393 1159669780473 1159669781501 
393 1159672363446 1159672364473 
385 1159672364100 1159672365096 
386 1159672561026 1159672562055 
360 1159672563717 1159672564746 
363 1159672563008 1159672564022 
360 1159672565206 1159672566237 
368 1159672568241 1159672569264 
361 1159672569531 1159672570560 
432 1159672570802 1159672571830 
432 1159672572422 1159672573438 
363 1159672572954 1159672573976 
360 1159672575486 1159672576518 
363 1159672574903 1159672575926 
368 1159672577537 1159672578556 
361 1159672578852 1159672579872 
432 1159672581122 1159672582145 
361 1159672580661 1159672581685 
432 1159672583269 1159672584289 
363 1159672584513 1159672585530 
363 1159672586262 1159672587288 
363 1159672588297 1159672589327 
387 1159674520940 1159674521968 
387 1159674522534 1159674523565 
385 1159674522117 1159674523146 
393 1159674523759 1159674524778 
432 1159674741935 1159674742965 
361 1159674745569 1159674746591 
361 1159674796279 1159674797306 
385 1159674801552 1159674802582 
393 1159674803300 1159674804327 
432 1159675194480 1159675195507 
432 1159675196025 1159675197047 
361 1159675197438 1159675198468 
393 1159679238192 1159679239223 
393 1159679240413 1159679241438 
385 1159679240286 1159679241314 
393 1159679242025 1159679243053 
387 1159679242266 1159679243295 
385 1159679241859 1159679242890 
363 1159679244784 1159679245810 
387 1159679244842 1159679245873 
360 1159679246896 1159679247922 
387 1159679246481 1159679247508 
360 1159679248614 1159679249640 
363 1159679249427 1159679250452 
360 1159679269512 1159679270543 
360 1159679271628 1159679272654 
363 1159679272639 1159679273662 
363 1159679275060 1159679276090 
387 1159679274498 1159679275525 
363 1159679277022 1159679278043 
432 1159683366649 1159683367682 
361 1159683369620 1159683370620 
361 1159683439796 1159683440818 
360 1159683441815 1159683442845 
361 1159683441316 1159683442336 
360 1159683443500 1159683444531 
432 1159683445575 1159683446597 
388 1159683447425 1159683448452 
388 1159683449594 1159683450622 
363 1159683450766 1159683451783 
387 1159683449969 1159683451003 
360 1159683452359 1159683453390 
361 1159683455579 1159683456609 
432 1159683457572 1159683458601 
363 1159683459487 1159683460504 
360 1159683460656 1159683461690 
360 1159683462190 1159683463221 
387 1159684996102 1159684997098 
385 1159684996628 1159684997645 
393 1159684998326 1159684999347 
393 1159688727858 1159688728887 
385 1159688729165 1159688730194 
360 1159688733342 1159688734367 
359 1159688734669 1159688735691 
368 1159688739007 1159688740030 
361 1159688740585 1159688741597 
432 1159688742102 1159688743099 
361 1159688742367 1159688743367 
432 1159688743757 1159688744786 
387 1159688744762 1159688745793 
363 1159688747124 1159688748152 
360 1159688748614 1159688749641 
368 1159688750734 1159688751754 
363 1159709334628 1159709335628 
432 1159709336572 1159709337572 
432 1159709338100 1159709339096 
361 1159709341103 1159709342103 
387 1159710219695 1159710220695 
387 1159710221364 1159710222390 
385 1159710221584 1159710222584 
393 1159710222878 1159710223878 
393 1159710224405 1159710225423 
385 1159710223444 1159710224468 
387 1159710427251 1159710428278 
386 1159710428929 1159710429929 
388 1159710853238 1159710854238 
386 1159710852549 1159710853571 
432 1159710855147 1159710856175 
388 1159710854753 1159710855781 
361 1159710857523 1159710858544 
393 1159710923269 1159710924300 
385 1159710924842 1159710925872 
387 1159710925987 1159710927010 
432 1159710927714 1159710928741 
361 1159710931264 1159710932277 
361 1159711137723 1159711138745 
432 1159711139136 1159711140165 
361 1159711139437 1159711140464 
387 1159711140991 1159711142018 
385 1159711142226 1159711143251 
393 1159711143383 1159711144407 
387 1159711142430 1159711143456 
393 1159711144986 1159711146005 
432 1159711636216 1159711637246 
361 1159711640605 1159711641605 
388 1159715357466 1159715358492 
386 1159715356502 1159715357532 
432 1159715359316 1159715360337 
388 1159715359274 1159715360308 
432 1159715361704 1159715362734 
361 1159715362194 1159715363217 
393 1159715760764 1159715761795 
385 1159715762438 1159715763468 
386 1159715763815 1159715764840 
386 1159716558793 1159716559817 
385 1159716559556 1159716560583 
393 1159716561259 1159716562290 
363 1159719876606 1159719877617 
387 1159719877996 1159719879025 
388 1159719878252 1159719879281 
386 1159719879065 1159719880090 
386 1159719881101 1159719882096 
361 1159720057382 1159720058399 
432 1159720058956 1159720059985 
361 1159720059332 1159720060359 
388 1159720060577 1159720061609 
388 1159720062493 1159720063514 
386 1159720062192 1159720063218 
386 1159720157942 1159720158969 
386 1159720159757 1159720160789 
387 1159720159979 1159720161010 
363 1159720161021 1159720162044 
360 1159720162505 1159720163505 
363 1159720162447 1159720163469 
360 1159720164298 1159720165329 
360 1159720166556 1159720167582 
360 1159720169281 1159720170308 
360 1159720181158 1159720182184 
360 1159720184778 1159720185809 
360 1159720186728 1159720187759 
432 1159721093866 1159721094894 
432 1159721095976 1159721097003 
361 1159721096609 1159721097634 
360 1159721179553 1159721180580 
360 1159721203777 1159721204805 
363 1159721205306 1159721206328 
363 1159722891812 1159722892834 
432 1159722893272 1159722894299 
361 1159722898761 1159722899781 
361 1159722901106 1159722902095 
393 1159723089015 1159723090045 
385 1159723090883 1159723091910 
387 1159723092255 1159723093285 
363 1159723094364 1159723095385 
360 1159723095597 1159723096625 
360 1159723097230 1159723098259 
359 1159723097266 1159723098266 
360 1159723099531 1159723100560 
360 1159723117393 1159723118421 
360 1159723119110 1159723120137 
363 1159723120494 1159723121510 
363 1159723122836 1159723123849 
360 1159723143818 1159723144846 
432 1159723145460 1159723146486 
388 1159723146001 1159723147031 
386 1159723147229 1159723148256 
388 1159723147978 1159723149007 
386 1159723148846 1159723149878 
386 1159723282004 1159723283029 
388 1159723282863 1159723283897 
386 1159723283871 1159723284900 
432 1159723285058 1159723286086 
432 1159723286830 1159723287861 
361 1159723286239 1159723287251 
361 1159723288414 1159723289440 
361 1159723610461 1159723611481 
360 1159723612366 1159723613393 
361 1159723612071 1159723613098 
360 1159723613921 1159723614949 
361 1159723613929 1159723614951 
360 1159723616184 1159723617212 
360 1159723618955 1159723619984 
360 1159723623213 1159723624244 
360 1159723625318 1159723626344 
360 1159723631645 1159723632673 
360 1159723633462 1159723634493 
360 1159723635760 1159723636788 
363 1159723634979 1159723635993 
363 1159723637389 1159723638405 
387 1159723637203 1159723638230 
363 1159723638927 1159723639955 
387 1159724048427 1159724049454 
386 1159724050541 1159724051571 
388 1159724093009 1159724094039 
386 1159724092293 1159724093320 
432 1159724094825 1159724095854 
361 1159724097245 1159724098245 
361 1159724099533 1159724100562 
361 1159724101225 1159724102258 
361 1159724725114 1159724726139 
363 1159724727363 1159724728385 
363 1159724730032 1159724731062 
387 1159724752498 1159724753531 
360 1159725302341 1159725303371 
361 1159725303041 1159725304064 
359 1159725302727 1159725303727 
432 1159725304892 1159725305919 
361 1159725305158 1159725306180 
368 1159725304491 1159725305491 
432 1159725307013 1159725308043 
361 1159725306609 1159725307631 
361 1159725308481 1159725309510 
361 1159725310542 1159725311571 
361 1159725312548 1159725313579 
361 1159726594071 1159726595093 
432 1159726595351 1159726596378 
432 1159726597386 1159726598411 
388 1159726597542 1159726598564 
386 1159726598706 1159726599729 
388 1159726599622 1159726600645 
386 1159726600270 1159726601293 
386 1159726725638 1159726726667 
387 1159726727328 1159726728357 
363 1159726728633 1159726729652 
360 1159726730274 1159726731303 
360 1159726732005 1159726733029 
360 1159726734185 1159726735211 
360 1159726736102 1159726737099 
363 1159726737766 1159726738766 
363 1159726739437 1159726740461 
363 1159726742322 1159726743347 
363 1159726745667 1159726746683 
363 1159726747684 1159726748715 
360 1159726753830 1159726754861 
360 1159729949723 1159729950752 
363 1159729951360 1159729952392 
387 1159729953240 1159729954268 
385 1159729954030 1159729955054 
393 1159729955610 1159729956638 
387 1159729955496 1159729956526 
385 1159729955702 1159729956721 
393 1159729957219 1159729958247 
387 1159729957102 1159729958095 
432 1159733468471 1159733469500 
361 1159733467672 1159733468688 
388 1159733470570 1159733471599 
386 1159733471735 1159733472760 
388 1159733472399 1159733473414 
386 1159733473288 1159733474314 
386 1159733537013 1159733538039 
388 1159733538179 1159733539209 
386 1159733538464 1159733539492 
432 1159733540882 1159733541911 
388 1159733540102 1159733541127 
432 1159733543003 1159733544032 
361 1159733543108 1159733544113 
361 1159733545232 1159733546253 
387 1159735463657 1159735464682 
387 1159735465611 1159735466638 
385 1159735465496 1159735466527 
393 1159735466703 1159735467724 
385 1159735467269 1159735468296 
