1	1201508624491	1201508627255
1	1201508633792	1201508635867
1	1201508636229	1201508638435
1	1201508639562	1201508644203
1	1201508644499	1201508646755
1	1201508651937	1201508654341
1	1201508736762	1201508738811
1	1201508740264	1201508751692
1	1201508753445	1201508756328
1	1201508974198	1201508982459
1	1201508989759	1201508992900
1	1201508999324	1201509000630
1	1201509000999	1201509005915
1	1201509026536	1201509029547
1	1201509036636	1201509039704
1	1201509054727	1201509061994
1	1201509064228	1201509073745
1	1201509079803	1201509081861
1	1201509081979	1201509084699
1	1201509111676	1201509114150
1	1201509160592	1201509162316
1	1201509264941	1201509267402
1	1201509290931	1201509293770
1	1201509307349	1201509309780
1	1201509701588	1201509707423
1	1201509763235	1201509765519
1	1201509766445	1201509781172
1	1201509784110	1201509788810
1	1201509790146	1201509795568
1	1201509811812	1201509813695
1	1201509815823	1201509821608
1	1201509823424	1201509827866
1	1201509836151	1201509842773
1	1201509855324	1201509859405
1	1201509958194	1201509963579
1	1201509995560	1201509998154
1	1201510113210	1201510115503
1	1201510400668	1201510405901
1	1201510408244	1201510412368
1	1201510473962	1201510475551
1	1201510496363	1201510498229
1	1201510508245	1201510515290
1	1201510519591	1201510522147
1	1201510522653	1201510527951
1	1201510556295	1201510558588
1	1201510560814	1201510563439
1	1201510575434	1201510578298
1	1201510580356	1201510584716
1	1201510603474	1201510608302
1	1201510615292	1201510617434
1	1201510621997	1201510626521
1	1201510641826	1201510643810
1	1201510693460	1201510695976
1	1201510697654	1201510700915
1	1201510741362	1201510748936
1	1201510774219	1201510775301
1	1201510830602	1201510832868
1	1201510846907	1201510849138
1	1201510865145	1201510867794
1	1201510958834	1201510961376
1	1201510961725	1201510963661
1	1201510978135	1201510980699
1	1201510982344	1201510984553
1	1201511014381	1201511018664
1	1201511019578	1201511021633
1	1201511040266	1201511042279
1	1201511069339	1201511071879
1	1201511074646	1201511075964
1	1201511130112	1201511135736
1	1201511197382	1201511198962
1	1201511199184	1201511201532
1	1201511215288	1201511217868
1	1201511260376	1201511262502
1	1201511306121	1201511310625
1	1201511344833	1201511348981
1	1201511435105	1201511439176
1	1201511508811	1201511519430
1	1201511532157	1201511537990
1	1201511539244	1201511541681
1	1201511542292	1201511544648
1	1201511589448	1201511593369
1	1201511601269	1201511606333
1	1201511611891	1201511613363
1	1201511662150	1201511666929
1	1201511731712	1201511734173
1	1201511734520	1201511744321
1	1201511782315	1201511784633
1	1201511839391	1201511841643
1	1201511869259	1201511871844
1	1201511883520	1201511890115
1	1201511923717	1201511925788
1	1201511931224	1201511932493
1	1201512036108	1201512040722
1	1201512061138	1201512066362
1	1201512095571	1201512097677
1	1201512098633	1201512100886
1	1201512108653	1201512110810
1	1201512149399	1201512152350
1	1201512166869	1201512171511
1	1201512172573	1201512179578
1	1201512190940	1201512195219
1	1201512222500	1201512224672
1	1201512263888	1201512266342
1	1201512294475	1201512296368
1	1201512308345	1201512314654
1	1201512337189	1201512339799
1	1201512339956	1201512344134
1	1201512414683	1201512416342
1	1201512434570	1201512436782
1	1201512450447	1201512452746
1	1201512458517	1201512462809
1	1201512536440	1201512539205
1	1201512563399	1201512565675
1	1201512615168	1201512618697
1	1201512634941	1201512638707
1	1201512653644	1201512657292
1	1201512664232	1201512666832
1	1201512667187	1201512669218
1	1201512670642	1201512672628
1	1201512681634	1201512684178
1	1201512696698	1201512698764
1	1201512849255	1201512853195
1	1201512853533	1201512855427
1	1201512878809	1201512880906
1	1201512882433	1201512884394
1	1201512902294	1201512907435
1	1201512914201	1201512918775
1	1201512925650	1201512927622
1	1201512933817	1201512936273
1	1201512942855	1201512946640
1	1201512962634	1201512966101
1	1201512994360	1201512995286
1	1201513000902	1201513002971
1	1201513022294	1201513024464
1	1201513089846	1201513091918
1	1201513095243	1201513101283
1	1201513102262	1201513107834
1	1201513108502	1201513110700
1	1201513128131	1201513132703
1	1201513133887	1201513135175
1	1201513139486	1201513140807
1	1201513142527	1201513150897
1	1201513630655	1201513636284
1	1201513640866	1201513646748
1	1201513651544	1201513654822
1	1201513656807	1201513658615
1	1201513665719	1201513667994
1	1201513676240	1201513678501
1	1201513679938	1201513682162
1	1201513682677	1201513687975
1	1201513697789	1201513701266
1	1201513704227	1201513705487
1	1201513706123	1201513708858
1	1201513724105	1201513728755
1	1201513730621	1201513733502
1	1201513817537	1201513820985
1	1201513828254	1201513829592
1	1201513886225	1201513888259
1	1201513889759	1201513891893
1	1201513896105	1201513898748
1	1201513935452	1201513938908
1	1201513939275	1201513942880
1	1201514024493	1201514026623
1	1201514030457	1201514032626
1	1201514037671	1201514039867
1	1201514045289	1201514047793
1	1201514054523	1201514056900
1	1201514059614	1201514061879
1	1201514114471	1201514116925
1	1201514120820	1201514123404
1	1201514125680	1201514128216
1	1201514128390	1201514129675
1	1201514137909	1201514140143
1	1201514146969	1201514148317
1	1201514158992	1201514161235
1	1201514164148	1201514167204
1	1201514168904	1201514171349
1	1201514265206	1201514267180
1	1201514270602	1201514272831
1	1201514279413	1201514281451
1	1201514383358	1201514384565
1	1201514384989	1201514387705
1	1201514388240	1201514389540
1	1201514558658	1201514559967
1	1201514676303	1201514678848
1	1201514762780	1201514763983
1	1201514766797	1201514772933
1	1201514843283	1201514844799
1	1201514931676	1201514934112
1	1201514971871	1201514973109
1	1201515091851	1201515094355
1	1201515300257	1201515302523
1	1201515350193	1201515352524
1	1201515383188	1201515385634
1	1201515480667	1201515481875
1	1201515608725	1201515610762
1	1201515625437	1201515627531
1	1201515686198	1201515687519
1	1201515693609	1201515696955
1	1201515731548	1201515736252
1	1201515736617	1201515743383
1	1201516037137	1201516043695
1	1201516044547	1201516047563
1	1201516049119	1201516051381
1	1201516052307	1201516057110
1	1201516064404	1201516066935
1	1201516093956	1201516098332
1	1201516099304	1201516103267
1	1201516155855	1201516157112
1	1201516251325	1201516253544
1	1201516496941	1201516500177
1	1201516661330	1201516664982
1	1201516977164	1201516979422
1	1201516986637	1201516989123
1	1201517050787	1201517053937
1	1201517055341	1201517056613
1	1201517112348	1201517123437
1	1201517124324	1201517130449
1	1201517385451	1201517386633
1	1201517392448	1201517400806
1	1201517403398	1201517410290
1	1201517418772	1201517419898
1	1201517426487	1201517431793
1	1201517492228	1201517494356
1	1201517504275	1201517504287
1	1201517553689	1201517554927
1	1201517556672	1201517561478
1	1201517561610	1201517564903
1	1201517604130	1201517609847
1	1201517611740	1201517613257
1	1201517627816	1201517635758
1	1201517712196	1201517714295
1	1201517799875	1201517802944
1	1201517878675	1201517880775
1	1201517892886	1201517899642
1	1201518240888	1201518242960
1	1201518245858	1201518248119
1	1201518248904	1201518251394
1	1201518260516	1201518260660
1	1201518280989	1201518283284
1	1201518286142	1201518288662
1	1201518310285	1201518312459
1	1201518346308	1201518348282
1	1201518348695	1201518350666
1	1201518377360	1201518380821
1	1201518386254	1201518388471
1	1201518389165	1201518391720
1	1201518429330	1201518436180
1	1201518442505	1201518444543
1	1201518450481	1201518452726
1	1201518462546	1201518466447
1	1201518495512	1201518499263
1	1201518594648	1201518596852
1	1201518612978	1201518616533
1	1201518627871	1201518629139
1	1201518638560	1201518640667
1	1201518645537	1201518647598
1	1201518722581	1201518725963
1	1201518739461	1201518741973
1	1201518752413	1201518755894
1	1201518762297	1201518765481
1	1201518765945	1201518768441
1	1201518783111	1201518785175
1	1201518790268	1201518794907
1	1201518797300	1201518803891
1	1201519012528	1201519014885
1	1201519019423	1201519027737
1	1201519102858	1201519105454
1	1201519116279	1201519117556
1	1201519126730	1201519129321
1	1201519183201	1201519184441
1	1201519185163	1201519187940
1	1201519274112	1201519279196
1	1201519358249	1201519363597
1	1201519376825	1201519379663
1	1201519382192	1201519384559
1	1201519394881	1201519397730
1	1201519444980	1201519447380
1	1201519456535	1201519460439
1	1201519493441	1201519498455
1	1201519501134	1201519503217
1	1201519554720	1201519559223
1	1201519610741	1201519613413
1	1201519698913	1201519702525
1	1201519746386	1201519752573
1	1201519796986	1201519798285
1	1201519812334	1201519814553
1	1201519817805	1201519822161
1	1201519849826	1201519854206
1	1201520116847	1201520123110
1	1201520156379	1201520157635
1	1201520159188	1201520161651
1	1201520174907	1201520177213
1	1201520262481	1201520263714
1	1201520321448	1201520324946
1	1201520326509	1201520328923
1	1201520961127	1201520966869
1	1201521063993	1201521067543
1	1201521073964	1201521080858
1	1201521084598	1201521089888
1	1201521093564	1201521096719
1	1201521099408	1201521105830
1	1201521106824	1201521108215
1	1201521111470	1201521116305
1	1201521119484	1201521125554
1	1201521128163	1201521130193
1	1201521133555	1201521138247
1	1201521146268	1201521150496
1	1201521170586	1201521175353
1	1201521180504	1201521183901
1	1201521203651	1201521207699
1	1201521214106	1201521216988
1	1201521227108	1201521229723
1	1201521230935	1201521235185
1	1201521235602	1201521238163
1	1201521250963	1201521255331
1	1201521274547	1201521280512
1	1201521286268	1201521288564
1	1201521291990	1201521295290
1	1201521297506	1201521298787
1	1201521314250	1201521316982
1	1201521329308	1201521332929
1	1201521383343	1201521386880
1	1201521454885	1201521456863
1	1201521458456	1201521459738
1	1201521501453	1201521502687
1	1201521523916	1201521526234
1	1201521600939	1201521602934
1	1201521617571	1201521620712
1	1201521660472	1201521662667
1	1201521700118	1201521702335
1	1201521703952	1201521704380
1	1201521722779	1201521726117
1	1201521764574	1201521765825
1	1201521797406	1201521800532
1	1201521863198	1201521864447
1	1201521889977	1201521890934
1	1201521891191	1201521893243
1	1201521922420	1201521924349
1	1201521957460	1201521958700
1	1201521970787	1201521973490
1	1201521974807	1201521977195
1	1201522004231	1201522008421
1	1201522039217	1201522040457
1	1201522047277	1201522047884
1	1201522056173	1201522059544
1	1201522077839	1201522081914
1	1201522098448	1201522102197
1	1201522205698	1201522207200
1	1201522209371	1201522212857
1	1201522253765	1201522257795
1	1201522261775	1201522272360
1	1201522312450	1201522315350
1	1201522317374	1201522320384
1	1201522322913	1201522325853
1	1201522330309	1201522338448
1	1201522347317	1201522355743
1	1201522356287	1201522363765
1	1201522542955	1201522547908
1	1201522557393	1201522561299
1	1201522574729	1201522577152
1	1201522797135	1201522798311
1	1201522819146	1201522820458
1	1201522903135	1201522904380
1	1201522904506	1201522907335
1	1201522934916	1201522937634
1	1201523054260	1201523056870
1	1201523060494	1201523062604
1	1201523130286	1201523135768
1	1201523531644	1201523535224
1	1201523546920	1201523549188
1	1201523550666	1201523553267
1	1201523558254	1201523560409
1	1201523600223	1201523602908
1	1201523628319	1201523630931
1	1201523713997	1201523716785
1	1201523745184	1201523747421
1	1201523761739	1201523763270
1	1201523763537	1201523766143
1	1201523777899	1201523782243
1	1201523949363	1201523951794
1	1201523992489	1201523993780
1	1201524042963	1201524045224
1	1201524067296	1201524069373
1	1201524159514	1201524160738
1	1201524186510	1201524191770
1	1201524200832	1201524201351
1	1201524201735	1201524204144
1	1201524301651	1201524306201
1	1201524363806	1201524365623
1	1201524430411	1201524432896
1	1201524619458	1201524620661
1	1201524621889	1201524624457
1	1201524794919	1201524796131
1	1201524797287	1201524799872
1	1201524822407	1201524824743
1	1201524827116	1201524829704
1	1201524862586	1201524863845
1	1201524864131	1201524866392
1	1201524870304	1201524872664
1	1201524877944	1201524880101
1	1201524881951	1201524883894
1	1201524908836	1201524911174
1	1201524927783	1201524929273
1	1201524952921	1201524955341
1	1201524962743	1201524965388
1	1201525004862	1201525006800
1	1201525016298	1201525018729
1	1201525021369	1201525023389
1	1201525094251	1201525096596
1	1201525096727	1201525097979
1	1201525101620	1201525103811
1	1201525118477	1201525120565
1	1201525121787	1201525123922
1	1201525127203	1201525129655
1	1201525129795	1201525132976
1	1201525133879	1201525136539
1	1201525152198	1201525154370
1	1201525157325	1201525161309
1	1201525186975	1201525188217
1	1201525226778	1201525230346
1	1201525261374	1201525263733
1	1201525444720	1201525447797
1	1201525551324	1201525553890
1	1201525639718	1201525641800
1	1201525756565	1201525757803
1	1201525759591	1201525762545
1	1201525765452	1201525768720
1	1201525769827	1201525773758
1	1201525776772	1201525779575
1	1201525830916	1201525832191
1	1201525906789	1201525909168
1	1201525983584	1201525987146
1	1201526050722	1201526052932
1	1201526425765	1201526427841
1	1201526499991	1201526503895
1	1201526507645	1201526511852
1	1201526512860	1201526519530
1	1201526539146	1201526542128
1	1201526552679	1201526559218
1	1201526563605	1201526565549
1	1201526712135	1201526713972
1	1201526730526	1201526733453
1	1201526850322	1201526852658
1	1201527044321	1201527046701
1	1201527048609	1201527052355
1	1201527104829	1201527114966
1	1201527176614	1201527178772
1	1201527182742	1201527192810
1	1201527208634	1201527219556
1	1201527423334	1201527431529
1	1201527431817	1201527434143
1	1201527435425	1201527440801
1	1201527460372	1201527471395
1	1201527471761	1201527479341
1	1201527479773	1201527482545
1	1201527483566	1201527486137
1	1201527491490	1201527493564
1	1201527496707	1201527500960
1	1201527541348	1201527549455
1	1201527554907	1201527556167
1	1201527556303	1201527558490
1	1201527706906	1201527712741
1	1201527764361	1201527770586
1	1201527788583	1201527794855
1	1201527834975	1201527841782
1	1201527845993	1201527853758
1	1201527855693	1201527862237
1	1201527893685	1201527896245
1	1201527929335	1201527934145
1	1201527943876	1201527946412
1	1201527962895	1201527965491
1	1201527973183	1201527976900
1	1201528022489	1201528025617
1	1201528031358	1201528033595
1	1201528061728	1201528064100
1	1201528068237	1201528075179
1	1201528114307	1201528117348
1	1201528118583	1201528121338
1	1201528136798	1201528141251
1	1201528171572	1201528179255
1	1201528194894	1201528199242
1	1201528220968	1201528223326
1	1201528251186	1201528254115
1	1201528297342	1201528304925
1	1201528313835	1201528316420
1	1201528320170	1201528324677
1	1201528328351	1201528330644
1	1201528331508	1201528332358
1	1201528336744	1201528338173
1	1201528417930	1201528421725
1	1201528488651	1201528491344
1	1201528548895	1201528553243
1	1201528553377	1201528562193
1	1201528608529	1201528613814
1	1201528629472	1201528632144
1	1201528633742	1201528638168
1	1201528655736	1201528658568
1	1201528659193	1201528661974
1	1201528669863	1201528671923
1	1201528778655	1201528782139
1	1201528790275	1201528794530
1	1201528847374	1201528849753
1	1201528851167	1201528853499
1	1201528854355	1201528856908
1	1201528858590	1201528869654
1	1201528878736	1201528880975
1	1201528883794	1201528885579
1	1201528900126	1201528906485
1	1201528926856	1201528930211
1	1201528935944	1201528938474
1	1201528945986	1201528948902
1	1201529024447	1201529026884
1	1201529027748	1201529029329
1	1201529128996	1201529131695
1	1201529194538	1201529200163
1	1201529201742	1201529205269
1	1201529226638	1201529230357
1	1201529232445	1201529235554
1	1201529260404	1201529264468
1	1201529266357	1201529268789
1	1201529303379	1201529305765
1	1201529312376	1201529317384
1	1201529329180	1201529330426
1	1201529352705	1201529355101
1	1201529386750	1201529389943
1	1201529391578	1201529393653
1	1201529397722	1201529401799
1	1201529419851	1201529421950
1	1201529458430	1201529461976
1	1201529549778	1201529552245
1	1201529554371	1201529558587
1	1201529708504	1201529715711
1	1201529716231	1201529723639
1	1201529734689	1201529736740
1	1201529753218	1201529755676
1	1201529764132	1201529771262
1	1201529782688	1201529783732
1	1201529784279	1201529786840
1	1201529792223	1201529794341
1	1201529796161	1201529798296
1	1201529799372	1201529803555
1	1201529820186	1201529823934
1	1201529831939	1201529834327
1	1201529852981	1201529855873
1	1201529877898	1201529880589
1	1201529903535	1201529905581
1	1201529937830	1201529944435
1	1201529960212	1201529962259
1	1201529963705	1201529966235
1	1201529966901	1201529970443
1	1201529970591	1201529974427
1	1201529975664	1201529976958
1	1201529978927	1201529980215
1	1201529980434	1201529985284
1	1201529985984	1201529989144
1	1201529990695	1201529994132
1	1201529996167	1201530001709
1	1201530002828	1201530005261
1	1201530008135	1201530010604
1	1201530010799	1201530024196
1	1201530028582	1201530035717
1	1201530049580	1201530051786
1	1201530051912	1201530058430
1	1201532861405	1201532870746
1	1201532882831	1201532900407
1	1201532903536	1201532909151
1	1201536632229	1201536634434
1	1201536683864	1201536685995
1	1201559916713	1201559921973
1	1201559926924	1201559929631
2	1201508757234	1201508759334
2	1201508963936	1201508965828
2	1201509038879	1201509040792
2	1201509059340	1201509062347
2	1201509703838	1201509705900
2	1201514756570	1201514758710
2	1201516034523	1201516036385
2	1201517136918	1201517138668
2	1201517579371	1201517584959
2	1201517668544	1201517670973
2	1201517895887	1201517897879
2	1201518711959	1201518715393
2	1201518800171	1201518802285
2	1201521865720	1201521869275
2	1201521990499	1201521992284
2	1201523134119	1201523136398
2	1201523829539	1201523833430
2	1201523864470	1201523866668
2	1201523869739	1201523871966
2	1201527111162	1201527113426
2	1201527410437	1201527412384
2	1201527439205	1201527441585
2	1201527458274	1201527460606
2	1201531221498	1201531223782
2	1201531312345	1201531313811
2	1201532820988	1201532822200
2	1201532871535	1201532875261
2	1201532878404	1201532880225
2	1201536592552	1201536596254
2	1201536688761	1201536689320
2	1201545006673	1201545009271
2	1201545115253	1201545117735
2	1201547151352	1201547153551
2	1201547155112	1201547157606
2	1201552440743	1201552444176
2	1201552726974	1201552731381
2	1201552737967	1201552739265
2	1201552752905	1201552759224
2	1201552760602	1201552762424
2	1201561095473	1201561099997
2	1201561102599	1201561106545
3	1201517577888	1201517585260
3	1201517600660	1201517604256
3	1201517606990	1201517612771
3	1201517621659	1201517633524
3	1201527450414	1201527461956
3	1201532872961	1201532881889
3	1201543063404	1201543068494
7	1201509060717	1201509066799
7	1201509070886	1201509074436
7	1201509075966	1201509082406
7	1201509084554	1201509087776
7	1201509090342	1201509094439
7	1201509109688	1201509117890
7	1201509123464	1201509126728
7	1201509248627	1201509250866
7	1201509365399	1201509367706
7	1201509371102	1201509373924
7	1201509724454	1201509726821
7	1201510060685	1201510061210
7	1201510627240	1201510629316
7	1201510854507	1201510857873
7	1201510858119	1201510860596
7	1201511028823	1201511031682
7	1201511033283	1201511034320
7	1201511774956	1201511777454
7	1201511778100	1201511781789
7	1201511783874	1201511790676
7	1201511791150	1201511793194
7	1201511795212	1201511798991
7	1201512287819	1201512289841
7	1201512573201	1201512575328
7	1201512592868	1201512595275
7	1201513266115	1201513267316
7	1201513268731	1201513273519
7	1201513456843	1201513470345
7	1201513471389	1201513478827
7	1201513711704	1201513714194
7	1201513753135	1201513755351
7	1201513839281	1201513843154
7	1201513863511	1201513868818
7	1201513964257	1201513967110
7	1201514059758	1201514061673
7	1201514737470	1201514744559
7	1201514745413	1201514750132
7	1201514750259	1201514752380
7	1201514752610	1201514760328
7	1201517672996	1201517674648
7	1201517675476	1201517682970
7	1201517685685	1201517691572
7	1201517785279	1201517797962
7	1201518076811	1201518080840
7	1201518325843	1201518328182
7	1201518709251	1201518712234
7	1201519179741	1201519181418
7	1201519181928	1201519184218
7	1201519185889	1201519188104
7	1201519197656	1201519199992
7	1201519602981	1201519604909
7	1201519605296	1201519621968
7	1201519632171	1201519634463
7	1201519712804	1201519717586
7	1201519721818	1201519724248
7	1201520090857	1201520096866
7	1201520243788	1201520248939
7	1201520275904	1201520278483
7	1201520441724	1201520447895
7	1201520887591	1201520889747
7	1201521856806	1201521860892
7	1201521861310	1201521868287
7	1201521993860	1201521997765
7	1201522093191	1201522095363
7	1201522293265	1201522297850
7	1201523357324	1201523368841
7	1201523376296	1201523380922
7	1201523743329	1201523745900
7	1201523748668	1201523751875
7	1201523756817	1201523760459
7	1201523812172	1201523814670
7	1201523814971	1201523817332
7	1201523825133	1201523831295
7	1201527819713	1201527829827
7	1201527831745	1201527834995
7	1201529130115	1201529135882
7	1201529718109	1201529722309
7	1201530005716	1201530007876
7	1201530317161	1201530323468
7	1201530328892	1201530333655
7	1201530363801	1201530366861
7	1201530368411	1201530372397
7	1201530398787	1201530400848
7	1201530494712	1201530502176
7	1201530524606	1201530532417
7	1201530574713	1201530576959
7	1201530577755	1201530580265
7	1201530594812	1201530597172
7	1201530608487	1201530612488
7	1201530626956	1201530629564
7	1201530645283	1201530647563
7	1201530648151	1201530650980
7	1201530676695	1201530679149
7	1201530683126	1201530688356
7	1201530718952	1201530729354
7	1201530733304	1201530735596
7	1201530737546	1201530741719
7	1201530786302	1201530788626
7	1201530794828	1201530797571
7	1201530849108	1201530851428
7	1201530942104	1201530944175
7	1201531220703	1201531222808
7	1201531314746	1201531317531
7	1201532534204	1201532536505
7	1201532918864	1201532921580
7	1201533002747	1201533004906
7	1201533028932	1201533030580
7	1201534649104	1201534653578
7	1201534775937	1201534777192
7	1201534839659	1201534841991
7	1201534920523	1201534923319
7	1201535063517	1201535065849
7	1201535118335	1201535119583
7	1201535272342	1201535276880
7	1201535277524	1201535279924
7	1201535286891	1201535291543
7	1201535587718	1201535588931
7	1201535589696	1201535592450
7	1201535753315	1201535755623
7	1201535764315	1201535765604
7	1201536006143	1201536008287
7	1201536191335	1201536196242
7	1201536278709	1201536283606
7	1201536435154	1201536437449
7	1201536595725	1201536598872
7	1201536607547	1201536609899
7	1201536612822	1201536615242
7	1201536625629	1201536629967
7	1201536630101	1201536632276
7	1201536632628	1201536648713
7	1201536658956	1201536674943
7	1201536686111	1201536688398
7	1201536756152	1201536762392
7	1201536765616	1201536767785
7	1201536768316	1201536770689
7	1201544972915	1201544979144
7	1201544980912	1201544983734
7	1201544984240	1201544992354
7	1201544995166	1201544997524
7	1201544998641	1201545004705
7	1201545099670	1201545104619
7	1201545127742	1201545131992
7	1201545132526	1201545135752
7	1201545172738	1201545177960
7	1201545198792	1201545203461
7	1201545221384	1201545221673
7	1201545255653	1201545259856
7	1201545260976	1201545269984
7	1201545282671	1201545291834
7	1201545345632	1201545347726
7	1201545367683	1201545374356
7	1201545701892	1201545706331
7	1201546424130	1201546426729
7	1201546516574	1201546518454
7	1201546677984	1201546680172
7	1201546693131	1201546695406
7	1201547032502	1201547036189
7	1201547038509	1201547042397
7	1201547045485	1201547048526
7	1201547050214	1201547057138
7	1201547145982	1201547150295
7	1201547397806	1201547400802
7	1201547405982	1201547407993
7	1201548144479	1201548146782
7	1201550649243	1201550652991
7	1201550694141	1201550696517
7	1201550938597	1201550943308
7	1201550995560	1201551002848
7	1201551251499	1201551253846
7	1201551288467	1201551290892
7	1201551359689	1201551362825
7	1201551363556	1201551370238
7	1201551379112	1201551381689
7	1201551403282	1201551405384
7	1201551968602	1201551974885
7	1201552177427	1201552179433
7	1201552437257	1201552442109
7	1201552536822	1201552543969
7	1201552761189	1201552768170
7	1201553506614	1201553517803
7	1201553520355	1201553526396
7	1201553577150	1201553580993
7	1201553581348	1201553588739
7	1201553589384	1201553592352
7	1201553595909	1201553598551
7	1201554881693	1201554884706
7	1201554886797	1201554889347
7	1201555397104	1201555399532
7	1201556188468	1201556193881
7	1201556199760	1201556201812
7	1201556217673	1201556218986
7	1201557602422	1201557607182
7	1201557609449	1201557612175
7	1201557701392	1201557702646
7	1201557714409	1201557717251
7	1201557736594	1201557738999
7	1201557739641	1201557756249
7	1201557845233	1201557850825
7	1201557851985	1201557855718
7	1201558032354	1201558036922
7	1201558037738	1201558040889
7	1201558283944	1201558285154
7	1201558880154	1201558882450
7	1201558883148	1201558886314
7	1201559911313	1201559916258
7	1201559927315	1201559930894
7	1201560118321	1201560120417
7	1201560120552	1201560126476
7	1201560792721	1201560794983
7	1201560859355	1201560863822
7	1201560865377	1201560872622
7	1201560875329	1201560881714
7	1201560996372	1201560998643
7	1201561088598	1201561094524
7	1201561108549	1201561110190
7	1201561110810	1201561115541
8	1201508617412	1201508619390
8	1201508757888	1201508759746
8	1201508963676	1201508966162
8	1201509038548	1201509041364
8	1201509058668	1201509062511
8	1201509704100	1201509707544
8	1201513148665	1201513151563
8	1201513628400	1201513631945
8	1201514726405	1201514729272
8	1201514751708	1201514754477
8	1201514756149	1201514760750
8	1201515741602	1201515745369
8	1201516034244	1201516037400
8	1201517128971	1201517135900
8	1201517136504	1201517140526
8	1201517383103	1201517386457
8	1201517577141	1201517585134
8	1201517630243	1201517633255
8	1201517895399	1201517898718
8	1201518237962	1201518240754
8	1201518711682	1201518716161
8	1201518799922	1201518803992
8	1201519009959	1201519012908
8	1201519175762	1201519179612
8	1201520974998	1201520978923
8	1201521062279	1201521065549
8	1201521989901	1201521994472
8	1201522358830	1201522362926
8	1201522536738	1201522539441
8	1201523133730	1201523137113
8	1201523529937	1201523532872
8	1201523740103	1201523744968
8	1201523864140	1201523868119
8	1201523869447	1201523872661
8	1201527110808	1201527115890
8	1201527174283	1201527177198
8	1201527410168	1201527412980
8	1201527438764	1201527444107
8	1201527449711	1201527451746
8	1201527815908	1201527819985
8	1201531221222	1201531225590
8	1201531311555	1201531315363
8	1201532814300	1201532816742
8	1201532819161	1201532824314
8	1201532859945	1201532862556
8	1201532871167	1201532875538
8	1201532878542	1201532881617
8	1201532907709	1201532910423
8	1201536591900	1201536595933
8	1201536656872	1201536661829
8	1201536687880	1201536690829
8	1201536754700	1201536757804
8	1201536769945	1201536772319
8	1201544953604	1201544957258
8	1201545001927	1201545004767
8	1201545007182	1201545010489
8	1201545011496	1201545014372
8	1201545052821	1201545057206
8	1201545110835	1201545113589
8	1201545115385	1201545118799
8	1201545196825	1201545198672
8	1201545229270	1201545231462
8	1201545233502	1201545235666
8	1201545236107	1201545238444
8	1201545257957	1201545260829
8	1201545317916	1201545321357
8	1201545366737	1201545369127
8	1201547151384	1201547158463
8	1201547391670	1201547394748
8	1201552440467	1201552444981
8	1201552533598	1201552537723
8	1201552720777	1201552723571
8	1201552759786	1201552764248
8	1201561094757	1201561100632
8	1201561102169	1201561107623
9	1201509058255	1201509061481
9	1201509759268	1201509761465
9	1201513149742	1201513151698
9	1201513627631	1201513629700
9	1201514757541	1201514760910
9	1201517583514	1201517591911
9	1201517592532	1201517604640
9	1201521989285	1201521991492
9	1201522359892	1201522361946
9	1201523738928	1201523743101
9	1201523863524	1201523865839
9	1201523870637	1201523872850
9	1201525955900	1201525958292
9	1201527111829	1201527115210
9	1201527173651	1201527175926
9	1201527216673	1201527218871
9	1201527409640	1201527411771
9	1201527441307	1201527445237
9	1201527448895	1201527452325
9	1201527815317	1201527818821
9	1201530055536	1201530059123
9	1201531222151	1201531225215
9	1201531311115	1201531313350
9	1201532813898	1201532815888
9	1201532817936	1201532820242
9	1201532859538	1201532861686
9	1201532908482	1201532910629
9	1201536591377	1201536594912
9	1201536754706	1201536756344
9	1201543061954	1201543065330
9	1201543067530	1201543071107
9	1201544952978	1201544954236
9	1201545000661	1201545004641
9	1201545115857	1201545121689
9	1201545125578	1201545131664
9	1201545135526	1201545139432
9	1201545196681	1201545200533
9	1201545217651	1201545221782
9	1201545257947	1201545261589
9	1201545271966	1201545275708
9	1201545318771	1201545321245
9	1201545340556	1201545342650
9	1201545351954	1201545356848
9	1201545366893	1201545369370
9	1201545369504	1201545372504
9	1201547155358	1201547157487
9	1201547391158	1201547393346
9	1201552533116	1201552535380
9	1201552719363	1201552723411
9	1201552761435	1201552765316
9	1201561097294	1201561103414
10	1201529390784	1201529394636
10	1201532299715	1201532303930
10	1201532334681	1201532339652
10	1201533238999	1201533240882
10	1201539203945	1201539207125
11	1201525942578	1201525946521
11	1201529559201	1201529560351
11	1201529560549	1201529562963
11	1201530329196	1201530330351
11	1201530333142	1201530334805
11	1201530344889	1201530347980
11	1201530348951	1201530353342
11	1201530360274	1201530362246
11	1201530364735	1201530368747
11	1201530371447	1201530377247
11	1201530380481	1201530382735
11	1201530383850	1201530387432
11	1201532298276	1201532301710
11	1201535010744	1201535014728
11	1201535087817	1201535090911
11	1201542795404	1201542797257
11	1201554464484	1201554466430
12	1201517638650	1201517641846
13	1201529525297	1201529527247
14	1201509051631	1201509053811
14	1201509057509	1201509060449
14	1201516032874	1201516034990
14	1201517130675	1201517133992
14	1201517632232	1201517634273
14	1201517666320	1201517668884
14	1201521867395	1201521869519
14	1201523832316	1201523835918
14	1201523871271	1201523873469
14	1201525957109	1201525961211
14	1201525964317	1201525976809
14	1201525977419	1201525979339
14	1201525981501	1201525988516
14	1201526032740	1201526034734
14	1201526037220	1201526042278
14	1201526053175	1201526055752
14	1201526149518	1201526152149
14	1201526199645	1201526201522
14	1201526261989	1201526264458
14	1201526268562	1201526271754
14	1201526359847	1201526362448
14	1201526385169	1201526387480
14	1201526417278	1201526421501
14	1201532339296	1201532345779
14	1201532353569	1201532356406
14	1201532356766	1201532359240
14	1201532370385	1201532375705
14	1201532397767	1201532400773
14	1201532408450	1201532414281
14	1201532417953	1201532420208
14	1201532433738	1201532436758
14	1201532468905	1201532472588
14	1201532517463	1201532523733
14	1201532537795	1201532542126
14	1201532549557	1201532552339
14	1201532554657	1201532562328
14	1201532570495	1201532573353
14	1201532577286	1201532579421
14	1201532579714	1201532582475
14	1201532634347	1201532636225
14	1201532636890	1201532647771
14	1201532656365	1201532663891
14	1201532668407	1201532673502
14	1201532674210	1201532677427
14	1201532677853	1201532679910
14	1201532680318	1201532684242
14	1201532703908	1201532704378
14	1201532870527	1201532874329
14	1201532879981	1201532886642
14	1201532916326	1201532919139
14	1201532920182	1201532922496
14	1201532924377	1201532925657
14	1201532953113	1201532956192
14	1201532957647	1201532959171
14	1201532976136	1201532982674
14	1201532988302	1201533010102
14	1201533013668	1201533017121
14	1201533047174	1201533049327
14	1201533062804	1201533067901
14	1201533072460	1201533078827
14	1201545127146	1201545130886
14	1201545370271	1201545372367
14	1201552442386	0
15	1201508758866	1201508762156
15	1201508962207	1201508964166
15	1201509040614	1201509042402
15	1201509051442	1201509053247
15	1201509057127	1201509059205
15	1201509705164	1201509707891
15	1201509758207	1201509760355
15	1201513150439	1201513153110
15	1201513626884	1201513628711
15	1201514724534	1201514725718
15	1201514758318	1201514762505
15	1201515743129	1201515746834
15	1201516032678	1201516034786
15	1201517138798	1201517141815
15	1201517381338	1201517382520
15	1201517575924	1201517579624
15	1201517621396	1201517624778
15	1201517630699	1201517635151
15	1201517898178	1201517901647
15	1201518236421	1201518238239
15	1201518713972	1201518716625
15	1201518802969	1201518805667
15	1201519174705	1201519176536
15	1201520976459	1201520978603
15	1201521060868	1201521064807
15	1201521868932	1201521871537
15	1201521988218	1201521991284
15	1201522360822	1201522364212
15	1201522535131	1201522537511
15	1201523136123	1201523138607
15	1201523528451	1201523530207
15	1201523831965	1201523834720
15	1201523862524	1201523865322
15	1201523871430	1201523874174
15	1201525954420	1201525956378
15	1201525956528	1201525957832
15	1201525958570	1201525961464
15	1201526428167	1201526433308
15	1201527113170	1201527114349
15	1201527172536	1201527175158
15	1201527217529	1201527219721
15	1201527408700	1201527411447
15	1201527442743	1201527445138
15	1201527447605	1201527450667
15	1201527814383	1201527816261
15	1201531222941	1201531226487
15	1201531309971	1201531312542
15	1201532338530	1201532346109
15	1201532353700	1201532354930
15	1201532370885	1201532375432
15	1201532398481	1201532400655
15	1201532410307	1201532412915
15	1201532469572	1201532474964
15	1201532479399	1201532504300
15	1201532504430	1201532509484
15	1201532512804	1201532514691
15	1201532514933	1201532523592
15	1201532537454	1201532541620
15	1201532546554	1201532548786
15	1201532548995	1201532553423
15	1201532553756	1201532559871
15	1201532634195	1201532636435
15	1201532637225	1201532639602
15	1201532703215	1201532705644
15	1201532707722	1201532710235
15	1201532816863	1201532818816
15	1201532916798	1201532919566
15	1201532919888	1201532922226
15	1201532923569	1201532928585
15	1201532975329	1201533003791
15	1201533004264	1201533009438
15	1201533073878	1201533080485
15	1201536589973	1201536593486
15	1201536690372	1201536692637
15	1201542797807	1201542801331
15	1201543061117	1201543062964
15	1201543068584	1201543072633
15	1201544951446	1201544953443
15	1201545127446	1201545129488
15	1201545133402	1201545136744
15	1201545198318	1201545200657
15	1201545215812	1201545217777
15	1201545259825	1201545261998
15	1201545371637	1201545374744
15	1201547156139	1201547158708
15	1201547390362	1201547391544
15	1201552442666	1201552446231
15	1201552532527	1201552534770
15	1201552763224	1201552766450
15	1201561099745	1201561102255
16	1201509706185	1201509707772
16	1201513151254	1201513154641
16	1201513626349	1201513628241
16	1201517139723	1201517140936
16	1201517543629	1201517546101
16	1201517631885	1201517635320
16	1201518714496	1201518717600
16	1201521868405	1201521870231
16	1201521987879	1201521990675
16	1201523136646	1201523137838
16	1201523737214	1201523739651
16	1201523832702	1201523836344
16	1201523862216	1201523864289
16	1201523872365	1201523873630
16	1201525954141	1201525956204
16	1201527113548	1201527115594
16	1201527217889	1201527219959
16	1201527443259	1201527445119
16	1201529389397	1201529393327
16	1201531223507	1201531225456
16	1201532337656	1201532341353
16	1201532479518	1201532480723
16	1201532480917	1201532484464
16	1201532823386	1201532826512
16	1201533079111	1201533081684
16	1201544999257	1201545001229
16	1201545269712	1201545271658
16	1201547156715	1201547159366
16	1201547390549	1201547391924
16	1201552531830	1201552533714
16	1201552717532	1201552720942
16	1201552763697	1201552766916
17	1201517283848	1201517294301
17	1201517296460	1201517301281
17	1201517303534	1201517305979
17	1201517310684	1201517314146
17	1201517326327	1201517333660
17	1201517355996	1201517358342
17	1201517365204	1201517369533
17	1201517544315	1201517549119
17	1201517557197	1201517564236
17	1201517669764	1201517672595
17	1201523834361	1201523836202
17	1201525941734	1201525944165
17	1201525945593	1201525949651
17	1201525950807	1201525955111
17	1201529389670	1201529392916
17	1201529554883	1201529560851
17	1201529560973	1201529563895
17	1201530325311	1201530330881
17	1201530385512	1201530389166
17	1201530392617	1201530429242
17	1201532290369	1201532299272
17	1201533175213	1201533180959
17	1201533181753	1201533191376
17	1201535009984	1201535013642
17	1201535088396	1201535089885
17	1201537644645	1201537647808
17	1201537865604	1201537867516
17	1201553674341	1201553678737
18	1201517350140	1201517352112
18	1201517418662	1201517420521
18	1201517634991	1201517636218
18	1201517640156	1201517648319
18	1201529557377	1201529559453
18	1201530393106	1201530396741
18	1201532294511	1201532296176
18	1201533123763	1201533125751
18	1201534714357	1201534716658
18	1201534723657	1201534725729
18	1201547190608	1201547195276
18	1201547212617	1201547214762
18	1201547298166	1201547300617
19	1201518177656	1201518181959
19	1201522253911	1201522255816
20	1201512429963	1201512432655
20	1201512445529	1201512448879
20	1201513090149	1201513097379
20	1201513134516	1201513148406
20	1201518129852	1201518133453
20	1201518137234	1201518140182
20	1201518142506	1201518148573
20	1201518162292	1201518164462
20	1201518176950	1201518179827
20	1201518201407	1201518204618
20	1201519258545	1201519260474
20	1201522236695	1201522239752
20	1201522244865	1201522250635
20	1201522253236	1201522257296
20	1201522270769	1201522280251
20	1201522281517	1201522284199
20	1201532044996	1201532049575
20	1201532196505	1201532203932
20	1201532874666	1201532876908
20	1201532882767	1201532885740
20	1201532889306	1201532892645
20	1201532896426	1201532899187
20	1201535373867	1201535377511
20	1201535390871	1201535397367
20	1201535406449	1201535414527
20	1201545201549	1201545203873
20	1201545213251	1201545215605
21	1201512428237	1201512431648
21	1201512446740	1201512449405
21	1201513088425	1201513089707
21	1201513094987	1201513102382
21	1201513131978	1201513136888
21	1201513137836	1201513139940
21	1201513144208	1201513148956
21	1201516479752	1201516485431
21	1201518128218	1201518131241
21	1201518140642	1201518145258
21	1201518145854	1201518151671
21	1201518154994	1201518161542
21	1201518162155	1201518167644
21	1201518175752	1201518178926
21	1201518202931	1201518205168
21	1201519241484	1201519249442
21	1201519252635	1201519255175
21	1201519258250	1201519260982
21	1201522235156	1201522237631
21	1201522248655	1201522255191
21	1201522274567	1201522276577
21	1201522282234	1201522285325
21	1201532024530	1201532028718
21	1201532038997	1201532043685
21	1201532044534	1201532048806
21	1201532192261	1201532200144
21	1201532201142	1201532209198
21	1201532873286	1201532876206
21	1201532883643	1201532893827
21	1201532897680	1201532903646
21	1201532908225	1201532912210
21	1201532913970	1201532917379
21	1201535370717	1201535375918
21	1201535391627	1201535396485
21	1201535405253	1201535408522
21	1201535412356	1201535416800
21	1201545128354	1201545129606
21	1201545130996	1201545133550
21	1201545199764	1201545202822
21	1201545213584	1201545217903
22	1201512427983	1201512430251
22	1201512447718	1201512449567
22	1201513087761	1201513089590
22	1201513099591	1201513102502
22	1201513130964	1201513134587
22	1201513145770	1201513148572
22	1201516478361	1201516481267
22	1201516482508	1201516485590
22	1201517541591	1201517544185
22	1201518148204	1201518151516
22	1201518153895	1201518156115
22	1201518163898	1201518166868
22	1201518175100	1201518177435
22	1201518203123	1201518206886
22	1201519240908	1201519243360
22	1201519246430	1201519251358
22	1201519259685	1201519262430
22	1201520977323	1201520980880
22	1201522234709	1201522237526
22	1201522283156	1201522285965
22	1201532023846	1201532026882
22	1201532205325	1201532208423
22	1201532872648	1201532875937
22	1201532915798	1201532922933
22	1201532925418	1201532931450
22	1201532939408	1201532944819
22	1201532945379	1201532950247
22	1201532982512	1201532987396
22	1201533015273	1201533017471
22	1201533045184	1201533048209
22	1201533096177	1201533102917
22	1201533112981	1201533115153
22	1201533125999	1201533138447
22	1201534837244	1201534844209
22	1201534858482	1201534861995
22	1201534942962	1201534945169
22	1201535369715	1201535372500
22	1201535393229	1201535396119
22	1201535413568	1201535416467
22	1201545130748	1201545134318
23	1201509041594	1201509044390
23	1201509055796	1201509058954
23	1201512426956	1201512429321
23	1201512448430	1201512450930
23	1201513086768	1201513088732
23	1201513100747	1201513103404
23	1201513130103	1201513133406
23	1201513146403	1201513149466
23	1201516031247	1201516033626
23	1201516477743	1201516480239
23	1201517507446	1201517510366
23	1201517523740	1201517526993
23	1201517541998	1201517545632
23	1201517574366	1201517577747
23	1201517633889	1201517638210
23	1201517664686	1201517667965
23	1201518126749	1201518129393
23	1201518165295	1201518169448
23	1201518173778	1201518176815
23	1201518203763	1201518206662
23	1201519239920	1201519242684
23	1201519247704	1201519250905
23	1201519260994	1201519263580
23	1201522233287	1201522235423
23	1201522284532	1201522287777
23	1201523833814	1201523837670
23	1201526431170	1201526433332
23	1201527171729	1201527173958
23	1201527446347	1201527449829
23	1201531309177	1201531310958
23	1201532022630	1201532025182
23	1201532206131	1201532208829
23	1201532832955	1201532834173
23	1201533131729	1201533134215
23	1201533162630	1201533166278
23	1201533172532	1201533175645
23	1201533860177	1201533869139
23	1201533870691	1201533873883
23	1201533876927	1201533879335
23	1201533879603	1201533881969
23	1201533920772	1201533926857
23	1201533927551	1201533952517
23	1201533954109	1201533961442
23	1201533962731	1201533969351
23	1201534835720	1201534837898
23	1201534842164	1201534846942
23	1201534850853	1201534853200
23	1201534855806	1201534857215
23	1201534857437	1201534859792
23	1201534941874	1201534944136
23	1201534947630	1201534952785
23	1201535394314	1201535396913
23	1201535403361	1201535406330
23	1201535414752	1201535417470
23	1201543070795	1201543074227
23	1201544950322	1201544951803
24	1201508960291	1201508961927
24	1201509055876	1201509058532
24	1201509707146	1201509709722
24	1201509756250	1201509757849
24	1201513129189	1201513132950
24	1201513153772	1201513159373
24	1201513624971	1201513626756
24	1201514722348	1201514724288
24	1201514756303	1201514758448
24	1201514761178	1201514764144
24	1201515745119	1201515747634
24	1201516356144	1201516361748
24	1201516378450	1201516380548
24	1201516409615	1201516412813
24	1201516421456	1201516432391
24	1201516432769	1201516435823
24	1201517140660	1201517143266
24	1201517281537	1201517285522
24	1201517345776	1201517356824
24	1201517367799	1201517371238
24	1201517379602	1201517380936
24	1201517505388	1201517509914
24	1201517520736	1201517524522
24	1201517574849	1201517576667
24	1201517635944	1201517638954
24	1201517900503	1201517903558
24	1201518126284	1201518127803
24	1201518166350	1201518169387
24	1201518172385	1201518175363
24	1201518716322	1201518719173
24	1201518804108	1201518807161
24	1201519172156	1201519175478
24	1201521869869	1201521872610
24	1201521985495	1201521988558
24	1201522285732	1201522288315
24	1201522362721	1201522365370
24	1201522533259	1201522534875
24	1201523138327	1201523141206
24	1201523735662	1201523737814
24	1201523835238	1201523837500
24	1201523860176	1201523863138
24	1201523873927	1201523876847
24	1201525940212	1201525944488
24	1201525947521	1201525952901
24	1201526431992	1201526434488
24	1201527115337	1201527118537
24	1201527219417	1201527222503
24	1201527406979	1201527408859
24	1201527812314	1201527814252
24	1201529388317	1201529392188
24	1201529554101	1201529555930
24	1201529580913	1201529583176
24	1201530311733	1201530313491
24	1201530318768	1201530322822
24	1201530322951	1201530325124
24	1201531224937	1201531228217
24	1201531308287	1201531309504
24	1201531680500	1201531682406
24	1201532021977	1201532023538
24	1201532811807	1201532813635
24	1201532814554	1201532816340
24	1201532833321	1201532836215
24	1201532857185	1201532859271
24	1201532910757	1201532912994
24	1201532985596	1201532989155
24	1201533082311	1201533085128
24	1201533228314	1201533232152
24	1201535416206	1201535418660
24	1201536660695	1201536663176
24	1201536692779	1201536694769
24	1201536773149	1201536775445
24	1201537645741	1201537647534
24	1201539206667	1201539208845
24	1201542800406	1201542802670
24	1201543059180	1201543061492
24	1201544997265	1201544999859
24	1201545262118	1201545264731
24	1201545266516	1201545269588
24	1201545373462	1201545376471
24	1201547158214	1201547161118
24	1201547388383	1201547390774
24	1201552444470	1201552447666
24	1201552530286	1201552532168
24	1201552715381	1201552717388
24	1201552765604	1201552769221
24	1201554466126	1201554469460
25	1201513156338	1201513158437
25	1201516355787	1201516357410
25	1201516371399	1201516378326
25	1201517281130	1201517282956
25	1201517369941	1201517372437
25	1201517420656	1201517425497
25	1201517431619	1201517436644
25	1201517503702	1201517505764
25	1201517520866	1201517524351
25	1201517662180	1201517665936
25	1201517675347	1201517677939
25	1201517777142	1201517781886
25	1201518168112	1201518170462
25	1201518716865	1201518718179
25	1201521870436	1201521873750
25	1201521985369	1201521986695
25	1201523835667	1201523839660
25	1201529388594	1201529390648
25	1201529553675	1201529556973
25	1201529581704	1201529585393
25	1201530310981	1201530312927
25	1201530425915	1201530429765
25	1201532288596	1201532291229
25	1201533045958	1201533048930
25	1201533086217	1201533089479
25	1201533132508	1201533135148
25	1201533229927	1201533236706
25	1201534240942	1201534244909
25	1201542801188	1201542802230
25	1201547178179	1201547178484
25	1201547184305	1201547188107
25	1201547302666	1201547306492
25	1201552714685	1201552715876
25	1201552767364	1201552769352
26	1201517663310	1201517665476
26	1201517686702	1201517690601
26	1201533048653	1201533055404
26	1201533251193	1201533252357
26	1201533252905	1201533255147
26	1201533618402	1201533619565
26	1201533619781	1201533622284
26	1201533816121	1201533818841
26	1201534041623	1201534044645
26	1201534291292	1201534293231
26	1201534294255	1201534296551
26	1201534326717	1201534330176
26	1201534331575	1201534332792
26	1201534339376	1201534341343
26	1201534342246	1201534344298
26	1201534353113	1201534355791
26	1201535198819	1201535201361
26	1201535248965	1201535252622
26	1201535275122	1201535278610
26	1201547178357	1201547185238
26	1201547298948	1201547302524
27	1201517508147	1201517511649
27	1201517525135	1201517529501
27	1201517540478	1201517543262
27	1201520978708	1201520981556
27	1201520996170	1201520999741
27	1201531683594	1201531685637
27	1201531686165	1201531687832
27	1201531711939	1201531719145
27	1201531756738	1201531763229
27	1201531767495	1201531771338
27	1201531772287	1201531774193
27	1201531777577	1201531778965
27	1201531789184	1201531794995
27	1201531806449	1201531813522
27	1201531817304	1201531823305
27	1201532959295	1201532961196
27	1201533047585	1201533050891
27	1201533076444	1201533081924
27	1201533085505	1201533090655
27	1201533160893	1201533163903
27	1201533170982	1201533173904
27	1201534871882	1201534873544
28	1201509042528	1201509044623
28	1201509045873	1201509052146
28	1201516484339	1201516486744
28	1201517507730	1201517511573
28	1201517540867	1201517545507
28	1201530063671	1201530069669
28	1201530075583	1201530079856
28	1201531682118	1201531686295
28	1201531820430	1201531822938
28	1201532870221	1201532873608
28	1201533160213	1201533161347
28	1201533166850	1201533169450
28	1201533858587	1201533862469
28	1201533869859	1201533871997
28	1201533885535	1201533888237
28	1201533889794	1201533894686
28	1201533906981	1201533910147
28	1201533926731	1201533927985
28	1201533933533	1201533936781
28	1201533981487	1201533986662
28	1201533987152	1201533989152
28	1201534782825	1201534786672
28	1201534787358	1201534791323
28	1201534795795	1201534802712
28	1201534834671	1201534838150
28	1201534872330	1201534883879
28	1201534925848	1201534927371
28	1201534932971	1201534934207
28	1201534940240	1201534940926
28	1201534949385	1201534951613
28	1201534955171	1201534964607
28	1201534975692	1201534982409
28	1201535002230	1201535006888
28	1201535041691	1201535046513
28	1201535111115	1201535113678
28	1201535115316	1201535116266
28	1201535165812	1201535170232
29	1201509054346	1201509055523
29	1201517423868	1201517425826
29	1201517429333	1201517433312
29	1201517542747	1201517546287
29	1201518205731	1201518207662
29	1201523836578	1201523838610
29	1201530079223	1201530080801
29	1201532867456	1201532869502
29	1201533011214	1201533013351
29	1201533014434	1201533016503
29	1201533018329	1201533019591
29	1201533044142	1201533045375
29	1201533172380	1201533177455
29	1201533346359	1201533348415
29	1201533458243	1201533460259
29	1201533461433	1201533463755
29	1201533510733	1201533512845
29	1201533715873	1201533718271
29	1201533719461	1201533721143
29	1201533782699	1201533784107
29	1201533823336	1201533828511
29	1201533831316	1201533832599
29	1201533842220	1201533843595
29	1201533843725	1201533846938
29	1201533987222	1201533990444
29	1201533994900	1201533996150
29	1201534011554	1201534013573
29	1201534079508	1201534082698
29	1201534098137	1201534099835
29	1201534116903	1201534119230
29	1201534121282	1201534124179
29	1201534126779	1201534128714
29	1201534161862	1201534165923
29	1201534392207	1201534395869
29	1201534493966	1201534495883
29	1201534502701	1201534504401
29	1201534505803	1201534507810
29	1201534518908	1201534521941
29	1201534541172	1201534545638
29	1201534548811	1201534554213
29	1201534570983	1201534573605
29	1201534574387	1201534575651
29	1201534588593	1201534590787
29	1201534608556	1201534611777
29	1201534614384	1201534616558
29	1201534738734	1201534742102
29	1201534767669	1201534772362
29	1201534780969	1201534786902
29	1201534800239	1201534809446
29	1201534832882	1201534834478
29	1201534951767	1201534956681
29	1201534979693	1201534980954
29	1201534987121	1201534989921
29	1201534994251	1201534995540
29	1201534998203	1201535000813
29	1201535006708	1201535008518
29	1201535040149	1201535042667
29	1201535045352	1201535050685
29	1201535192491	1201535195922
29	1201535229377	1201535233419
29	1201535251342	1201535255816
30	1201502662249	1201502666153
30	1201502666285	1201502667530
30	1201508761401	1201508764402
30	1201508959679	1201508960905
30	1201509053674	1201509056544
30	1201512424186	1201512426925
30	1201512450582	1201512453583
30	1201513103526	1201513106834
30	1201513127893	1201513130615
30	1201513149984	1201513152954
30	1201513157285	1201513163273
30	1201513623133	1201513626624
30	1201514720839	1201514722807
30	1201514757822	1201514760198
30	1201514762668	1201514765947
30	1201516029112	1201516031708
30	1201516412221	1201516414319
30	1201516418601	1201516420783
30	1201516435549	1201516438893
30	1201516475765	1201516479614
30	1201516485902	1201516489714
30	1201517422901	1201517426899
30	1201517427275	1201517434307
30	1201517518457	1201517523331
30	1201517660895	1201517665120
30	1201517686382	1201517688724
30	1201517689609	1201517693235
30	1201518125685	1201518128471
30	1201518217938	1201518220759
30	1201518233499	1201518235596
30	1201518717896	1201518721189
30	1201518805215	1201518809469
30	1201519005183	1201519007173
30	1201519170676	1201519173267
30	1201519238188	1201519241356
30	1201519263409	1201519266281
30	1201522231128	1201522233856
30	1201522286637	1201522289630
30	1201522532633	1201522533982
30	1201523734221	1201523737678
30	1201523836829	1201523840192
30	1201523859270	1201523862752
30	1201523875725	1201523877697
30	1201525939342	1201525941202
30	1201526432748	1201526435338
30	1201527163998	1201527165985
30	1201527168412	1201527171925
30	1201527221584	1201527223780
30	1201527405673	1201527408801
30	1201527810990	1201527813365
30	1201527936811	1201527944778
30	1201529388179	1201529390778
30	1201529552103	1201529556151
30	1201529583201	1201529585233
30	1201530304213	1201530309327
30	1201530313287	1201530320480
30	1201531226498	1201531229381
30	1201531306971	1201531309695
30	1201531822788	1201531826284
30	1201532020958	1201532023528
30	1201532208233	1201532210716
30	1201532811170	1201532812405
30	1201532813751	1201532815481
30	1201532834639	1201532838712
30	1201532856466	1201532858458
30	1201532866142	1201532868690
30	1201532911662	1201532913393
30	1201532983219	1201532987308
30	1201533011549	1201533017752
30	1201533018211	1201533022944
30	1201533041365	1201533046232
30	1201533250293	1201533252227
30	1201534237820	1201534242894
30	1201535088765	1201535091434
30	1201535170185	1201535171244
30	1201535171933	1201535176581
30	1201535190373	1201535195809
30	1201535252777	1201535256322
30	1201535366744	1201535369422
30	1201535396233	1201535400413
30	1201535401503	1201535405290
30	1201535417162	1201535421144
30	1201536586879	1201536590378
30	1201536694817	1201536697111
30	1201536751357	1201536752273
30	1201536774211	1201536776973
30	1201537646713	1201537648618
30	1201537857261	1201537859495
30	1201537863124	1201537866324
30	1201543073280	1201543076631
30	1201544947528	1201544949474
30	1201544996414	1201544998213
30	1201545374888	1201545378413
30	1201547159483	1201547162639
30	1201547303930	1201547306922
30	1201547387555	1201547389589
30	1201552445632	1201552449165
30	1201552529328	1201552531194
30	1201554467225	1201554470357
31	1201502615460	1201502620297
31	1201502623400	1201502628253
31	1201502629283	1201502631303
31	1201502683628	1201502685565
31	1201504199526	1201504202640
31	1201504204134	1201504207674
31	1201504365589	1201504369633
31	1201505119784	1201505122658
31	1201507771890	1201507776588
31	1201508612459	1201508617795
31	1201508762750	1201508765598
31	1201508958277	1201508960545
31	1201509052108	1201509056375
31	1201509709335	1201509715358
31	1201509753560	1201509756180
31	1201510567370	1201510570135
31	1201512423517	1201512425677
31	1201513061370	1201513069801
31	1201513083441	1201513086141
31	1201513157419	1201513161427
31	1201513163415	1201513166469
31	1201513169290	1201513183159
31	1201513457487	1201513463487
31	1201513621914	1201513624380
31	1201514716979	1201514722593
31	1201514763631	1201514767856
31	1201515487375	1201515491997
31	1201515747364	1201515750324
31	1201516028506	1201516030449
31	1201516344859	1201516357553
31	1201516434883	1201516440742
31	1201516474556	1201516478111
31	1201516489828	1201516494826
31	1201516543279	1201516546189
31	1201516687558	1201516690252
31	1201516746908	1201516758704
31	1201517142910	1201517146122
31	1201517276329	1201517282372
31	1201517376725	1201517378686
31	1201517464868	1201517468494
31	1201517475159	1201517479495
31	1201517660707	1201517662982
31	1201517688940	1201517695688
31	1201517775178	1201517777562
31	1201517795940	1201517800327
31	1201517903418	1201517906958
31	1201518123543	1201518126287
31	1201518168728	1201518171342
31	1201518207427	1201518210629
31	1201518211516	1201518214380
31	1201518219493	1201518221635
31	1201518232386	1201518234705
31	1201518718895	1201518722737
31	1201518807901	1201518810937
31	1201519004697	1201519005996
31	1201519169554	1201519172416
31	1201519237124	1201519239536
31	1201519352524	1201519355888
31	1201519717324	1201519720902
31	1201519744362	1201519748660
31	1201521034789	1201521037757
31	1201521872281	1201521875322
31	1201521973278	1201521980467
31	1201521982236	1201521986449
31	1201522231389	1201522233704
31	1201522320194	1201522329497
31	1201522365169	1201522368252
31	1201522531264	1201522532900
31	1201523108777	1201523111752
31	1201523141674	1201523144528
31	1201523524273	1201523526304
31	1201523732866	1201523735529
31	1201523837786	1201523842381
31	1201523858108	1201523860766
31	1201523876685	1201523879158
31	1201524208488	1201524211536
31	1201524448617	1201524451182
31	1201524682101	1201524686532
31	1201525938165	1201525941373
31	1201526433688	1201526436266
31	1201527118177	1201527122104
31	1201527161349	1201527164336
31	1201527221806	1201527225321
31	1201527404705	1201527407131
31	1201527802370	1201527805290
31	1201527809724	1201527811642
31	1201527841180	1201527843577
31	1201527934270	1201527937319
31	1201528987316	1201528990803
31	1201529385881	1201529390214
31	1201529551103	1201529553557
31	1201529586623	1201529589634
31	1201530081533	1201530085289
31	1201530302142	1201530306897
31	1201530427837	1201530429858
31	1201531227143	1201531229849
31	1201531306638	1201531308444
31	1201531670117	1201531676733
31	1201531823646	1201531827384
31	1201532018852	1201532023231
31	1201532208977	1201532211801
31	1201532285229	1201532288156
31	1201532759703	1201532762477
31	1201532806938	1201532812170
31	1201532812287	1201532814674
31	1201532835491	1201532839825
31	1201532855215	1201532857865
31	1201532865542	1201532867739
31	1201532897403	1201532899315
31	1201532912448	1201532915309
31	1201533250789	1201533262498
31	1201533264475	1201533281895
31	1201533282707	1201533288281
31	1201534232405	1201534235865
31	1201535174992	1201535177266
31	1201535254797	1201535263577
31	1201535365539	1201535368339
31	1201535399877	1201535404801
31	1201535427263	1201535434916
31	1201535475498	1201535480649
31	1201535482844	1201535484961
31	1201535595623	1201535599148
31	1201536582727	1201536590244
31	1201536662615	1201536664610
31	1201536695481	1201536698916
31	1201536775631	1201536777564
31	1201537648134	1201537652889
31	1201539208591	1201539212283
31	1201539287613	1201539289644
31	1201543054645	1201543056787
31	1201543074700	1201543080562
31	1201544944880	1201544947850
31	1201544995284	1201544997777
31	1201545375897	1201545379142
31	1201547160434	1201547170967
31	1201547302806	1201547304750
31	1201547305910	1201547309817
31	1201547386523	1201547388863
31	1201552447193	1201552450104
31	1201552527876	1201552530405
31	1201552712465	1201552715237
31	1201552768965	1201552774218
31	1201553670701	1201553674199
31	1201554468972	1201554471632
32	1201502620444	1201502622710
32	1201502633705	1201502637149
32	1201502642683	1201502646446
32	1201502653105	1201502654925
32	1201502679181	1201502684329
32	1201504208729	1201504211399
32	1201504364635	1201504367395
32	1201505120696	1201505121873
32	1201507771611	1201507775108
32	1201508614597	1201508616229
32	1201510567975	1201510570438
32	1201512454345	1201512457101
32	1201513060101	1201513063149
32	1201513105388	1201513107658
32	1201513124509	1201513130240
32	1201513145628	1201513151118
32	1201513151882	1201513176888
32	1201513178394	1201513188439
32	1201513459107	1201513464191
32	1201515087958	1201515096391
32	1201515486625	1201515489510
32	1201516413106	1201516415709
32	1201516417470	1201516419737
32	1201516434737	1201516438351
32	1201516487112	1201516492866
32	1201516544275	1201516547720
32	1201516688518	1201516691363
32	1201516746546	1201516749403
32	1201517310572	1201517316595
32	1201517340432	1201517341702
32	1201517463728	1201517469162
32	1201517476337	1201517483637
32	1201517516525	1201517521640
32	1201517690736	1201517698844
32	1201517725439	1201517733634
32	1201517782158	1201517783762
32	1201517795330	1201517796624
32	1201518103245	1201518107496
32	1201518120628	1201518124395
32	1201518128973	1201518130476
32	1201518155989	1201518163711
32	1201518167781	1201518172899
32	1201518176356	1201518181400
32	1201518183644	1201518187707
32	1201518189107	1201518195235
32	1201518199231	1201518204889
32	1201518204892	1201518212373
32	1201518213163	1201518223373
32	1201519264521	1201519268113
32	1201519347397	1201519348778
32	1201519718522	1201519720457
32	1201519744225	1201519746571
32	1201521035944	1201521037892
32	1201522288569	1201522291399
32	1201522319213	1201522322220
32	1201522491781	1201522493711
32	1201522495160	1201522497933
32	1201523108512	1201523110895
32	1201524207290	1201524211672
32	1201524449201	1201524452620
32	1201524681574	1201524685244
32	1201527802998	1201527805884
32	1201527840389	1201527843123
32	1201527940400	1201527944472
32	1201528984303	1201528989831
32	1201530314609	1201530318358
32	1201532760765	1201532763537
32	1201532801141	1201532805757
32	1201532806718	1201532808780
32	1201532981544	1201532983499
32	1201533020325	1201533022425
32	1201533039935	1201533044176
32	1201535089111	1201535092453
32	1201535256954	1201535263461
32	1201535278944	1201535283622
32	1201535475246	1201535478402
32	1201535483490	1201535486746
32	1201535595138	1201535598879
32	1201547165622	1201547168293
32	1201547305443	1201547309695
33	1201517509339	1201517512204
33	1201517527583	1201517529651
33	1201517538970	1201517543478
33	1201520979438	1201520981752
33	1201520993899	1201520996890
33	1201520997314	1201521002160
33	1201521008767	1201521012398
33	1201521058699	1201521060996
33	1201531692286	1201531694469
33	1201531697523	1201531700495
33	1201531703924	1201531706528
33	1201531710511	1201531713187
33	1201531716771	1201531720482
33	1201531722496	1201531725472
33	1201531728622	1201531732996
33	1201531738570	1201531754922
33	1201531756346	1201531758208
33	1201531761383	1201531764867
33	1201531765827	1201531768618
33	1201531791805	1201531795712
33	1201531805496	1201531807835
33	1201531811199	1201531813759
33	1201531816736	1201531820200
33	1201533162376	1201533166450
33	1201533169142	1201533173130
34	1201517510582	1201517513672
34	1201517537108	1201517542315
34	1201520979574	1201520982879
34	1201520993675	1201520996757
34	1201520998505	1201521001397
34	1201521008384	1201521015121
34	1201521017647	1201521020583
34	1201521026399	1201521028270
34	1201521032991	1201521037815
34	1201531692662	1201531695623
34	1201531696935	1201531699331
34	1201531704831	1201531706718
34	1201531709851	1201531712194
34	1201531717435	1201531720646
34	1201531722259	1201531724344
34	1201531730956	1201531732801
34	1201531737677	1201531739425
34	1201531751475	1201531754456
34	1201531755180	1201531757416
34	1201531761971	1201531763951
34	1201531765693	1201531768350
34	1201531793275	1201531796504
34	1201531804107	1201531807960
34	1201531811325	1201531814905
34	1201531815630	1201531819374
34	1201533163611	1201533166651
34	1201533167830	1201533171732
36	1201517537962	1201517541348
36	1201520980576	1201520982126
36	1201520993115	1201520996301
36	1201521007502	1201521012559
36	1201521017781	1201521021902
36	1201521033457	1201521035495
36	1201521057559	1201521060743
36	1201531693180	1201531694898
36	1201531704965	1201531724227
36	1201531731154	1201531733115
36	1201531737289	1201531739145
36	1201531754174	1201531754504
36	1201531762134	1201531768782
36	1201531793523	1201531798596
36	1201531800878	1201531803218
36	1201531804229	1201531807503
36	1201531811789	1201531820606
36	1201533163649	1201533165534
36	1201533168260	1201533170334
37	1201520981486	1201520982761
37	1201520992647	1201520995535
37	1201521005382	1201521009386
37	1201521016400	1201521019287
37	1201521023991	1201521027191
37	1201521031155	1201521033133
37	1201521041226	1201521046888
37	1201521056501	1201521060422
37	1201531721750	1201531723906
