1	1201221640295	1201221649829
1	1201255029751	1201255031959
1	1201256409707	1201256412851
1	1201256426650	1201256430426
1	1201262295811	1201262297921
1	1201270054125	1201270056543
1	1201277757595	1201277760931
2	1201221639728	1201221641209
2	1201221646995	1201221649129
2	1201221780844	1201221782864
2	1201254827588	1201254829988
2	1201254834887	1201254836752
2	1201255031278	1201255033260
2	1201255762341	1201255765361
2	1201255780573	1201255781874
2	1201255782167	1201255784441
2	1201256281629	1201256293918
2	1201256353222	1201256355537
2	1201256368505	1201256369801
2	1201256382505	1201256383678
2	1201256469997	1201256472834
2	1201256532333	1201256534556
2	1201256544444	1201256546739
2	1201256886515	1201256888788
2	1201257351134	1201257353211
2	1201257355577	1201257358578
2	1201257894168	1201257896316
2	1201257897618	1201257900650
2	1201257911515	1201257913746
2	1201257947948	1201257950107
2	1201262372916	1201262380354
2	1201262524377	1201262528393
2	1201262537186	1201262540464
2	1201262563362	1201262565747
2	1201262704503	1201262705729
2	1201262882799	1201262887806
2	1201262934250	1201262936446
2	1201262990402	1201262992661
2	1201263052671	1201263054978
2	1201263075816	1201263078224
2	1201263084669	1201263089948
2	1201263092650	1201263095676
2	1201263623693	1201263625971
2	1201266054711	1201266056687
2	1201267103193	1201267105177
2	1201267194280	1201267196833
2	1201277021361	1201277023573
3	1201221750251	1201221758129
3	1201221774824	1201221785103
3	1201221809724	1201221812330
3	1201221813410	1201221821247
3	1201253725377	1201253730376
3	1201253733712	1201253740544
3	1201253755667	1201253758843
3	1201253765261	1201253767371
3	1201253894595	1201253899451
3	1201253958882	1201253968595
3	1201254211491	1201254213785
3	1201254217111	1201254220112
3	1201254308220	1201254313558
3	1201254320293	1201254320917
3	1201254731895	1201254742138
3	1201254769469	1201254771566
3	1201254917935	1201254924851
3	1201254951931	1201254957108
3	1201254960257	1201254966798
3	1201254968753	1201254980875
3	1201254982368	1201254989316
3	1201255032987	1201255035310
3	1201255039306	1201255041177
3	1201255041846	1201255045956
3	1201255048511	1201255056929
3	1201255057435	1201255064668
3	1201255066785	1201255073282
3	1201255074320	1201255079460
3	1201255081264	1201255091981
3	1201255128740	1201255137567
3	1201255142519	1201255148975
3	1201255151964	1201255155294
3	1201255157336	1201255159499
3	1201255161165	1201255163215
3	1201255166594	1201255178251
3	1201255181880	1201255186151
3	1201255186768	1201255191176
3	1201255201228	1201255207873
3	1201255209977	1201255211917
3	1201255218684	1201255224783
3	1201255784775	1201255792640
3	1201256036140	1201256046262
3	1201256368889	1201256372265
3	1201256378427	1201256382236
3	1201256471454	1201256476119
3	1201257280287	1201257281481
3	1201257282420	1201257284716
3	1201257891717	1201257894590
3	1201257903959	1201257909584
3	1201262158380	1201262168704
3	1201262335477	1201262342915
3	1201262350440	1201262352330
3	1201262355804	1201262358381
3	1201262360466	1201262361767
3	1201262361947	1201262365954
3	1201262366569	1201262369333
3	1201262373218	1201262378636
3	1201262517744	1201262526429
3	1201262544630	1201262551307
3	1201262552375	1201262557723
3	1201262564224	1201262564426
3	1201262673160	1201262683447
3	1201262684626	1201262687119
3	1201262698943	1201262700221
3	1201262701219	1201262710502
3	1201262718881	1201262725744
3	1201262857800	1201262863144
3	1201262872489	1201262879873
3	1201262991642	1201262993909
3	1201263016711	1201263027489
3	1201263036358	1201263043137
7	1201255767196	1201255770934
7	1201255797883	1201255806255
7	1201255811170	1201255844172
7	1201255847868	1201255872884
7	1201255876567	1201255882640
7	1201255883921	1201255890381
7	1201255896469	1201255904200
7	1201255916658	1201255926964
7	1201255955780	1201255961762
7	1201255962619	1201255964698
7	1201255964824	1201255967724
7	1201255970481	1201255972889
7	1201255992471	1201255993343
7	1201256050254	1201256067161
7	1201256069996	1201256072176
7	1201256089687	1201256092251
7	1201256272184	1201256276335
7	1201256278319	1201256281329
7	1201256281436	1201256286902
7	1201256364152	1201256373427
7	1201256376479	1201256381594
7	1201256405840	1201256411773
7	1201256427369	1201256429676
7	1201256455607	1201256459563
7	1201256545849	1201256550920
7	1201256603594	1201256606838
7	1201256775579	1201256779530
7	1201256802909	1201256806289
7	1201256807541	1201256810507
7	1201256876744	1201256880211
7	1201256884310	1201256885959
7	1201257353661	1201257356610
7	1201257895254	1201257901671
7	1201257904297	1201257906761
7	1201257965975	1201257970807
7	1201259708407	1201259710353
7	1201259784690	1201259790870
7	1201259798335	1201259800613
7	1201261199351	1201261221216
7	1201261677250	1201261682725
7	1201261682909	1201261696901
7	1201262289542	1201262292793
7	1201262297680	1201262299940
7	1201262328786	1201262333302
7	1201262410373	1201262416947
7	1201262479436	1201262481209
7	1201262527120	1201262534368
7	1201262546953	1201262552802
7	1201262569341	1201262574193
7	1201262574522	1201262577220
7	1201262665602	1201262667644
7	1201262866711	1201262868732
7	1201262888472	1201262890472
7	1201262890984	1201262894446
7	1201262994469	1201262995726
7	1201263012453	1201263014933
7	1201263079306	1201263083805
7	1201263085935	1201263089825
7	1201263090865	1201263098348
7	1201263620725	1201263624949
7	1201266056410	1201266058537
7	1201266334510	1201266336638
7	1201267100112	1201267103493
7	1201267196355	1201267198317
7	1201267200650	1201267204827
7	1201267207936	1201267209633
7	1201267244629	1201267246595
7	1201267258803	1201267260124
7	1201267770604	1201267772444
7	1201268700112	1201268705398
7	1201268757936	1201268760251
7	1201269391705	1201269399887
7	1201269818899	1201269821171
7	1201270047439	1201270049943
7	1201270050503	1201270059717
7	1201270063550	1201270070708
7	1201270180609	1201270183374
7	1201270569117	1201270570331
7	1201270659153	1201270670604
7	1201270797245	1201270806980
7	1201270807141	1201270809770
7	1201271202784	1201271205921
7	1201271260158	1201271264239
7	1201271298615	1201271305255
7	1201271930492	1201271932466
7	1201272533831	1201272535355
7	1201272537575	1201272539875
7	1201272997135	1201273002710
7	1201273422347	1201273425839
7	1201274472249	1201274479393
7	1201275158817	1201275161427
7	1201275162397	1201275167898
7	1201275493385	1201275495558
7	1201275662763	1201275664914
7	1201276768155	1201276771253
7	1201277018957	1201277022489
7	1201277113580	1201277122831
7	1201277608548	1201277611926
7	1201277612741	1201277620248
7	1201277626756	1201277629619
7	1201277640592	1201277647778
7	1201277648101	1201277655532
7	1201277656592	1201277662492
7	1201277662628	1201277666981
7	1201277668157	1201277679239
7	1201277682770	1201277686698
7	1201277687442	1201277701883
7	1201277719454	1201277731182
7	1201277733560	1201277736124
7	1201277736591	1201277742517
7	1201277743904	1201277748551
7	1201277751425	1201277751851
8	1201221638628	1201221642747
8	1201221646610	1201221651490
8	1201221748689	1201221751838
8	1201221755525	1201221758771
8	1201221781170	1201221784306
8	1201221808581	1201221811370
8	1201253766163	1201253768147
8	1201253965570	1201253967471
8	1201254218478	1201254220307
8	1201254307234	1201254309616
8	1201254730575	1201254733432
8	1201254737490	1201254740617
8	1201254768529	1201254771231
8	1201254826827	1201254830128
8	1201254835262	1201254837268
8	1201254917325	1201254919283
8	1201254962306	1201254964837
8	1201254979101	1201254981128
8	1201255027200	1201255032800
8	1201255126876	1201255128759
8	1201255141839	1201255144248
8	1201255220528	1201255223706
8	1201255761714	1201255765494
8	1201255780173	1201255784575
8	1201255789872	1201255792967
8	1201256035134	1201256037899
8	1201256269828	1201256272326
8	1201256279825	1201256296619
8	1201256352897	1201256358950
8	1201256367163	1201256372296
8	1201256382370	1201256386508
8	1201256469255	1201256474150
8	1201256532195	1201256535248
8	1201256543465	1201256547862
8	1201256549368	1201256551552
8	1201256602739	1201256603940
8	1201256777400	1201256780957
8	1201256800561	1201256803176
8	1201256810659	1201256818265
8	1201256874709	1201256877952
8	1201256886174	1201256892438
8	1201257349235	1201257353945
8	1201257627832	1201257629698
8	1201257902693	1201257902935
8	1201257910643	1201257920757
8	1201257938239	1201257940243
8	1201257945853	1201257963676
8	1201257965779	1201257968175
8	1201257969284	1201257977697
8	1201262157426	1201262160268
8	1201262163389	1201262166154
8	1201262371806	1201262374203
8	1201262376417	1201262380687
8	1201262516726	1201262519658
8	1201262524855	1201262529750
8	1201262536706	1201262541526
8	1201262563649	1201262567609
8	1201262672498	1201262674586
8	1201262682780	1201262686322
8	1201262701850	1201262706236
8	1201262857101	1201262859836
8	1201262874165	1201262889680
8	1201262934625	1201262937862
8	1201262989991	1201262994160
8	1201263074748	1201263082493
8	1201263084385	1201263090585
8	1201263092892	1201263097704
8	1201263623361	1201263627403
8	1201266054337	1201266057555
8	1201267102745	1201267106829
8	1201277021621	1201277025653
8	1201277111900	1201277116119
8	1201277759512	1201277763371
9	1201221637980	1201221640569
9	1201221734597	1201221736554
9	1201221747776	1201221752199
9	1201221772736	1201221776781
9	1201221781381	1201221786407
9	1201221808347	1201221812813
9	1201221816284	1201221820557
9	1201221845535	1201221847655
9	1201253754259	1201253758548
9	1201253788625	1201253792235
9	1201253892473	1201253896894
9	1201253897188	1201253901571
9	1201253957225	1201253961750
9	1201253965708	1201253969955
9	1201254209468	1201254213288
9	1201254306280	1201254310670
9	1201254319419	1201254323707
9	1201254705846	1201254708819
9	1201254716740	1201254721610
9	1201254728995	1201254736178
9	1201254738131	1201254743725
9	1201254767406	1201254777286
9	1201254825905	1201254830676
9	1201254835295	1201254839794
9	1201254916737	1201254925908
9	1201254961895	1201254966171
9	1201254979260	1201254984153
9	1201255026282	1201255030219
9	1201255034394	1201255037822
9	1201255091798	1201255096782
9	1201255126369	1201255130478
9	1201255134179	1201255138897
9	1201255141194	1201255144951
9	1201255220788	1201255227227
9	1201255761317	1201255763334
9	1201256034568	1201256038523
9	1201256043415	1201256048192
9	1201256285470	1201256290123
9	1201256290437	1201256296967
9	1201256306880	1201256310992
9	1201256324414	1201256332358
9	1201256332894	1201256341748
9	1201256355281	1201256357271
9	1201256532988	1201256537314
9	1201256538266	1201256546855
9	1201256557975	1201256566944
9	1201256573878	1201256581121
9	1201256594653	1201256603455
9	1201256794651	1201256798778
9	1201256798914	1201256803433
9	1201256804374	1201256811704
9	1201256811922	1201256824207
9	1201256827965	1201256838170
9	1201256843206	1201256848788
9	1201256854129	1201256856834
9	1201256869774	1201256871988
9	1201256873322	1201256877156
9	1201256887806	1201256892705
9	1201256899443	1201256901613
9	1201256911886	1201256914882
9	1201256921338	1201256925494
9	1201256926278	1201256934560
9	1201256935497	1201256937263
9	1201256941118	1201256947670
9	1201256949153	1201256951717
9	1201256952106	1201256954540
9	1201256955870	1201256959978
9	1201256962652	1201256964747
9	1201256965335	1201256967467
9	1201256972171	1201256975290
9	1201256980180	1201256982793
9	1201256983403	1201256985772
9	1201256986576	1201256989997
9	1201256991656	1201256995904
9	1201256998436	1201257003653
9	1201257010944	1201257016567
9	1201257023399	1201257024775
9	1201257036673	1201257041102
9	1201257042604	1201257045893
9	1201257046384	1201257057561
9	1201257058933	1201257061211
9	1201257061422	1201257063665
9	1201257069754	1201257075328
9	1201257092938	1201257095981
9	1201257096181	1201257099333
9	1201257104989	1201257110970
9	1201257112343	1201257120112
9	1201257123663	1201257131639
9	1201257153586	1201257157776
9	1201257159606	1201257166489
9	1201257169153	1201257173503
9	1201257174453	1201257177368
9	1201257181996	1201257184974
9	1201257193414	1201257193739
9	1201257197199	1201257201494
9	1201257206768	1201257212109
9	1201257218793	1201257224253
9	1201257226515	1201257232370
9	1201257246830	1201257248316
9	1201257250134	1201257255702
9	1201257266338	1201257267669
9	1201257267884	1201257278987
9	1201257284574	1201257295168
9	1201257300476	1201257302929
9	1201257308763	1201257312689
9	1201257313465	1201257319823
9	1201257328389	1201257329709
9	1201257336221	1201257336915
9	1201257341941	1201257343880
9	1201257345611	1201257354593
9	1201257356449	1201257365464
9	1201257409187	1201257410807
9	1201257411291	1201257413623
9	1201257420940	1201257426401
9	1201257429694	1201257439691
9	1201257443553	1201257445487
9	1201257449625	1201257450947
9	1201257463432	1201257467173
9	1201257468661	1201257477839
9	1201257480129	1201257481353
9	1201257481766	1201257489565
9	1201257497504	1201257503926
9	1201257504902	1201257507719
9	1201257509917	1201257512583
9	1201257514703	1201257516306
9	1201257529722	1201257538146
9	1201257543165	1201257546402
9	1201257546940	1201257549595
9	1201257560250	1201257562566
9	1201257568264	1201257570840
9	1201257578205	1201257581284
9	1201257593594	1201257594932
9	1201257602234	1201257607667
9	1201257623971	1201257628160
9	1201257638529	1201257639872
9	1201257640845	1201257654198
9	1201257659526	1201257668713
9	1201257675364	1201257677579
9	1201257679980	1201257684230
9	1201257691997	1201257694272
9	1201257702858	1201257707336
9	1201257714435	1201257717177
9	1201257737997	1201257746494
9	1201257747654	1201257755419
9	1201257757831	1201257759190
9	1201257759452	1201257774606
9	1201257775709	1201257782284
9	1201257783522	1201257787853
9	1201257791838	1201257794769
9	1201257798748	1201257812601
9	1201257815531	1201257819267
9	1201257828537	1201257830910
9	1201257831510	1201257834954
9	1201257861424	1201257868346
9	1201257892269	1201257893841
9	1201257894448	1201257901516
9	1201257913497	1201257920905
9	1201262163909	1201262166285
9	1201262340206	1201262343642
9	1201262355524	1201262359381
9	1201262359597	1201262362820
9	1201262365683	1201262378252
9	1201262516160	1201262519962
9	1201262566914	1201262571509
9	1201262671639	1201262675980
9	1201262678746	1201262683817
9	1201262719857	1201262722625
9	1201262856640	1201262860722
9	1201262885143	1201262889274
9	1201262933641	1201262935961
9	1201263093585	1201263099298
9	1201265048683	1201265052360
9	1201265053148	1201265057710
9	1201265068315	1201265071731
9	1201265137991	1201265141573
9	1201265191808	1201265193742
9	1201265228510	1201265242196
9	1201265279256	1201265283308
9	1201265333707	1201265336639
9	1201265436917	1201265442281
9	1201265531840	1201265540608
9	1201267103799	1201267105929
9	1201267193146	1201267195195
9	1201277022241	1201277024338
10	1201216760291	1201216763322
10	1201216868322	1201216871254
10	1201217047594	1201217050478
10	1201217138676	1201217141697
10	1201219503295	1201219506168
10	1201219633676	1201219636204
10	1201221629752	1201221633798
10	1201221805256	1201221808123
10	1201221848610	1201221852715
10	1201221875686	1201221879998
10	1201221987477	1201221990333
10	1201222080267	1201222083312
10	1201222158531	1201222161208
10	1201222169556	1201222172410
10	1201222183893	1201222186729
10	1201222231890	1201222234582
10	1201222241102	1201222244460
10	1201222247723	1201222253167
10	1201222254424	1201222256907
10	1201222268807	1201222271205
10	1201254025238	1201254028141
10	1201254058508	1201254062584
10	1201254143458	1201254146134
10	1201254236259	1201254238889
10	1201254775424	1201254778355
10	1201254778750	1201254781896
10	1201257498736	1201257501344
10	1201257556836	1201257558599
10	1201259847879	1201259850796
10	1201259932726	1201259936633
10	1201260099616	1201260102300
10	1201270494961	1201270497259
10	1201270514944	1201270517461
10	1201270620621	1201270623603
10	1201280235426	1201280238107
10	1201280295529	1201280297564
11	1201217137839	1201217139801
11	1201255276187	1201255280254
11	1201259931100	1201259933476
11	1201259952639	1201259955324
11	1201260090510	1201260091663
11	1201260099803	1201260101357
11	1201274166432	1201274168767
11	1201274175181	1201274183118
12	1201221696670	1201221700574
12	1201221700876	1201221703338
12	1201221744124	1201221747658
12	1201221790251	1201221792387
12	1201221860836	1201221863546
12	1201221920771	1201221922738
12	1201221965584	1201221969145
12	1201221971792	1201221977365
12	1201221983720	1201221989558
12	1201221990316	1201221991890
12	1201222001265	1201222003902
12	1201222013723	1201222017738
12	1201222017855	1201222020180
12	1201222020512	1201222027434
12	1201222027559	1201222028745
12	1201222032611	1201222037887
12	1201222177745	1201222179553
12	1201222190177	1201222192978
12	1201222254236	1201222256585
12	1201252066363	1201252071375
12	1201259992128	1201260001192
12	1201260010637	1201260017469
12	1201260071747	1201260078417
12	1201260088103	1201260093260
12	1201260734564	1201260737558
12	1201260738854	1201260751458
12	1201260927802	1201260930992
12	1201262264831	1201262267499
12	1201262317290	1201262318523
12	1201262830378	1201262832844
12	1201262840323	1201262845261
12	1201262848448	1201262852180
12	1201262858168	1201262860592
12	1201274152591	1201274156799
12	1201274157364	1201274162770
12	1201274162913	1201274167618
13	1201219672548	1201219674236
13	1201220505814	1201220508476
13	1201220517508	1201220519726
13	1201221038689	1201221043692
13	1201221056765	1201221059405
13	1201221695414	1201221700443
13	1201221862704	1201221866518
13	1201221866638	1201221869590
13	1201221915230	1201221923827
13	1201221924465	1201221926760
13	1201221929449	1201221937110
13	1201221938818	1201221941122
13	1201221946875	1201221948414
13	1201221949910	1201221954343
13	1201222036451	1201222041289
13	1201222049192	1201222059128
13	1201222102743	1201222107151
13	1201222109625	1201222113981
13	1201222118858	1201222135552
13	1201222135798	1201222143957
13	1201222144254	1201222149896
13	1201222150609	1201222159299
13	1201222160954	1201222166800
13	1201222169893	1201222173871
13	1201222176963	1201222180819
13	1201222292721	1201222294869
13	1201252069667	1201252071775
13	1201252074949	1201252077256
13	1201252089415	1201252092763
13	1201252095327	1201252098648
13	1201252099342	1201252100909
13	1201252106964	1201252109926
13	1201252114265	1201252116161
13	1201255151590	1201255153666
13	1201260075257	1201260079904
13	1201260082906	1201260084971
13	1201260086721	1201260087963
13	1201262265999	1201262268362
13	1201262314439	1201262318184
13	1201262770769	1201262772879
13	1201262851657	1201262855182
13	1201262856403	1201262859492
14	1201221648851	1201221651352
14	1201221656266	1201221667534
14	1201221670450	1201221672800
14	1201221673800	1201221675841
14	1201221676608	1201221677930
14	1201221678991	1201221683197
14	1201221732826	1201221737320
14	1201221762900	1201221764245
14	1201221770502	1201221774228
14	1201221783784	1201221788117
14	1201221794411	1201221800188
14	1201221800452	1201221803922
14	1201221821945	1201221827499
14	1201221828466	1201221840776
14	1201221842486	1201221845399
14	1201221869200	1201221873724
14	1201251515538	1201251517820
14	1201251517988	1201251521555
14	1201253752420	1201253756483
14	1201253767597	1201253769633
14	1201253787517	1201253790517
14	1201253891515	1201253893711
14	1201253898909	1201253901177
14	1201253918501	1201253922334
14	1201253956442	1201253959506
14	1201254220471	1201254222284
14	1201254287227	1201254299676
14	1201254300798	1201254302898
14	1201254303812	1201254308566
14	1201254313154	1201254317491
14	1201254322543	1201254326100
14	1201254326236	1201254329635
14	1201254374562	1201254375846
14	1201254375965	1201254381886
14	1201254395549	1201254396843
14	1201254406374	1201254408515
14	1201254428876	1201254432801
14	1201254451192	1201254453540
14	1201254454700	1201254455988
14	1201254460360	1201254462847
14	1201254499740	1201254504770
14	1201254527198	1201254529648
14	1201254593291	1201254595956
14	1201254596838	1201254599686
14	1201254622292	1201254624425
14	1201254626455	1201254630409
14	1201254643614	1201254645622
14	1201254647350	1201254650119
14	1201254662831	1201254665374
14	1201254677526	1201254679357
14	1201254679492	1201254682457
14	1201254689461	1201254691861
14	1201254730841	1201254734207
14	1201254747682	1201254750860
14	1201254836887	1201254838934
14	1201254842216	1201254844368
14	1201254846195	1201254848314
14	1201254859138	1201254864290
14	1201254872529	1201254877433
14	1201254877740	1201254880639
14	1201254886390	1201254888676
14	1201254894854	1201254898569
14	1201254903202	1201254906900
14	1201254911132	1201254914333
14	1201254915945	1201254918125
14	1201254922768	1201254926952
14	1201254931348	1201254933808
14	1201254945157	1201254950161
14	1201254955281	1201254957436
14	1201254961596	1201254964149
14	1201254980736	1201254984887
14	1201254997579	1201255001939
14	1201255004116	1201255011194
14	1201255024167	1201255030318
14	1201255042782	1201255044758
14	1201255049853	1201255051817
14	1201255053100	1201255060100
14	1201255111957	1201255114482
14	1201255118957	1201255129603
14	1201255135753	1201255138291
14	1201255140119	1201255142391
14	1201255147725	1201255151943
14	1201255199618	1201255203353
14	1201255219668	1201255223331
14	1201255224264	1201255226562
14	1201255236658	1201255239304
14	1201255244601	1201255246261
14	1201255279226	1201255284853
14	1201255295656	1201255299577
14	1201255304784	1201255307986
14	1201255312900	1201255322829
14	1201255323615	1201255325869
14	1201255351155	1201255356513
14	1201255370883	1201255380334
14	1201255383751	1201255385905
14	1201255444754	1201255446210
14	1201255457981	1201255460110
14	1201255460406	1201255463147
14	1201255464733	1201255466715
14	1201255468601	1201255471319
14	1201255484500	1201255487276
14	1201255489873	1201255493901
14	1201255510305	1201255523983
14	1201255526266	1201255527550
14	1201255528626	1201255533783
14	1201255538263	1201255548974
14	1201255551824	1201255553980
14	1201255556164	1201255558592
14	1201255563658	1201255570386
14	1201256044841	1201256047173
14	1201256295907	1201256300653
14	1201256337660	1201256339536
14	1201256575975	1201256579527
14	1201256793824	1201256797904
14	1201256813266	1201256815950
14	1201259704995	1201259707511
14	1201262165184	1201262167435
14	1201262855523	1201262857412
14	1201265592337	1201265594667
14	1201265594889	1201265596185
14	1201266053108	1201266055172
14	1201267104653	1201267106955
14	1201277022707	1201277024989
15	1201221636174	1201221639704
15	1201221649263	1201221651713
15	1201221655624	1201221657906
15	1201221660527	1201221666484
15	1201221735804	1201221739748
15	1201221745580	1201221748983
15	1201221784139	1201221789566
15	1201221793859	1201221796413
15	1201221796659	1201221804851
15	1201221811830	1201221814558
15	1201221821717	1201221824283
15	1201221829112	1201221833208
15	1201221834142	1201221836674
15	1201221837640	1201221840403
15	1201221846413	1201221848422
15	1201221849433	1201221859794
15	1201221869316	1201221873603
15	1201251514279	1201251521823
15	1201253752847	1201253756211
15	1201253767925	1201253770255
15	1201253787169	1201253794507
15	1201253889802	1201253894393
15	1201253899311	1201253902601
15	1201253918376	1201253920942
15	1201253955967	1201253958437
15	1201253967256	1201253970959
15	1201254208323	1201254210444
15	1201254286229	1201254288730
15	1201254293177	1201254293457
15	1201254295224	1201254298941
15	1201254304736	1201254308786
15	1201254376398	1201254378628
15	1201254703941	1201254707120
15	1201254787808	1201254792616
15	1201254821914	1201254825639
15	1201254837137	1201254840435
15	1201254881164	1201254882947
15	1201254903842	1201254906443
15	1201254922653	1201254926728
15	1201254930977	1201254934354
15	1201254943537	1201254946896
15	1201254947275	1201254951631
15	1201254958557	1201254962120
15	1201254980989	1201254984721
15	1201255004524	1201255006876
15	1201255024302	1201255027414
15	1201255093763	1201255096269
15	1201255112899	1201255115390
15	1201255117857	1201255120704
15	1201255121703	1201255127878
15	1201255135874	1201255139333
15	1201255139798	1201255141991
15	1201255258960	1201255263677
15	1201255296405	1201255298655
15	1201255304625	1201255305908
15	1201255315120	1201255317607
15	1201255318318	1201255322944
15	1201255351295	1201255353597
15	1201255468331	1201255471578
15	1201255510691	1201255515544
15	1201255516152	1201255520254
15	1201255526744	1201255527358
15	1201255541113	1201255546929
15	1201255567816	1201255571506
15	1201255760531	1201255762585
15	1201256033477	1201256036852
15	1201256045453	1201256049182
15	1201256267985	1201256270180
15	1201256297849	1201256303537
15	1201256310784	1201256314491
15	1201256335959	1201256339656
15	1201256559312	1201256562920
15	1201256576999	1201256577689
15	1201256793666	1201256797689
15	1201259404907	1201259407819
15	1201262155475	1201262158843
15	1201262165538	1201262167942
15	1201262335357	1201262338926
15	1201262378795	1201262382970
15	1201262514603	1201262517602
15	1201262568832	1201262572973
15	1201262670579	1201262673403
15	1201262721677	1201262725583
15	1201262854727	1201262858304
15	1201263096758	1201263097960
15	1201263625459	1201263629251
15	1201265046915	1201265050400
15	1201265106181	1201265109306
15	1201265591539	1201265594523
15	1201265595265	1201265605894
15	1201265606143	1201265608526
15	1201267104915	1201267109564
15	1201267192257	1201267195331
15	1201277022957	1201277026793
15	1201277110454	1201277113423
16	1201216866945	1201216870294
16	1201217049366	1201217051370
16	1201219504668	1201219506812
16	1201219604671	1201219606563
16	1201219632500	1201219634408
16	1201221631766	1201221634514
16	1201221635371	1201221639841
16	1201221736308	1201221740725
16	1201221743471	1201221748810
16	1201221806803	1201221813530
16	1201221846978	1201221849700
16	1201221856680	1201221859573
16	1201221871958	1201221876804
16	1201222168164	1201222170878
16	1201222185253	1201222187182
16	1201251512726	1201251514545
16	1201253887994	1201253889616
16	1201254027279	1201254029368
16	1201254144981	1201254147662
16	1201254235351	1201254237627
16	1201254773779	1201254776790
16	1201254780405	1201254782658
16	1201255094247	1201255097506
16	1201255259592	1201255263262
16	1201255487740	1201255493440
16	1201255521840	1201255523105
16	1201255532314	1201255535806
16	1201256045961	1201256048807
16	1201257499992	1201257502181
16	1201257554924	1201257556895
16	1201257975636	1201257977575
16	1201259849802	1201259851804
16	1201260101132	1201260103126
16	1201262138226	1201262144574
16	1201262146586	1201262149220
16	1201262150839	1201262156749
16	1201262335118	1201262337145
16	1201262377944	1201262379203
16	1201262379675	1201262381283
16	1201262514296	1201262516590
16	1201262569769	1201262571119
16	1201262670437	1201262672377
16	1201262721900	1201262725239
16	1201262853521	1201262857659
16	1201262860994	1201262865776
16	1201262886928	1201262889936
16	1201262932698	1201262935795
16	1201263097129	1201263100646
16	1201263626111	1201263628199
16	1201265045852	1201265049532
16	1201265173304	1201265174531
16	1201265185134	1201265189930
16	1201265216762	1201265219176
16	1201265536273	1201265538918
16	1201265590481	1201265593651
16	1201265599218	1201265602825
16	1201270493382	1201270495555
16	1201270516340	1201270517613
16	1201270619235	1201270622734
16	1201277110189	1201277112156
16	1201277762813	1201277763827
16	1201280293434	1201280294644
17	1201216762355	1201216773354
17	1201216866820	1201216870630
17	1201217135837	1201217137713
17	1201219504928	1201219507139
17	1201221807758	1201221810985
17	1201221873421	1201221876660
17	1201221989787	1201221991755
17	1201222079150	1201222081358
17	1201222185386	1201222187661
17	1201222210237	1201222212314
17	1201222229117	1201222232172
17	1201222270547	1201222272768
17	1201254056578	1201254061496
17	1201254145197	1201254147227
17	1201254234745	1201254237334
17	1201254780588	1201254784162
17	1201255264834	1201255268652
17	1201255274425	1201255278284
17	1201255279103	1201255283218
17	1201255303171	1201255306612
17	1201255346337	1201255349763
17	1201255353727	1201255356276
17	1201255359570	1201255360906
17	1201255369979	1201255372622
17	1201255399815	1201255404388
17	1201257500252	1201257503444
17	1201257554584	1201257557945
17	1201259375405	1201259380363
17	1201259400834	1201259411241
17	1201259930498	1201259933341
17	1201259935496	1201259937913
17	1201259954554	1201259959970
17	1201259978401	1201259979723
17	1201259980870	1201259982927
17	1201260100206	1201260103778
17	1201260733165	1201260739354
17	1201260748606	1201260751145
17	1201260929458	1201260932725
17	1201262317763	1201262321218
17	1201262541696	1201262544510
17	1201262828571	1201262832897
17	1201262851410	1201262855328
17	1201262859831	1201262862400
17	1201265536887	1201265539172
17	1201265593407	1201265600985
17	1201270492895	1201270496207
17	1201274168249	1201274170374
17	1201274235612	1201274239546
17	1201274297730	1201274299619
18	1201217136985	1201217137169
18	1201221746316	1201221748569
18	1201221756533	1201221759133
18	1201222180222	1201222181354
18	1201222182902	1201222189380
18	1201222191357	1201222193792
18	1201222199369	1201222200558
18	1201222206361	1201222210924
18	1201222220197	1201222222361
18	1201222222763	1201222225687
18	1201222225967	1201222228293
18	1201222249192	1201222251726
18	1201222252787	1201222254696
18	1201222257255	1201222259928
18	1201222263183	1201222265366
18	1201222271423	1201222275622
18	1201252065688	1201252068652
18	1201253880122	1201253882905
18	1201253883514	1201253885794
18	1201259929770	1201259933692
18	1201259978765	1201259984260
18	1201260747296	1201260751317
18	1201260929150	1201260932858
18	1201262264111	1201262267247
18	1201262317420	1201262320865
18	1201262828155	1201262832708
18	1201265034276	1201265038787
18	1201265069845	1201265072123
18	1201265098858	1201265103178
18	1201265249705	1201265254864
18	1201265256868	1201265259540
18	1201265259840	1201265261319
18	1201265261335	1201265263481
18	1201265266173	1201265268319
18	1201265283677	1201265285792
18	1201265297359	1201265299483
18	1201265300370	1201265302740
18	1201265309592	1201265311341
18	1201265335361	1201265337784
18	1201265376917	1201265379662
19	1201252294434	1201252296487
19	1201252407283	1201252412193
19	1201259350128	1201259351164
19	1201259354481	1201259356947
19	1201259380609	1201259386152
19	1201259389472	1201259394444
19	1201259395248	1201259399899
19	1201259401594	1201259404789
19	1201265154485	1201265158989
19	1201265649872	1201265651652
19	1201274433291	1201274435110
19	1201274435541	0
20	1201251478726	1201251481104
20	1201251484537	1201251486678
20	1201251497987	1201251514275
20	1201251514784	1201251517703
20	1201251663332	1201251668845
20	1201251677971	1201251680257
20	1201251681425	1201251684748
20	1201251697548	1201251698835
20	1201251704237	1201251706621
20	1201251714726	1201251716932
20	1201251724730	1201251726421
20	1201251903170	1201251905607
20	1201251953302	1201251955861
20	1201251963201	1201251968661
20	1201251991782	1201251994455
20	1201251996942	1201251999601
20	1201252044459	1201252048695
20	1201252052230	1201252053502
20	1201252104809	1201252109793
20	1201252130920	1201252132387
20	1201252140543	1201252144680
20	1201252156292	1201252158992
20	1201252160865	1201252165606
20	1201252183711	1201252187745
20	1201252195898	1201252200288
20	1201252206251	1201252208559
20	1201252211872	1201252221114
20	1201252238537	1201252241179
20	1201252247478	1201252249549
20	1201252253316	1201252255285
20	1201252281631	1201252283523
20	1201252292674	1201252301448
20	1201252303852	1201252306695
20	1201252317698	1201252321433
20	1201252323555	1201252329226
20	1201252349647	1201252356661
20	1201252362488	1201252364544
20	1201252365915	1201252368291
20	1201252400862	1201252405497
20	1201252406208	1201252409312
20	1201252411380	1201252416453
20	1201252422399	1201252424961
20	1201252433934	1201252435958
20	1201252436917	1201252439217
20	1201252440265	1201252443392
20	1201252444169	1201252445451
20	1201252446157	1201252449214
20	1201252457373	1201252459723
20	1201252466871	1201252468112
20	1201252473990	1201252475876
20	1201252478456	1201252489133
20	1201252557606	1201252559347
20	1201252561441	1201252563721
20	1201252636471	1201252639788
20	1201252645686	1201252648991
20	1201252649779	1201252652533
20	1201252675459	1201252682974
20	1201252704245	1201252705495
20	1201252813834	1201252815843
20	1201252817211	1201252819552
20	1201252836599	1201252839615
20	1201252851692	1201252854404
20	1201252859810	1201252861840
20	1201252966228	1201252970752
20	1201252977869	1201252980663
20	1201253053137	1201253055609
20	1201253055768	1201253058343
20	1201253101488	1201253104700
20	1201253106308	1201253110690
20	1201253123133	1201253125902
20	1201253127772	1201253130688
20	1201253171928	1201253174432
20	1201253176896	1201253179341
20	1201253181487	1201253183300
20	1201253193444	1201253195659
20	1201253197474	1201253198775
20	1201253246972	1201253249626
20	1201253381472	1201253382690
20	1201253382868	1201253385599
20	1201253414658	1201253419308
20	1201253456977	1201253458926
20	1201253466872	1201253470954
20	1201253479457	1201253482204
20	1201253504396	1201253506922
20	1201253507141	1201253509293
20	1201253548952	1201253551831
20	1201253561556	1201253564144
20	1201253576533	1201253578835
20	1201253590714	1201253593297
20	1201253713930	1201253716179
20	1201253717329	1201253720199
20	1201253720988	1201253722272
20	1201253769751	1201253777489
20	1201253780365	1201253782318
20	1201253782626	1201253784874
20	1201253922284	1201253929788
20	1201253940915	1201253948472
20	1201253951992	1201253959548
20	1201253969519	1201253972625
20	1201253983820	1201253989360
20	1201254203884	1201254210903
20	1201254222611	1201254229263
20	1201254239275	1201254241761
20	1201254258339	1201254259579
20	1201254280494	1201254282879
20	1201254300940	1201254303400
20	1201254372493	1201254378966
20	1201254472457	1201254473681
20	1201254635711	1201254637656
20	1201254649297	1201254654990
20	1201254813688	1201254816610
20	1201254819730	1201254828899
20	1201254829767	1201254832340
20	1201254835162	1201254837433
20	1201254840130	1201254843699
20	1201254845403	1201254853438
20	1201254885482	1201254887725
20	1201254927824	1201254930171
20	1201254937844	1201254945491
20	1201254946813	1201254953840
20	1201254984425	1201254986940
20	1201255020833	1201255024513
20	1201255044675	1201255050234
20	1201255062359	1201255066393
20	1201255096883	1201255099215
20	1201255104812	1201255112145
20	1201255136693	1201255142169
20	1201255144229	1201255150892
20	1201255153426	1201255159795
20	1201255187144	1201255193986
20	1201255246733	1201255251572
20	1201255279428	1201255281919
20	1201255287969	1201255291862
20	1201255340823	1201255344416
20	1201255361414	1201255364595
20	1201255366705	1201255370112
20	1201255371619	1201255372894
20	1201255393609	1201255398215
20	1201255414479	1201255417410
20	1201255421567	1201255425573
20	1201255455279	1201255455604
20	1201255465387	1201255468274
20	1201255473297	1201255477433
20	1201255484192	1201255490889
20	1201255493138	1201255495576
20	1201255502611	1201255504654
20	1201255509450	1201255517662
20	1201255518478	1201255522547
20	1201255531852	1201255541985
20	1201255546283	1201255556564
20	1201259005838	1201259017160
20	1201259333674	1201259335681
20	1201259360415	1201259365605
20	1201259371308	1201259373222
20	1201259374756	1201259378586
20	1201259398548	1201259402905
20	1201262123389	1201262125461
20	1201262131271	1201262134192
20	1201264529732	1201264531460
20	1201264532366	1201264535187
20	1201264539128	1201264548939
20	1201264549215	1201264551999
20	1201264565454	1201264567909
20	1201264569484	1201264576131
20	1201265010502	1201265017190
20	1201265041743	1201265048565
20	1201265053836	1201265056188
20	1201265058779	1201265061196
20	1201265067849	1201265071165
20	1201265091358	1201265106334
20	1201265110433	1201265112993
20	1201265118980	1201265121676
20	1201265146274	1201265149292
20	1201265150805	1201265160724
20	1201265195627	1201265198263
20	1201265223393	1201265227853
20	1201265235829	1201265240489
20	1201265288464	1201265292173
20	1201265305675	1201265314225
20	1201265314819	1201265317366
20	1201265333223	1201265337517
20	1201265380824	1201265384251
20	1201265414760	1201265419640
20	1201265454861	1201265460111
20	1201265470283	1201265472588
20	1201265478184	1201265482803
20	1201265482931	1201265488539
20	1201265495574	1201265497749
20	1201265538549	1201265543445
20	1201265649340	1201265651844
20	1201265668279	1201265670548
20	1201265743508	1201265745534
20	1201265754902	1201265757469
20	1201265851400	1201265854131
20	1201266441939	1201266444226
20	1201266838300	1201266839504
20	1201266851663	1201266858666
20	1201266859981	1201266877590
20	1201266882587	1201266886798
20	1201266896483	1201266898911
20	1201266903349	1201266912125
20	1201266940891	1201266954621
20	1201266956326	1201266961679
20	1201266962179	1201266964299
20	1201266970131	1201266975864
20	1201266979843	1201266979966
20	1201266986523	1201266989637
20	1201266989905	1201266992630
20	1201266995623	1201267001795
20	1201267010749	1201267013481
20	1201267014501	1201267018490
20	1201267028332	1201267031145
20	1201267031813	1201267036350
20	1201267053890	1201267056646
20	1201267069288	1201267072250
20	1201267079960	1201267082401
20	1201267111340	1201267114213
20	1201267117146	1201267119640
20	1201267184829	1201267196219
20	1201267242384	1201267246339
20	1201267278877	1201267283197
20	1201267292859	1201267295601
20	1201267296157	1201267299351
20	1201267381618	1201267384442
20	1201267385244	1201267391587
20	1201267442931	1201267445810
20	1201267448148	1201267450716
20	1201267547459	1201267550296
20	1201267556667	1201267561211
20	1201267584220	1201267590992
20	1201267650667	1201267653433
20	1201267661170	1201267663786
20	1201267696588	1201267699656
20	1201267704244	1201267709454
20	1201267720971	1201267725827
20	1201267767685	1201267773184
20	1201267778103	1201267783531
20	1201267802443	1201267804785
20	1201267812496	1201267815416
20	1201267885221	1201267887936
20	1201267888788	1201267890934
20	1201267891277	1201267895681
20	1201268000644	1201268005205
20	1201268040334	1201268045871
20	1201268049678	1201268052421
20	1201268058418	1201268060914
20	1201268069896	1201268075284
20	1201268084910	1201268086859
20	1201268089593	1201268092191
20	1201268094704	1201268098558
20	1201268121453	1201268124186
20	1201268128708	1201268130660
20	1201268130811	1201268135520
20	1201268136920	1201268140854
20	1201268230217	1201268235938
20	1201268237837	1201268240367
20	1201268334756	1201268337400
20	1201268337654	1201268340367
20	1201268348405	1201268352972
20	1201268362216	1201268365107
20	1201268366412	1201268370901
20	1201268375742	1201268378743
20	1201268481388	1201268485546
20	1201268514475	1201268516922
20	1201268596160	1201268598806
20	1201268602947	1201268605506
20	1201268609991	1201268614120
20	1201268685932	1201268688656
20	1201268688816	1201268690978
20	1201268692155	1201268694774
20	1201268696559	1201268699409
20	1201268701713	1201268704314
20	1201268747467	1201268752840
20	1201268829787	1201268835771
20	1201268847931	1201268850314
20	1201268889885	1201268892532
20	1201268893926	1201268895877
20	1201268944546	1201268949647
20	1201268968942	1201268970770
20	1201268971229	1201268975281
20	1201268983751	1201268985280
20	1201269058652	1201269061231
20	1201269067774	1201269070483
20	1201269178446	1201269180605
20	1201269181519	1201269183956
20	1201269338774	1201269340820
20	1201269417313	1201269419902
20	1201269420811	1201269427807
20	1201269434624	1201269437214
20	1201269443672	1201269445952
20	1201269463247	1201269468381
20	1201269491847	1201269494369
20	1201269500534	1201269502905
20	1201269522328	1201269524997
20	1201269525901	1201269528490
20	1201269531936	1201269533554
20	1201269539820	1201269542965
20	1201269569370	1201269571963
20	1201269588277	1201269590505
20	1201269594632	1201269600866
20	1201269603864	1201269606194
20	1201269634766	1201269638883
20	1201269666822	1201269668466
20	1201269677857	1201269680475
20	1201269684583	1201269686829
20	1201269693157	1201269695672
20	1201269702940	1201269705266
20	1201269772463	1201269774456
20	1201269815848	1201269821516
20	1201269830529	1201269833224
20	1201269835393	1201269837962
20	1201269942426	1201269945544
20	1201269945892	1201269948582
20	1201269982105	1201269984759
20	1201269987124	1201269989567
20	1201270000643	1201270004998
20	1201270006146	1201270009913
20	1201270043718	1201270046507
20	1201270051375	1201270053342
20	1201270174192	1201270176837
20	1201270184838	1201270187306
20	1201270190354	1201270192989
20	1201270208130	1201270213212
20	1201270216436	1201270218988
20	1201270220272	1201270221555
20	1201270233428	1201270237631
20	1201270299467	1201270301678
20	1201270310548	1201270312938
20	1201270418862	1201270421260
20	1201270421556	1201270425601
20	1201270431242	1201270439628
20	1201270439936	1201270442584
20	1201270485777	1201270488490
20	1201270492119	1201270494417
20	1201270520713	1201270523405
20	1201270525760	1201270528280
20	1201270533934	1201270545162
20	1201270557179	1201270559499
20	1201270561831	1201270564605
20	1201270565323	1201270567781
20	1201270571700	1201270575626
20	1201270583830	1201270588783
20	1201270590531	1201270593117
20	1201270611492	1201270616243
20	1201270624602	1201270629802
20	1201270781808	1201270786477
20	1201270789306	1201270793449
20	1201270843386	1201270846475
20	1201270846632	1201270849404
20	1201270871617	1201270874309
20	1201270875995	1201270878521
20	1201270886334	1201270888733
20	1201270978306	1201270980920
20	1201270985550	1201270987992
20	1201271065165	1201271073907
20	1201271074486	1201271077140
20	1201271374724	1201271379557
20	1201271384400	1201271386789
20	1201271392644	1201271395886
20	1201271397776	1201271400246
20	1201271403841	1201271410705
20	1201271413870	1201271416519
20	1201271421680	1201271427296
20	1201271445142	1201271447803
20	1201271449223	1201271451810
20	1201271534497	1201271537184
20	1201271541444	1201271543950
20	1201271547877	1201271550941
20	1201271556268	1201271561569
20	1201271565371	1201271569417
20	1201271583401	1201271586323
20	1201271589137	1201271591573
20	1201271619403	1201271621753
20	1201271629948	1201271632499
20	1201271635595	1201271637595
20	1201271657109	1201271659781
20	1201271665148	1201271666818
20	1201271668995	1201271671202
20	1201271728851	1201271731482
20	1201271734813	1201271737371
20	1201271744148	1201271752278
20	1201271761146	1201271766484
20	1201271780409	1201271786794
20	1201271802849	1201271805443
20	1201271811368	1201271815997
20	1201271830160	1201271833715
20	1201271835508	1201271838309
20	1201271842485	1201271845109
20	1201271849994	1201271852372
20	1201271861848	1201271865106
20	1201271875669	1201271878215
20	1201271883690	1201271886705
20	1201271887593	1201271892476
20	1201271934226	1201271936811
20	1201271942413	1201271943997
20	1201271949467	1201271954283
20	1201271993428	1201271995520
20	1201272001362	1201272002306
20	1201272025746	1201272030946
20	1201272037881	1201272040482
20	1201272041840	1201272044321
20	1201272059605	1201272064524
20	1201272081495	1201272085554
20	1201272195729	1201272198251
20	1201272202327	1201272204251
20	1201272246615	1201272251103
20	1201272272397	1201272274531
20	1201272281958	1201272284582
20	1201272284866	1201272287491
20	1201272295987	1201272301201
20	1201272313786	1201272316267
20	1201272318666	1201272320997
20	1201272344631	1201272347223
20	1201272347503	1201272350125
20	1201272369705	1201272376200
20	1201272377543	1201272380276
20	1201272387855	1201272389907
20	1201272394413	1201272397197
20	1201272399456	1201272402680
20	1201272407492	1201272410111
20	1201272417427	1201272419892
20	1201272441745	1201272444287
20	1201272477852	1201272479100
20	1201272479230	1201272483108
20	1201272500446	1201272502689
20	1201272508746	1201272511283
20	1201272524967	1201272526676
20	1201272534187	1201272536783
20	1201272543272	1201272545554
20	1201272554750	1201272557277
20	1201272587882	1201272590220
20	1201272593915	1201272595374
20	1201272599498	1201272602339
20	1201272609554	1201272610945
20	1201272619438	1201272621968
20	1201272624822	1201272627239
20	1201272632838	1201272635397
20	1201272635531	1201272639497
20	1201272640853	1201272642641
20	1201272646634	1201272650790
20	1201272665685	1201272668194
20	1201272673530	1201272675675
20	1201272677901	1201272680451
20	1201272681626	1201272684117
20	1201272693762	1201272695683
20	1201272702746	1201272705480
20	1201272724705	1201272726955
20	1201272751757	1201272755607
20	1201272761403	1201272763976
20	1201272767276	1201272769640
20	1201272817524	1201272821697
20	1201272843244	1201272845724
20	1201272847816	1201272850146
20	1201272856736	1201272858717
20	1201272862363	1201272864712
20	1201272884242	1201272888150
20	1201272912150	1201272912158
20	1201272934114	1201272936694
20	1201272945283	1201272949932
20	1201272956558	1201272958858
20	1201273022251	1201273024886
20	1201273025232	1201273027854
20	1201273045621	1201273050464
20	1201273120605	1201273123168
20	1201273124112	1201273126603
20	1201273190369	1201273192956
20	1201273193926	1201273195697
20	1201273215596	1201273219285
20	1201273266249	1201273269890
20	1201273275707	1201273278243
20	1201273289176	1201273289308
20	1201273295807	1201273298554
20	1201273341437	1201273343989
20	1201273349271	1201273351689
20	1201273376409	1201273378847
20	1201273384736	1201273388632
20	1201273399152	1201273401279
20	1201273402829	1201273404379
20	1201273405398	1201273407781
20	1201273415660	1201273417267
20	1201273428116	1201273430294
20	1201273451131	1201273455592
20	1201273459693	1201273462121
20	1201273489173	1201273489392
20	1201273527416	1201273529989
20	1201273536723	1201273538975
20	1201273556520	1201273558503
20	1201273584960	1201273588719
20	1201273593586	1201273595963
20	1201273602559	1201273606733
20	1201273610204	1201273612798
20	1201273619392	1201273621667
20	1201273623914	1201273630167
20	1201273639972	1201273641331
20	1201273641693	1201273644556
20	1201273652703	1201273654397
20	1201273669941	1201273672490
20	1201273673194	1201273675725
20	1201273703553	1201273706125
20	1201273707703	1201273712267
20	1201273712394	1201273714940
20	1201273735285	1201273737353
20	1201273743461	1201273747410
20	1201273750178	1201273752759
20	1201273753181	1201273755769
20	1201273758688	1201273760855
20	1201273776235	1201273779193
20	1201273786611	1201273788908
20	1201273798197	1201273802654
20	1201273803998	1201273808756
20	1201273818749	1201273821393
20	1201273822475	1201273824970
20	1201273865432	1201273869554
20	1201273872983	1201273875579
20	1201273875886	1201273878576
20	1201273953719	1201273956279
20	1201273956755	1201273959413
20	1201273961267	1201273963935
20	1201273969106	1201273971250
20	1201273979972	1201273982596
20	1201273997140	1201273999283
20	1201274003566	1201274008911
20	1201274012359	1201274012560
20	1201274039613	1201274041713
20	1201274045566	1201274050998
20	1201274075254	1201274077102
20	1201274079638	1201274082213
20	1201274112226	1201274114564
20	1201274123182	1201274132136
20	1201274132352	1201274140860
20	1201274318739	1201274336893
20	1201274342448	1201274370422
20	1201274381224	1201274395425
20	1201274436767	1201274438743
20	1201274470349	1201274479878
20	1201274485569	1201274489181
20	1201274496486	1201274500123
21	1201251477363	1201251479231
21	1201251484725	1201251490911
21	1201251495374	1201251505158
21	1201251515564	1201251518587
21	1201251662471	1201251667557
21	1201252055824	1201252058539
21	1201252065548	1201252068141
21	1201252104512	1201252108121
21	1201252409862	1201252416737
21	1201252417999	1201252420769
21	1201253718175	1201253724727
21	1201253745459	1201253747675
21	1201253768891	1201253772182
21	1201253783478	1201253790337
21	1201253921198	1201253925656
21	1201253953400	1201253959218
21	1201253968479	1201253971548
21	1201253983946	1201253989128
21	1201253989488	1201253993176
21	1201254206488	1201254206596
21	1201254221955	1201254224324
21	1201254301923	1201254306911
21	1201254370235	1201254374158
21	1201254924200	1201254932415
21	1201254982608	1201254985962
21	1201255021927	1201255027409
21	1201255535934	1201255540163
21	1201255551204	1201255558964
21	1201255563290	1201255572186
21	1201259005274	1201259007848
21	1201259013773	1201259016668
21	1201259320175	1201259325370
21	1201259326218	1201259329401
21	1201259378723	1201259381708
21	1201259399500	1201259402717
21	1201262122190	1201262125371
21	1201262132132	1201262135156
21	1201264515181	1201264518430
21	1201264524950	1201264526218
21	1201264573294	1201264576549
21	1201265008401	1201265011317
21	1201265014991	1201265044842
21	1201265108860	1201265111556
21	1201265112601	1201265124437
21	1201265247295	1201265249844
21	1201265288624	1201265290237
21	1201265295894	1201265298181
21	1201265304101	1201265305404
21	1201265309191	1201265321166
21	1201265381487	1201265383981
21	1201265393465	1201265394757
21	1201265399429	1201265401913
21	1201265417210	1201265420189
21	1201265490699	1201265496579
21	1201265496843	1201265499478
21	1201265501884	1201265504468
21	1201265504911	1201265507586
21	1201265538534	1201265542902
21	1201265648358	1201265651492
21	1201265668418	1201265672228
21	1201266873389	1201266877747
21	1201266882237	1201266886581
21	1201266905368	1201266911329
21	1201266938999	1201266943551
21	1201273584655	1201273587159
21	1201273602342	1201273605655
21	1201274316873	1201274320575
21	1201274331451	1201274336487
21	1201274341339	1201274344431
21	1201274365612	1201274370469
21	1201274392123	1201274397859
21	1201274428299	1201274433849
21	1201274436942	1201274441213
21	1201274454301	1201274456832
21	1201274469365	1201274470647
21	1201274490506	1201274492525
21	1201274502167	1201274504553
22	1201219605620	1201219607470
22	1201251476753	1201251479390
22	1201251490430	1201251497707
22	1201251516534	1201251519400
22	1201251661626	1201251664160
22	1201252292360	1201252294906
22	1201252417851	1201252421303
22	1201253988322	1201253995150
22	1201253995598	1201254000895
22	1201254006474	1201254013132
22	1201254201890	1201254204400
22	1201254369336	1201254372373
22	1201254838629	1201254840593
22	1201256337221	1201256342194
22	1201256349737	1201256353640
22	1201256353760	1201256355568
22	1201256545454	1201256548757
22	1201256557858	1201256562716
22	1201256577197	1201256578484
22	1201256779780	1201256783237
22	1201256792731	1201256797369
22	1201259004661	1201259007247
22	1201259014700	1201259017310
22	1201259319139	1201259321483
22	1201259328466	1201259328980
22	1201262121479	1201262123958
22	1201262133195	1201262136809
22	1201264574476	1201264577173
22	1201265007363	1201265010767
22	1201265023240	1201265025369
22	1201265036860	1201265037388
22	1201265121805	1201265125198
22	1201265647428	1201265650414
22	1201265669345	1201265672426
22	1201266937659	1201266941415
22	1201273603525	1201273606292
22	1201274136681	1201274139460
22	1201274277239	1201274291655
22	1201274302890	1201274306716
22	1201274315157	1201274319324
22	1201274333805	1201274336622
22	1201274394461	1201274398656
22	1201274427124	1201274429928
22	1201274438491	1201274441542
22	1201274456443	1201274459759
22	1201274490858	1201274493575
22	1201274503290	1201274505213
23	1201222160644	1201222163846
23	1201222167160	1201222169922
23	1201251475675	1201251477795
23	1201251517326	1201251520502
23	1201251660796	1201251663471
23	1201252291612	1201252294699
23	1201252418827	1201252422271
23	1201253792521	1201253795925
23	1201253901295	1201253904799
23	1201253915274	1201253918756
23	1201253991750	1201253997918
23	1201253998313	1201254004558
23	1201254005218	1201254008959
23	1201254011462	1201254014262
23	1201254322825	1201254326532
23	1201254702812	1201254704580
23	1201254785886	1201254788748
23	1201254838451	1201254841615
23	1201254913935	1201254916974
23	1201255759103	1201255762301
23	1201256032523	1201256034442
23	1201259318541	1201259320894
23	1201259357944	1201259359985
23	1201259364135	1201259367506
23	1201259375707	1201259377894
23	1201259407705	1201259411689
23	1201259703261	1201259705266
23	1201262134510	1201262136966
23	1201262166815	1201262170486
23	1201264575339	1201264577883
23	1201265006659	1201265009363
23	1201265122760	1201265126176
23	1201265138973	1201265141883
23	1201265146406	1201265148506
23	1201265234167	1201265237905
23	1201265604394	1201265607450
23	1201265607910	1201265610463
23	1201265646798	1201265649653
23	1201266051319	1201266053388
23	1201266909812	1201266911790
23	1201266937322	1201266939887
23	1201267106679	1201267108706
23	1201273581767	1201273583907
23	1201273604199	1201273607685
23	1201274137811	1201274140626
23	1201274240598	1201274245205
23	1201274263948	1201274271978
23	1201274272653	1201274274847
23	1201274276771	1201274284639
23	1201274305380	1201274309551
23	1201274311753	1201274314817
23	1201274334920	1201274342307
23	1201274396312	1201274404482
23	1201274408613	1201274412724
23	1201274425656	1201274428446
23	1201274492236	1201274496369
23	1201277024852	1201277026291
24	1201216772428	1201216775499
24	1201216865474	1201216868195
24	1201217050338	1201217054100
24	1201219505547	1201219508870
24	1201219602771	1201219605287
24	1201222233268	1201222236626
24	1201222238210	1201222239997
24	1201222241809	1201222245912
24	1201222308238	1201222311124
24	1201251474472	1201251476543
24	1201251510286	1201251513616
24	1201251521675	1201251524848
24	1201251525436	1201251527247
24	1201252064164	1201252066164
24	1201252290940	1201252293444
24	1201253793951	1201253797212
24	1201253909617	1201253919422
24	1201254012863	1201254015853
24	1201254028701	1201254032192
24	1201254053808	1201254058382
24	1201254145883	1201254148116
24	1201254283600	1201254285546
24	1201254701816	1201254705335
24	1201254781780	1201254788578
24	1201255095777	1201255098482
24	1201255118761	1201255122132
24	1201255262928	1201255265134
24	1201255450387	1201255452156
24	1201255467249	1201255470652
24	1201255571322	1201255573763
24	1201255574194	1201255576828
24	1201255758371	1201255760403
24	1201256031564	1201256034954
24	1201256047477	1201256051990
24	1201257501401	1201257504961
24	1201257553639	1201257555758
24	1201257977247	1201257979723
24	1201259357187	1201259358827
24	1201259365169	1201259367739
24	1201259373940	1201259377328
24	1201259410484	1201259414568
24	1201259851338	1201259853515
24	1201260101967	1201260105673
24	1201262119636	1201262121202
24	1201262136198	1201262138636
24	1201262167731	1201262170700
24	1201262333110	1201262335849
24	1201262379540	1201262384339
24	1201262512745	1201262515394
24	1201262571134	1201262574289
24	1201262668737	1201262671369
24	1201262723320	1201262726273
24	1201262864600	1201262867212
24	1201262888268	1201262890728
24	1201262931316	1201262933362
24	1201263098580	1201263102625
24	1201263627857	1201263630579
24	1201264512873	1201264514651
24	1201264576377	1201264578251
24	1201265017562	1201265020968
24	1201265124634	1201265127492
24	1201265136418	1201265140369
24	1201265244881	1201265249688
24	1201265537543	1201265541871
24	1201265558837	1201265561691
24	1201265588686	1201265591329
24	1201265605120	1201265608270
24	1201265608832	1201265610524
24	1201265675812	1201265678678
24	1201265703858	1201265706744
24	1201266911603	1201266914177
24	1201267107627	1201267110485
24	1201267189712	1201267193754
24	1201270491844	1201270495331
24	1201273581176	1201273583159
24	1201274139128	1201274141994
24	1201274280900	1201274286291
24	1201274302772	1201274306597
24	1201274515556	1201274516729
24	1201277024739	1201277028158
24	1201277108460	1201277111202
24	1201280238297	1201280241440
25	1201216772890	1201216777557
25	1201216780697	1201216783337
25	1201217134936	1201217138107
25	1201219505804	1201219506992
25	1201221990526	1201221994263
25	1201222077741	1201222081893
25	1201222186863	1201222193657
25	1201222195265	1201222198697
25	1201222234454	1201222236833
25	1201222240661	1201222244640
25	1201222273446	1201222278720
25	1201222311495	1201222313631
25	1201251506904	1201251513913
25	1201251526976	1201251529331
25	1201254146490	1201254148254
25	1201254233207	1201254236946
25	1201255450393	1201255454864
25	1201255466307	1201255470524
25	1201255572320	1201255575434
25	1201255578318	1201255584726
25	1201257501603	1201257504760
25	1201257553755	1201257556504
25	1201259374736	1201259375185
25	1201259411906	1201259415881
25	1201259418438	1201259423267
25	1201259928799	1201259934742
25	1201260101532	1201260105799
25	1201260731615	1201260737851
25	1201260749926	1201260752980
25	1201260930572	1201260934265
25	1201262135536	1201262139662
25	1201262262977	1201262266432
25	1201262319215	1201262322905
25	1201262668407	1201262669605
25	1201262825723	1201262830351
25	1201262866492	1201262870306
25	1201265014455	1201265019546
25	1201265379878	1201265383760
25	1201265384749	1201265388972
25	1201265534585	1201265537168
25	1201265537930	1201265541616
25	1201265559600	1201265561784
25	1201265590365	1201265593265
25	1201265676480	1201265680210
25	1201265703578	1201265704847
25	1201274146416	1201274149979
25	1201274239428	1201274243649
25	1201274268335	1201274272920
25	1201274277404	1201274283367
25	1201280239634	1201280241613
25	1201280498992	1201280500198
26	1201222236960	1201222238845
26	1201265447935	1201265449856
26	1201265459627	1201265463263
26	1201265468329	1201265470484
26	1201265491279	1201265492484
26	1201265493973	1201265496712
26	1201265517826	1201265521620
26	1201265524339	1201265528796
26	1201265560347	1201265563804
26	1201265573100	1201265574969
26	1201265586227	1201265590805
27	1201219606280	1201219608545
27	1201219630693	1201219633903
27	1201222161514	1201222164598
27	1201222165920	1201222168860
27	1201256337890	1201256342892
27	1201256352205	1201256355412
27	1201256545988	1201256549683
27	1201256557299	1201256560953
27	1201256577971	1201256581753
27	1201256590888	1201256594908
27	1201256780200	1201256784937
27	1201256792302	1201256796194
27	1201265537286	1201265540364
27	1201265556129	1201265558252
27	1201265628493	1201265630217
27	1201265670876	1201265672548
27	1201265705988	1201265710254
27	1201265722468	1201265724218
27	1201265914203	1201265917798
27	1201266134818	1201266138924
27	1201266148947	1201266151732
27	1201270518108	1201270520162
27	1201270525332	1201270526995
27	1201270617174	1201270619736
27	1201280291953	1201280294233
28	1201253902953	1201253904633
28	1201254198510	1201254203405
28	1201254368459	1201254370756
28	1201254839303	1201254844246
28	1201254911286	1201254916853
28	1201255570110	1201255572984
28	1201265536629	1201265540186
28	1201265556671	1201265559896
28	1201265627718	1201265630354
28	1201265638893	1201265640811
28	1201265671539	1201265677850
28	1201265705573	1201265709220
28	1201265722616	1201265725437
28	1201265902410	1201265906375
28	1201265915109	1201265917932
28	1201266134239	1201266137765
28	1201266148726	1201266152405
28	1201270526512	1201270528413
28	1201270587607	1201270589551
28	1201280246656	1201280249649
28	1201280252104	1201280254968
29	1201216864953	1201216867210
29	1201222273138	1201222276912
29	1201252290316	1201252291874
29	1201252421233	1201252422889
29	1201254053489	1201254055178
29	1201254197156	1201254198927
29	1201254700869	1201254702659
29	1201255571905	1201255574537
29	1201255574779	1201255576989
29	1201262136582	1201262138758
29	1201262192563	1201262194515
29	1201265018805	1201265023779
29	1201265042766	1201265045239
29	1201265125707	1201265127876
29	1201265134951	1201265136881
29	1201265237687	1201265239933
29	1201265243270	1201265245454
29	1201265626621	1201265629218
29	1201265639778	1201265641754
29	1201265645287	1201265647292
29	1201266132983	1201266135879
29	1201266150554	1201266152474
29	1201266934761	1201266938225
29	1201270586787	1201270588599
29	1201274173783	1201274175567
30	1201216784239	1201216787729
30	1201216858925	1201216862603
30	1201217051722	1201217055312
30	1201219506293	1201219509776
30	1201219601814	1201219605428
30	1201221991180	1201221992387
30	1201222077826	1201222078803
30	1201222235828	1201222239535
30	1201222319231	1201222321877
30	1201251509269	1201251511934
30	1201251519768	1201251521300
30	1201251527938	1201251538222
30	1201251659108	1201251662616
30	1201252063101	1201252065433
30	1201252421430	1201252423743
30	1201254013984	1201254017977
30	1201254029608	1201254037865
30	1201254047235	1201254050123
30	1201254051441	1201254055306
30	1201254146765	1201254147975
30	1201254195748	1201254197818
30	1201254232676	1201254235962
30	1201254281681	1201254284408
30	1201254700185	1201254703125
30	1201254783211	1201254787406
30	1201255116990	1201255120124
30	1201255451190	1201255454571
30	1201255464851	1201255469243
30	1201255572825	1201255577343
30	1201255582110	1201255585563
30	1201255757197	1201255759859
30	1201256048670	1201256051871
30	1201256860177	1201256863230
30	1201256863628	1201256867748
30	1201256872903	1201256876602
30	1201256933712	1201256937511
30	1201257503362	1201257505146
30	1201257552192	1201257556145
30	1201257979338	1201257982571
30	1201259016897	1201259018727
30	1201259317513	1201259320530
30	1201259355475	1201259358427
30	1201259366303	1201259369100
30	1201259414136	1201259424131
30	1201259700947	1201259703939
30	1201259852202	1201259854907
30	1201259921252	1201259923456
30	1201259928255	1201259930353
30	1201260103252	1201260106315
30	1201260730942	1201260734191
30	1201260750137	1201260752844
30	1201262118266	1201262120894
30	1201262134649	1201262143210
30	1201262168890	1201262171643
30	1201262192213	1201262196423
30	1201262380666	1201262381896
30	1201262382570	1201262385555
30	1201262511711	1201262515534
30	1201262545635	1201262550791
30	1201262572234	1201262575578
30	1201262667479	1201262670163
30	1201262724763	1201262727930
30	1201262824326	1201262828445
30	1201262889400	1201262891836
30	1201262930338	1201262932854
30	1201263099554	1201263102398
30	1201263629368	1201263633103
30	1201264511585	1201264514337
30	1201264577327	1201264579823
30	1201265004571	1201265007705
30	1201265013289	1201265017835
30	1201265125828	1201265137293
30	1201265238437	1201265247980
30	1201265387188	1201265389814
30	1201265606168	1201265608704
30	1201265609695	1201265612558
30	1201265626142	1201265628655
30	1201265640138	1201265642902
30	1201265644825	1201265647849
30	1201265724335	1201265727860
30	1201265900619	1201265903486
30	1201265917559	1201265920316
30	1201266049349	1201266052483
30	1201266132311	1201266135400
30	1201266150681	1201266153510
30	1201266913301	1201266916219
30	1201266933614	1201266937935
30	1201267108842	1201267112187
30	1201267188850	1201267192426
30	1201267272212	1201267276722
30	1201270527756	1201270530827
30	1201270585432	1201270587380
30	1201273579898	1201273582546
30	1201273606455	1201273609603
30	1201274140245	1201274143491
30	1201274172108	1201274177933
30	1201274242513	1201274247719
30	1201274248829	1201274252195
30	1201274304226	1201274308108
30	1201277025775	1201277029308
30	1201277107634	1201277110841
30	1201280239345	1201280241252
31	1201216785943	1201216791235
31	1201216855514	1201216860843
31	1201217052770	1201217055484
31	1201217130135	1201217136989
31	1201219600570	1201219603332
31	1201221992285	1201221994427
31	1201222076857	1201222078427
31	1201222317490	1201222322663
31	1201244805389	1201244808366
31	1201244810495	1201244814980
31	1201248380881	1201248385347
31	1201250036732	1201250039174
31	1201250063856	1201250070695
31	1201250142532	1201250144971
31	1201251470497	1201251474736
31	1201251478498	1201251482356
31	1201251520931	1201251531679
31	1201251543721	1201251545127
31	1201251658106	1201251660572
31	1201252057581	1201252072715
31	1201253639918	1201253642584
31	1201253712559	1201253714602
31	1201253720737	1201253721950
31	1201253728746	1201253736485
31	1201253750204	1201253755530
31	1201254015574	1201254020455
31	1201254028365	1201254033800
31	1201254147494	1201254150208
31	1201254194448	1201254196879
31	1201254231561	1201254234209
31	1201254279391	1201254283323
31	1201254698196	1201254701680
31	1201255111587	1201255114696
31	1201255115121	1201255118466
31	1201255573896	1201255585992
31	1201255756579	1201255759733
31	1201256029304	1201256031853
31	1201256055349	1201256061323
31	1201256062761	1201256067447
31	1201256087384	1201256093913
31	1201256094427	1201256098535
31	1201256099462	1201256105408
31	1201256109901	1201256114683
31	1201256126255	1201256127549
31	1201256134477	1201256138425
31	1201256165114	1201256167728
31	1201256169832	1201256171994
31	1201256177939	1201256180134
31	1201256183104	1201256185462
31	1201256187219	1201256193296
31	1201256204380	1201256213464
31	1201256222516	1201256224793
31	1201256226247	1201256234255
31	1201256236118	1201256239932
31	1201256244170	1201256248110
31	1201256261333	1201256264832
31	1201256268291	1201256272676
31	1201256279422	1201256285720
31	1201256291127	1201256293328
31	1201256300859	1201256305153
31	1201256400853	1201256402926
31	1201256425422	1201256433483
31	1201256495124	1201256497272
31	1201256836249	1201256837732
31	1201256845543	1201256850793
31	1201256852780	1201256857277
31	1201256860450	1201256864787
31	1201256866757	1201256868566
31	1201257502786	1201257505470
31	1201257551275	1201257553800
31	1201257980829	1201257984681
31	1201258929414	1201258935304
31	1201259001791	1201259003994
31	1201259017533	1201259019503
31	1201259050474	1201259054323
31	1201259316968	1201259319476
31	1201259329558	1201259332845
31	1201259364911	1201259367531
31	1201259369850	1201259379279
31	1201259417328	1201259422591
31	1201259423131	1201259430354
31	1201259432774	1201259438480
31	1201259444105	1201259446554
31	1201259699827	1201259702165
31	1201260102736	1201260106959
31	1201260729691	1201260733546
31	1201260931952	1201260934404
31	1201261189949	1201261195129
31	1201261899461	1201261901781
31	1201262108610	1201262111241
31	1201262261640	1201262263733
31	1201262381650	1201262384374
31	1201262538163	1201262540240
31	1201262598842	1201262600109
31	1201262766227	1201262767680
31	1201262869983	1201262871646
31	1201263545561	1201263549593
31	1201263637864	1201263640796
31	1201264496663	1201264500176
31	1201264504917	1201264508111
31	1201265003605	1201265005933
31	1201265013158	1201265018783
31	1201265586416	1201265589760
31	1201266048777	1201266050286
31	1201266475102	1201266477447
31	1201266562773	1201266565620
31	1201267109909	1201267112338
31	1201267187285	1201267191110
31	1201267412812	1201267415141
31	1201268202844	1201268204801
31	1201268897488	1201268899506
31	1201270172682	1201270175365
31	1201270256524	1201270258428
31	1201270490619	1201270492465
31	1201270528546	1201270530470
31	1201270584399	1201270586923
31	1201272457874	1201272459861
31	1201272460601	1201272464198
31	1201272500312	1201272513841
31	1201272658647	1201272660957
31	1201272853899	1201272855945
31	1201273406449	1201273409359
31	1201273711457	1201273713483
31	1201274144156	1201274146847
31	1201274251159	1201274261821
31	1201274305730	1201274315269
31	1201277026539	1201277029110
31	1201277105158	1201277109416
31	1201277765740	1201277767733
32	1201222320962	1201222322961
32	1201244810621	1201244814803
32	1201248380547	1201248383778
32	1201250063579	1201250065744
32	1201250143179	1201250146536
32	1201251478264	1201251480738
32	1201251529452	1201251532376
32	1201251534347	1201251549408
32	1201252057829	1201252059627
32	1201252060103	1201252062492
32	1201252068924	1201252072309
32	1201252422726	1201252425710
32	1201253639352	1201253641370
32	1201253713206	1201253715660
32	1201253719687	1201253723515
32	1201254030727	1201254033164
32	1201254699117	1201254702239
32	1201255452404	1201255456264
32	1201255463447	1201255467677
32	1201255581899	1201255587438
32	1201256050392	1201256060103
32	1201256070223	1201256072292
32	1201256108789	1201256112924
32	1201256219116	1201256220346
32	1201256479839	1201256481779
32	1201256484577	1201256488279
32	1201256491636	1201256503232
32	1201256503588	1201256506826
32	1201256590121	1201256598954
32	1201256741829	1201256762513
32	1201256772166	1201256775456
32	1201256779654	1201256784245
32	1201256787631	1201256805738
32	1201256843240	1201256845986
32	1201256859331	1201256865531
32	1201256932337	1201256938114
32	1201256956510	1201256961252
32	1201256963543	1201256966233
32	1201257009963	1201257011792
32	1201257012596	1201257014950
32	1201257049764	1201257053952
32	1201258931609	1201258935109
32	1201259052959	1201259054181
32	1201259054479	1201259056738
32	1201259057120	1201259061789
32	1201259074854	1201259077449
32	1201259080492	1201259083370
32	1201259113299	1201259118604
32	1201259132515	1201259135732
32	1201259135755	1201259138651
32	1201259141308	1201259147462
32	1201259147638	1201259149838
32	1201259150924	1201259156863
32	1201259163117	1201259164418
32	1201259164820	1201259167669
32	1201259174199	1201259180890
32	1201259193559	1201259194833
32	1201259260408	1201259262351
32	1201259265726	1201259270691
32	1201259296245	1201259305308
32	1201259317671	1201259323636
32	1201259330601	1201259336242
32	1201259339145	1201259341513
32	1201259345700	1201259351340
32	1201259351540	1201259359547
32	1201259366430	1201259374996
32	1201259419318	1201259425859
32	1201259439144	1201259443188
32	1201259460185	1201259465210
32	1201259852957	1201259857139
32	1201259919346	1201259925313
32	1201260750716	1201260754756
32	1201261190207	1201261192158
32	1201261900625	1201261903362
32	1201262109684	1201262111464
32	1201262133881	1201262137270
32	1201262140336	1201262143343
32	1201262169892	1201262173250
32	1201262193905	1201262197763
32	1201262331146	1201262334701
32	1201262510771	1201262513428
32	1201262549363	1201262551511
32	1201262573110	1201262576520
32	1201262823370	1201262825598
32	1201262890626	1201262892764
32	1201262929649	1201262931796
32	1201263100554	1201263104138
32	1201263545122	1201263548915
32	1201264498526	1201264500336
32	1201264506125	1201264508439
32	1201264510867	1201264514506
32	1201264578478	1201264581427
32	1201265012726	1201265015431
32	1201265131685	1201265136269
32	1201265444599	1201265446739
32	1201265521961	1201265523712
32	1201265606992	1201265609865
32	1201265610690	1201265612892
32	1201265625405	1201265627265
32	1201265640946	1201265643385
32	1201265643905	1201265646660
32	1201265725271	1201265727266
32	1201265899641	1201265903106
32	1201265918278	1201265920258
32	1201266131868	1201266134123
32	1201266151322	1201266155272
32	1201266474723	1201266478354
32	1201266563935	1201266566863
32	1201266916959	1201266920978
32	1201266931963	1201266936742
32	1201267269131	1201267279883
32	1201267411774	1201267415567
32	1201268203520	1201268207651
32	1201268896536	1201268900382
32	1201270171980	1201270175236
32	1201270257220	1201270260488
32	1201272457549	1201272461315
32	1201272659230	1201272662560
32	1201273407530	1201273413549
32	1201273579576	1201273582422
32	1201273607316	1201273609400
32	1201273710877	1201273714754
32	1201274141626	1201274143660
33	1201219607189	1201219613111
33	1201219629881	1201219635412
33	1201222162378	1201222168143
33	1201256338793	1201256344487
33	1201256346927	1201256350351
33	1201256351503	1201256353496
33	1201256547206	1201256549496
33	1201256555951	1201256559535
33	1201256579109	1201256581616
33	1201256589802	1201256592893
33	1201256781395	1201256783834
33	1201256791923	1201256794170
33	1201265538278	1201265541158
33	1201265555105	1201265558388
33	1201265629820	1201265631854
33	1201265636497	1201265638970
33	1201265707136	1201265711625
33	1201265721662	1201265723647
33	1201265903913	1201265906769
33	1201265913257	1201265916819
33	1201266135995	1201266139941
33	1201266147142	1201266149812
33	1201270519378	1201270521398
33	1201270524147	1201270527130
33	1201270588465	1201270591382
33	1201270615876	1201270618637
33	1201280254440	1201280256744
33	1201280289263	1201280293311
34	1201256339928	1201256344757
34	1201256345559	1201256348973
34	1201256350629	1201256352776
34	1201256548355	1201256550408
34	1201256555295	1201256559393
34	1201256579683	1201256581457
34	1201256589289	1201256592644
34	1201256782523	1201256783965
34	1201256790417	1201256792866
34	1201265539342	1201265541794
34	1201265554372	1201265557507
34	1201265629948	1201265632534
34	1201265636145	1201265638355
34	1201265708336	1201265712200
34	1201265720854	1201265722901
34	1201265904461	1201265907509
34	1201265912980	1201265915247
34	1201266136898	1201266139589
34	1201266146385	1201266149286
34	1201270519469	1201270522661
34	1201270589311	1201270592503
34	1201270614756	1201270618191
34	1201280254692	1201280257832
34	1201280287611	1201280292212
36	1201256345749	1201256349257
36	1201256350207	1201256352658
36	1201256548110	1201256549891
36	1201256555415	1201256558889
36	1201256579973	1201256581915
36	1201256589266	1201256591618
36	1201256790554	1201256794330
36	1201265553830	1201265557165
36	1201265630839	1201265632148
36	1201265635881	1201265638542
36	1201265708765	1201265712641
36	1201265720694	1201265723765
36	1201265904869	1201265907966
36	1201265912563	1201265915725
36	1201266146554	1201266149692
36	1201270519854	1201270521589
36	1201270523828	1201270525571
36	1201270589686	1201270591516
36	1201270615660	1201270617420
36	1201280255183	1201280256879
37	1201256340818	1201256347921
37	1201256349905	1201256351983
37	1201256549129	1201256550798
37	1201256554925	1201256558942
37	1201256580885	1201256582727
37	1201256588869	1201256591131
37	1201256789342	1201256793542
37	1201265540750	1201265542568
37	1201265553167	1201265555889
37	1201265630975	1201265632400
37	1201265634748	1201265638222
37	1201265710342	1201265714325
37	1201265719678	1201265722781
37	1201265905626	1201265909258
37	1201265911998	1201265914750
37	1201266137804	1201266141683
37	1201266142293	1201266144309
37	1201266145412	1201266148528
