1	1200616267621	1200616271656
1	1200655977322	1200655979904
1	1200663824740	1200663827176
2	1200611500295	1200611503370
2	1200615066383	1200615070408
2	1200615246489	1200615248374
2	1200615457691	1200615461450
2	1200615557591	1200615561260
2	1200616276927	1200616278858
2	1200616279284	1200616282548
2	1200616347246	1200616348501
2	1200616349524	1200616351792
2	1200616393156	1200616395194
2	1200616400195	1200616402469
2	1200616405903	1200616410260
2	1200650802314	1200650804254
2	1200651574648	1200651578310
2	1200652816294	1200652818300
2	1200656223482	1200656226944
2	1200656409737	1200656411611
2	1200656457881	1200656460710
2	1200657182405	1200657186833
2	1200657554164	1200657556613
2	1200658154835	1200658155944
2	1200658780562	1200658782465
2	1200658790324	1200658792225
2	1200661797930	1200661800200
2	1200665151446	1200665154797
3	1200612630156	1200612631348
3	1200612637122	1200612639356
3	1200612870118	1200612873657
3	1200613134639	1200613137714
3	1200613364455	1200613365649
3	1200613368841	1200613371344
3	1200613387311	1200613389318
3	1200613516595	1200613518939
3	1200613521337	1200613523689
3	1200614237698	1200614239301
3	1200614849789	1200614852137
3	1200614914826	1200614917148
3	1200614938227	1200614940627
3	1200614946210	1200614948440
3	1200614955606	1200614961624
3	1200615048312	1200615054489
3	1200615056786	1200615059468
3	1200615059847	1200615070655
3	1200615260770	1200615267318
3	1200651484823	1200651489901
3	1200651493179	1200651500465
3	1200651573680	1200651578638
3	1200657164833	1200657169864
3	1200657173146	1200657187442
3	1200683886685	1200683896684
3	1200683897635	1200683904227
3	1200684590214	1200684603881
7	1200610801479	1200610804428
7	1200610930418	1200610932805
7	1200610953909	1200610956215
7	1200610956523	1200610959427
7	1200611089132	1200611095486
7	1200611103939	1200611106582
7	1200611233168	1200611235655
7	1200611247215	1200611250672
7	1200611315345	1200611319323
7	1200611319840	1200611322144
7	1200611386854	1200611388241
7	1200611424243	1200611428209
7	1200611441530	1200611447880
7	1200611609484	1200611610271
7	1200611731266	1200611732944
7	1200611919427	1200611924826
7	1200612174198	1200612176892
7	1200612178188	1200612180547
7	1200612396480	1200612403562
7	1200612410982	1200612413930
7	1200612537116	1200612538341
7	1200612620309	1200612622773
7	1200612622999	1200612629879
7	1200613643374	1200613645882
7	1200613646128	1200613648689
7	1200613649592	1200613652284
7	1200613907442	1200613917363
7	1200613980354	1200613982873
7	1200614001861	1200614003927
7	1200614004127	1200614013577
7	1200614021830	1200614025762
7	1200614678960	1200614685329
7	1200614710523	1200614712979
7	1200614721106	1200614724228
7	1200614726455	1200614735441
7	1200614853975	1200614856703
7	1200614863502	1200614865853
7	1200614871303	1200614873825
7	1200614874827	1200614880448
7	1200615073630	1200615081402
7	1200615098537	1200615105302
7	1200615248224	1200615250499
7	1200615255785	1200615260139
7	1200615453284	1200615460600
7	1200615562146	1200615565895
7	1200615934539	1200615939539
7	1200615943722	1200615945679
7	1200615946458	1200615951723
7	1200615952459	1200615957249
7	1200616120257	1200616126603
7	1200616128287	1200616132519
7	1200616145777	1200616147446
7	1200616149294	1200616151639
7	1200616169153	1200616171809
7	1200616172288	1200616173344
7	1200616202824	1200616210309
7	1200616260244	1200616264101
7	1200616267989	1200616283468
7	1200616284736	1200616286653
7	1200616286984	1200616290278
7	1200616297356	1200616301237
7	1200616307689	1200616312424
7	1200616313535	1200616317422
7	1200616319956	1200616334543
7	1200616335945	1200616346411
7	1200616349185	1200616356207
7	1200616357499	1200616360167
7	1200616360485	1200616364324
7	1200616369375	1200616387468
7	1200616394940	1200616399526
7	1200616414600	1200616416851
7	1200616417943	1200616420582
7	1200616420798	1200616424869
7	1200616509603	1200616512600
7	1200650813845	1200650823503
7	1200650824625	1200650832433
7	1200651387939	1200651391164
7	1200651391558	1200651392883
7	1200651400174	1200651400587
7	1200651418389	1200651420747
7	1200651569796	1200651573812
7	1200651577242	1200651579782
7	1200651580522	1200651583477
7	1200651592466	1200651594758
7	1200651598733	1200651601161
7	1200651602211	1200651604895
7	1200651838679	1200651843391
7	1200651846713	1200651848978
7	1200651849113	1200651852179
7	1200652511813	1200652523889
7	1200652807769	1200652810441
7	1200652811430	1200652817342
7	1200652929393	1200652934718
7	1200653544533	1200653557367
7	1200653790785	1200653795211
7	1200654308745	1200654311440
7	1200654566447	1200654577469
7	1200654579484	1200654584627
7	1200654585946	1200654591843
7	1200654711437	1200654718142
7	1200654720392	1200654726922
7	1200654731837	1200654739814
7	1200655023650	1200655025813
7	1200655969787	1200655979698
7	1200655983992	1200655990303
7	1200656206462	1200656214615
7	1200656216179	1200656219282
7	1200656219706	1200656224528
7	1200656382884	1200656390468
7	1200656401787	1200656411310
7	1200656459877	1200656464140
7	1200656995490	1200657001430
7	1200657151495	1200657155661
7	1200657157671	1200657161998
7	1200657173445	1200657175645
7	1200657185624	1200657193677
7	1200657201595	1200657203378
7	1200657204730	1200657208474
7	1200657228896	1200657231437
7	1200657233198	1200657235208
7	1200657239859	1200657242134
7	1200657242378	1200657244788
7	1200657289527	1200657291697
7	1200657444663	1200657449894
7	1200657521644	1200657525455
7	1200657540338	1200657541878
7	1200657688463	1200657692589
7	1200658032390	1200658042171
7	1200658046402	1200658053724
7	1200658140775	1200658143323
7	1200658144558	1200658149674
7	1200658152233	1200658155168
7	1200658788196	1200658791963
7	1200661799883	1200661802239
7	1200661802717	1200661806814
7	1200661877443	1200661882556
7	1200661886614	1200661888975
7	1200661895317	1200661900969
7	1200661910168	1200661913944
7	1200661957384	1200661960383
7	1200661961967	1200661967353
7	1200661967993	1200661971245
7	1200662739978	1200662745911
7	1200662760134	1200662766195
7	1200663204183	1200663208825
7	1200663209397	1200663212983
7	1200663213830	1200663216486
7	1200663505159	1200663509685
7	1200663616154	1200663617385
7	1200663618210	1200663624257
7	1200663817292	1200663822163
7	1200663822773	1200663831398
7	1200663835979	1200663838249
7	1200663847134	1200663850221
7	1200663850991	1200663853117
7	1200663854365	1200663858279
7	1200663885789	1200663891306
7	1200663903441	1200663906341
7	1200663917820	1200663923974
7	1200663932112	1200663933485
7	1200663934167	1200663940877
7	1200663951912	1200663964686
7	1200663996338	1200663996822
7	1200664051395	1200664055775
7	1200664056863	1200664060608
7	1200664088855	1200664090162
7	1200664091813	1200664094363
7	1200664319916	1200664322198
7	1200664326133	1200664329188
7	1200664597259	1200664610232
7	1200665149292	1200665154645
7	1200665251583	1200665255815
7	1200665269341	1200665275479
7	1200665487499	1200665489393
7	1200665706877	1200665708869
7	1200665711300	1200665714951
7	1200665728570	1200665730706
7	1200665736768	1200665740849
7	1200665758415	1200665767301
7	1200665770756	1200665777799
7	1200665783283	1200665785933
7	1200665795808	1200665800377
7	1200665803725	1200665824627
7	1200665825585	1200665829721
7	1200665830153	1200665841836
7	1200665871132	1200665877586
8	1200611490911	1200611495211
8	1200612627504	1200612633866
8	1200615067608	1200615071268
8	1200615246876	1200615249534
8	1200615457420	1200615461261
8	1200615557538	1200615561407
8	1200616276926	1200616286911
8	1200616352608	1200616354884
8	1200616366366	1200616368696
8	1200616393324	1200616397244
8	1200616406989	1200616414144
8	1200616416988	1200616430536
8	1200616494670	1200616498688
8	1200616502608	1200616505471
8	1200616511376	1200616515481
8	1200650800878	1200650802938
8	1200651572782	1200651579287
8	1200652816363	1200652820799
8	1200652926244	1200652929986
8	1200656223732	1200656227969
8	1200656381235	1200656385645
8	1200656409595	1200656413862
8	1200656457217	1200656460870
8	1200657184226	1200657187565
8	1200657553725	1200657558156
8	1200657686370	1200657690396
8	1200658153815	1200658158245
8	1200658780261	1200658784114
8	1200658790380	1200658794524
8	1200661797394	1200661800989
8	1200665151708	1200665155751
8	1200665247748	1200665251746
8	1200665890727	1200665894945
8	1200683885987	1200683888272
8	1200683902129	1200683904475
8	1200684593204	1200684595782
8	1200684601858	1200684604116
9	1200611491940	1200611494234
9	1200611499701	1200611501973
9	1200612629534	1200612632670
9	1200612869348	1200612871417
9	1200613382627	1200613385897
9	1200613811648	1200613813736
9	1200614308598	1200614311587
9	1200614990607	1200614993953
9	1200615006281	1200615010673
9	1200615011604	1200615013819
9	1200615014508	1200615019996
9	1200615029184	1200615032103
9	1200615040856	1200615043658
9	1200615235293	1200615237957
9	1200615245523	1200615247710
9	1200615274779	1200615282801
9	1200615458743	1200615463428
9	1200615556356	1200615558704
9	1200616185786	1200616190465
9	1200616192281	1200616194825
9	1200616194956	1200616197828
9	1200616198651	1200616201616
9	1200616203586	1200616205762
9	1200616205897	1200616208563
9	1200616226616	1200616226761
9	1200616231108	1200616235843
9	1200616242302	1200616245948
9	1200616246687	1200616250260
9	1200616251834	1200616254110
9	1200616256831	1200616259137
9	1200616269343	1200616270721
9	1200616275370	1200616279194
9	1200616394526	1200616396490
9	1200616427275	1200616430814
9	1200616512504	1200616514673
9	1200650800248	1200650802736
9	1200652817812	1200652819199
9	1200652925744	1200652927936
9	1200656224670	1200656228126
9	1200656380650	1200656383984
9	1200656456354	1200656460920
9	1200658154867	1200658157243
9	1200658779713	1200658781933
9	1200665152392	1200665155419
9	1200683885278	1200683889865
9	1200683901935	1200683905773
9	1200684592758	1200684596714
9	1200684601722	1200684606129
10	1200655320304	1200655326529
10	1200655797569	1200655799729
10	1200655801930	1200655803145
10	1200656052568	1200656054487
10	1200656126315	1200656128515
10	1200656158428	1200656162678
10	1200656166553	1200656171355
10	1200656530419	1200656535613
10	1200656537374	1200656539286
10	1200656775638	1200656779921
10	1200657118487	1200657122395
10	1200657543153	1200657546762
10	1200657649615	1200657655715
10	1200657666880	1200657671816
10	1200657886602	1200657895103
10	1200660036823	1200660037859
10	1200660049488	1200660062313
10	1200660064392	1200660072544
10	1200660080912	1200660083179
10	1200660087970	1200660094109
10	1200660094418	1200660100327
10	1200660124979	1200660127270
10	1200660130622	1200660132671
10	1200660137783	1200660138984
10	1200660158874	1200660163154
10	1200660178136	1200660180588
10	1200660194417	1200660197458
10	1200660210264	1200660213583
10	1200660243552	1200660258493
10	1200660265836	1200660268876
10	1200660269651	1200660274118
10	1200660281682	1200660284218
10	1200660356680	1200660358364
10	1200660358820	1200660363701
10	1200660433968	1200660438198
10	1200660439415	1200660441843
10	1200660497784	1200660500762
10	1200660501293	1200660502514
10	1200660503151	1200660505601
10	1200660531512	1200660535948
10	1200660537318	1200660544360
10	1200660548208	1200660552962
10	1200660568332	1200660572893
10	1200660594161	1200660594337
10	1200660602671	1200660614743
10	1200660615474	1200660617884
10	1200660623186	1200660631993
10	1200660633529	1200660635734
10	1200660659570	1200660661846
10	1200660664680	1200660665249
10	1200660691861	1200660694140
10	1200660697448	1200660700633
10	1200660720206	1200660722293
10	1200660821414	1200660825388
10	1200661134469	1200661140666
10	1200661147498	1200661154498
10	1200661165302	1200661173356
10	1200661194569	1200661196515
10	1200661248914	1200661250816
10	1200661260710	1200661267519
10	1200661276855	1200661279365
10	1200661281711	1200661284510
10	1200661293805	1200661299327
10	1200661320200	1200661326341
10	1200661328638	1200661334327
10	1200661363401	1200661368148
10	1200661665475	1200661674489
10	1200661862934	1200661864871
10	1200661870657	1200661872685
10	1200662009313	1200662014234
10	1200662432852	1200662438387
10	1200662442802	1200662444755
10	1200662688890	1200662691983
10	1200663327755	1200663334716
10	1200663369817	1200663374213
10	1200663412307	1200663415736
10	1200663416890	1200663423283
10	1200663472446	1200663476193
10	1200663753746	1200663756310
10	1200663909133	1200663912298
10	1200663913445	1200663915969
10	1200664240940	1200664243745
10	1200664267866	1200664270663
10	1200664274556	1200664276937
10	1200664399437	1200664401997
10	1200664482187	1200664486779
10	1200664584104	1200664586229
10	1200664709991	1200664715899
10	1200664744482	1200664751582
10	1200664786560	1200664792478
10	1200664897634	1200664904485
10	1200665249108	1200665251877
10	1200665261266	1200665263871
10	1200667872293	1200667875297
10	1200667981563	1200667983583
10	1200677719213	1200677722759
10	1200677724101	1200677727237
10	1200680689218	1200680691916
10	1200680773195	1200680775666
10	1200680951670	1200680953537
11	1200646292263	1200646299980
11	1200646395716	1200646399988
11	1200646440936	1200646446995
11	1200655315607	1200655325115
11	1200655333382	1200655335211
11	1200655798473	1200655799873
11	1200655802487	1200655804564
11	1200656158552	1200656162213
11	1200656165176	1200656169113
11	1200656505203	1200656510756
11	1200656511234	1200656513552
11	1200656528267	1200656531679
11	1200656536769	1200656538713
11	1200656594631	1200656596706
11	1200656754996	1200656755739
11	1200656776275	1200656779325
11	1200656977566	1200656981611
11	1200656981991	1200656983205
11	1200656985864	1200656988871
11	1200656990429	1200656997570
11	1200657116388	1200657120741
11	1200657205262	1200657207780
11	1200657208930	1200657212406
11	1200657541607	1200657547423
11	1200657548793	1200657551494
11	1200657559197	1200657560877
11	1200657648733	1200657650353
11	1200660034683	1200660038989
11	1200660071242	1200660073236
11	1200660097522	1200660099691
11	1200660113687	1200660115695
11	1200660175249	1200660177209
11	1200660244213	1200660253937
11	1200660264729	1200660265166
11	1200660280987	1200660282186
11	1200660282893	1200660288145
11	1200660291994	1200660295789
11	1200660360372	1200660362266
11	1200660362973	1200660365576
11	1200660407381	1200660409659
11	1200660497515	1200660499746
11	1200660533888	1200660534332
11	1200660536736	1200660539193
11	1200660541814	1200660544841
11	1200660551117	1200660553338
11	1200660553692	1200660557521
11	1200660568207	1200660572155
11	1200660660740	1200660662492
11	1200660662910	1200660668257
11	1200660783897	1200660785560
11	1200660786596	1200660787787
11	1200660797771	1200660804842
11	1200660818486	1200660825526
11	1200660990579	1200660992654
11	1200661093920	1200661096216
11	1200661104137	1200661105933
11	1200661137970	1200661139812
11	1200661151196	1200661153636
11	1200661157135	1200661164173
11	1200661165734	1200661167731
11	1200661168507	1200661170585
11	1200661191296	1200661197819
11	1200661206905	1200661209237
11	1200661210999	1200661213314
11	1200661213704	1200661216307
11	1200661216494	1200661218561
11	1200661229848	1200661232815
11	1200661248796	1200661250272
11	1200661262563	1200661265135
11	1200661269645	1200661271540
11	1200661273195	1200661275297
11	1200661275425	1200661279239
11	1200661307607	1200661309468
11	1200661358449	1200661362867
11	1200661363616	1200661364855
11	1200661487214	1200661490701
11	1200661500901	1200661504343
11	1200661672459	1200661674738
11	1200661679626	1200661685166
11	1200661693765	1200661697178
11	1200661744830	1200661749296
11	1200661751501	1200661752718
11	1200661752846	1200661761324
11	1200661763955	1200661767640
11	1200661803789	1200661805965
11	1200661862377	1200661864719
11	1200661865610	1200661866831
11	1200661870935	1200661874701
11	1200661909663	1200661911311
11	1200662008881	1200662013592
11	1200662131675	1200662136365
11	1200662136926	1200662141287
11	1200662147518	1200662148753
11	1200662259693	1200662261656
11	1200662266646	1200662268675
11	1200662269472	1200662271482
11	1200662275878	1200662277923
11	1200662391355	1200662395312
11	1200662419594	1200662423506
11	1200662432541	1200662434729
11	1200662517261	1200662518424
11	1200662524686	1200662528213
11	1200662576565	1200662578581
11	1200662578932	1200662580767
11	1200662629311	1200662631737
11	1200663205477	1200663206661
11	1200663318968	1200663321679
11	1200663372190	1200663373625
11	1200663411621	1200663415248
11	1200663421535	1200663423427
11	1200663881510	1200663883769
11	1200663912177	1200663913273
11	1200664131951	1200664133840
11	1200664235665	1200664237717
11	1200664240340	1200664246803
11	1200664267601	1200664272813
11	1200664274349	1200664279810
11	1200664398249	1200664402127
11	1200664440726	1200664442913
11	1200664481811	1200664485843
11	1200664515946	1200664517150
11	1200664551563	1200664553281
11	1200664583366	1200664586805
11	1200664678164	1200664680416
11	1200664682202	1200664687208
11	1200664688220	1200664692376
11	1200664744332	1200664749523
11	1200664785757	1200664788180
11	1200664788555	1200664790982
11	1200664897622	1200664907594
11	1200665718271	1200665720463
11	1200665725681	1200665727898
11	1200677696969	1200677702215
11	1200677714558	1200677719961
11	1200677733508	1200677742378
12	1200661319844	1200661325728
12	1200661377256	1200661379855
12	1200661517175	1200661521128
12	1200661570553	1200661578614
12	1200661590168	1200661593342
12	1200661825783	1200661832406
12	1200661882706	1200661886601
12	1200662040754	1200662044411
12	1200662069747	1200662072133
12	1200662198399	1200662201145
12	1200662205181	1200662210686
12	1200662225293	1200662227213
12	1200663096368	1200663099595
12	1200663166911	1200663173328
12	1200663176364	1200663180406
12	1200663183528	1200663184753
12	1200663282375	1200663284854
12	1200663285600	1200663287491
12	1200663287754	1200663293274
12	1200663322155	1200663326555
12	1200663400931	1200663402483
12	1200663409533	1200663414128
12	1200664394961	1200664401455
13	1200661322492	1200661325973
13	1200661326208	1200661327530
13	1200661338875	1200661341905
13	1200661377163	1200661379161
13	1200661390679	1200661394805
13	1200661439475	1200661443715
13	1200661491844	1200661496669
13	1200661502683	1200661504995
13	1200661516784	1200661520825
13	1200661555482	1200661557735
13	1200661567149	1200661572820
13	1200662051133	1200662060846
13	1200662067553	1200662073500
13	1200662092474	1200662100163
13	1200662100399	1200662111768
13	1200662159863	1200662162905
13	1200663183815	1200663191341
13	1200663191637	1200663199988
13	1200663203550	1200663211287
13	1200663230837	1200663241332
13	1200663245362	1200663248144
13	1200663249274	1200663256249
13	1200663265905	1200663271630
13	1200663271868	1200663275111
13	1200663280864	1200663290358
13	1200664388684	1200664393183
14	1200615072695	1200615077256
14	1200615281111	1200615289164
14	1200615291399	1200615293683
14	1200615312303	1200615313796
14	1200615326438	1200615328668
14	1200615416853	1200615419301
14	1200615444336	1200615446128
14	1200615477316	1200615483810
14	1200615495634	1200615498280
14	1200615513329	1200615518210
14	1200615601764	1200615606479
14	1200615608114	1200615610173
14	1200615631562	1200615634150
14	1200615688153	1200615690817
14	1200615789999	1200615792261
14	1200615891998	1200615897138
14	1200615897412	1200615899703
14	1200615936665	1200615939809
14	1200615941264	1200615942612
14	1200616020282	1200616022190
14	1200616028360	1200616029658
14	1200616029828	1200616037963
14	1200616043976	1200616045278
14	1200616048619	1200616051533
14	1200616059442	1200616065289
14	1200616074141	1200616075421
14	1200616083275	1200616085622
14	1200616111541	1200616113137
14	1200616123731	1200616126881
14	1200616183408	1200616188673
14	1200646528688	1200646530680
14	1200652817732	1200652819679
14	1200654547628	1200654550895
14	1200656225466	1200656227766
14	1200656411446	1200656413648
14	1200656455127	1200656458465
14	1200659587355	1200659589986
14	1200665246566	1200665248603
14	1200683884649	1200683885830
14	1200683903196	1200683906611
14	1200684603233	1200684607745
15	1200611492896	1200611496249
15	1200611498543	1200611501665
15	1200615071504	1200615077990
15	1200615230601	1200615233793
15	1200615235753	1200615237705
15	1200615244464	1200615246645
15	1200615460338	1200615463724
15	1200615481215	1200615483360
15	1200615554469	1200615557809
15	1200616408425	1200616412442
15	1200616413820	1200616416254
15	1200616429702	1200616432229
15	1200616493534	1200616495735
15	1200616512335	1200616517465
15	1200646527766	1200646531488
15	1200650051987	1200650054500
15	1200650799316	1200650801146
15	1200652817990	1200652821590
15	1200652924552	1200652927799
15	1200654622963	1200654625764
15	1200654626625	1200654630876
15	1200656225744	1200656229760
15	1200656379824	1200656381693
15	1200656412245	1200656414138
15	1200656454901	1200656457842
15	1200657556106	1200657557787
15	1200657684709	1200657687360
15	1200658155641	1200658159316
15	1200658778854	1200658780965
15	1200661795297	1200661798233
15	1200662437825	1200662440636
15	1200662857421	1200662858492
15	1200664433839	1200664436972
15	1200665153180	1200665155882
15	1200680956962	1200680959707
15	1200680991294	1200680995390
15	1200680995896	1200680997959
15	1200681055906	1200681062146
15	1200681063721	1200681065471
15	1200681066267	1200681068969
15	1200681074670	1200681078362
15	1200681085797	1200681089368
15	1200681122164	1200681128957
15	1200683883669	1200683887537
15	1200683903755	1200683907511
15	1200684591412	1200684594170
15	1200684603967	1200684606835
16	1200611493232	1200611495859
16	1200611498337	1200611500587
16	1200615236594	1200615238293
16	1200615244210	1200615245955
16	1200615460762	1200615464161
16	1200615553989	1200615557297
16	1200616492690	1200616493897
16	1200646289958	1200646293893
16	1200646445659	1200646450507
16	1200646526130	1200646529778
16	1200652818503	1200652820459
16	1200654441488	1200654444562
16	1200654469456	1200654473384
16	1200654506930	1200654509274
16	1200654545751	1200654549834
16	1200656226384	1200656229418
16	1200656379453	1200656381445
16	1200657540899	1200657543230
16	1200657650885	1200657652948
16	1200657665291	1200657667165
16	1200657891465	1200657893272
16	1200658156312	1200658158810
16	1200659929430	1200659930622
16	1200660193324	1200660196536
16	1200660212317	1200660214473
16	1200660817590	1200660821141
16	1200661172780	1200661173964
16	1200661177889	1200661180141
16	1200661184380	1200661187458
16	1200661328382	1200661330752
16	1200661419692	1200661421930
16	1200661668637	1200661674613
16	1200661681688	1200661685964
16	1200661794794	1200661796862
16	1200662025580	1200662028321
16	1200662041128	1200662044846
16	1200662069864	1200662074579
16	1200662077267	1200662083527
16	1200662261965	1200662267648
16	1200662289120	1200662292174
16	1200662309195	1200662314731
16	1200662391786	1200662393416
16	1200662405175	1200662407955
16	1200662410949	1200662416630
16	1200662416770	1200662420650
16	1200662435133	1200662441399
16	1200662857141	1200662864435
16	1200662896698	1200662901671
16	1200662919781	1200662923246
16	1200662938756	1200662940431
16	1200662956311	1200662959263
16	1200662963992	1200662966155
16	1200662979241	1200662982621
16	1200662990313	1200662992323
16	1200663001590	1200663003146
16	1200663010559	1200663018918
16	1200663035998	1200663038122
16	1200663475888	1200663478209
16	1200664251962	1200664254288
16	1200664293906	1200664295720
16	1200664431286	1200664436827
16	1200664484830	1200664488570
16	1200665153729	1200665156867
16	1200665250449	1200665252665
16	1200665259985	1200665263137
16	1200665893768	1200665895463
16	1200667980428	1200667982105
16	1200677757269	1200677759971
16	1200677767608	1200677770250
16	1200677771388	1200677776595
16	1200677777256	1200677779559
16	1200677849640	1200677851264
16	1200680772932	1200680774107
16	1200681222878	1200681224866
17	1200646517491	1200646520795
17	1200646525714	1200646528991
17	1200654566693	1200654568868
17	1200654569756	1200654571549
17	1200655305205	1200655309173
17	1200656167656	1200656169499
17	1200657210951	1200657213166
17	1200657541163	1200657543426
17	1200657651272	1200657654359
17	1200657664988	1200657667291
17	1200657891184	1200657894659
17	1200658844379	1200658846558
17	1200659957326	1200659962201
17	1200659965307	1200659972636
17	1200659973962	1200659982151
17	1200660033101	1200660036703
17	1200660193170	1200660196908
17	1200660212179	1200660216162
17	1200660800260	1200660802942
17	1200660816845	1200660821647
17	1200661170281	1200661173516
17	1200661177171	1200661179370
17	1200661210872	1200661213494
17	1200661219510	1200661229327
17	1200661230284	1200661241739
17	1200661243279	1200661257114
17	1200661280422	1200661284722
17	1200661286144	1200661288303
17	1200661290815	1200661293240
17	1200661295560	1200661298209
17	1200661313985	1200661315244
17	1200661318488	1200661321215
17	1200661323567	1200661327416
17	1200661674989	1200661678358
17	1200661688348	1200661692639
17	1200661846253	1200661851749
17	1200661857960	1200661861328
17	1200661879802	1200661884526
17	1200661890401	1200661893597
17	1200661909157	1200661914376
17	1200661922267	1200661924679
17	1200661962771	1200661970531
17	1200661979960	1200661984717
17	1200661996982	1200661999823
17	1200662000795	1200662002113
17	1200662007953	1200662012900
17	1200662130637	1200662133910
17	1200663476330	1200663479949
17	1200664251606	1200664254940
17	1200664291177	1200664295579
17	1200664381123	1200664384529
17	1200664427693	1200664433614
17	1200664483411	1200664487886
17	1200664746452	1200664749415
17	1200664904622	1200664907219
17	1200665259734	1200665263571
17	1200665728954	1200665732777
17	1200667980178	1200667982427
17	1200677685624	1200677689504
17	1200677749459	1200677761993
17	1200677778201	1200677783862
17	1200677792234	1200677798330
17	1200677799685	1200677804820
17	1200677804978	1200677809860
17	1200677810689	1200677815697
17	1200677822310	1200677827432
17	1200677833713	1200677835563
17	1200677836283	1200677841529
17	1200677842625	1200677843953
17	1200677847476	1200677854318
17	1200678216432	1200678223573
17	1200680771895	1200680774223
18	1200646402851	1200646409357
18	1200654706667	1200654708700
18	1200654710571	1200654711754
18	1200654725948	1200654727920
18	1200654923582	1200654926132
18	1200660671995	1200660674282
18	1200660678483	1200660680914
18	1200660821737	1200660823729
18	1200660922834	1200660924778
18	1200660929876	1200660931719
18	1200661121898	1200661123989
18	1200661127797	1200661130846
18	1200661133855	1200661137482
18	1200661177729	1200661179485
18	1200661319133	1200661322627
18	1200661720333	1200661724404
18	1200661732109	1200661736150
18	1200661741531	1200661743731
18	1200661743905	1200661745115
18	1200661760397	1200661762917
18	1200661765545	1200661767777
18	1200661774452	1200661779102
18	1200661815786	1200661818425
18	1200661837753	1200661846845
19	1200650388886	1200650392726
19	1200650408390	1200650410604
19	1200655602791	1200655605300
19	1200663444311	1200663455876
19	1200664228254	1200664234221
19	1200664234381	1200664242332
19	1200664245211	1200664247464
19	1200664247944	1200664249308
19	1200664252474	1200664254405
19	1200664272609	1200664279274
20	1200646118581	1200646122515
20	1200646123733	1200646138207
20	1200646154554	1200646179929
20	1200646191196	1200646191628
20	1200646193976	1200646206184
20	1200646249955	1200646251833
20	1200646531566	1200646538131
20	1200647766521	1200647783504
20	1200647798486	1200647801251
20	1200647823393	1200647829633
20	1200647831808	1200647833876
20	1200647850174	1200647854930
20	1200647886644	1200647891530
20	1200647914403	1200647919782
20	1200647931694	1200647937216
20	1200647939730	1200647942519
20	1200648001389	1200648003426
20	1200648017359	1200648023128
20	1200648030956	1200648034857
20	1200648075965	1200648082433
20	1200648107796	1200648111113
20	1200648144439	1200648147599
20	1200648190431	1200648193488
20	1200648338602	1200648349314
20	1200648362504	1200648366952
20	1200648368726	1200648371456
20	1200648416291	1200648419184
20	1200648430478	1200648434395
20	1200648446406	1200648450143
20	1200648515299	1200648519390
20	1200648552359	1200648553629
20	1200648553751	1200648556219
20	1200648560734	1200648562359
20	1200648563222	1200648565968
20	1200648571896	1200648573175
20	1200648574975	1200648578765
20	1200648589658	1200648591995
20	1200648777554	1200648778758
20	1200648779985	1200648782631
20	1200648783103	1200648785759
20	1200648994114	1200648996297
20	1200648996633	1200648999408
20	1200649141803	1200649143670
20	1200649144311	1200649146441
20	1200649147346	1200649149422
20	1200649151773	1200649153351
20	1200649181495	1200649183573
20	1200649205476	1200649207776
20	1200649209452	1200649211624
20	1200649302808	1200649305444
20	1200649313847	1200649318133
20	1200649421369	1200649423325
20	1200649472863	1200649474106
20	1200649489278	1200649492895
20	1200649499644	1200649503326
20	1200649557414	1200649560577
20	1200649564190	1200649569336
20	1200649628848	1200649631169
20	1200649653633	1200649661480
20	1200649665869	1200649678403
20	1200649680594	1200649687439
20	1200649688971	1200649692140
20	1200649696820	1200649701161
20	1200649717726	1200649723694
20	1200649737365	1200649738631
20	1200649752378	1200649755847
20	1200649786124	1200649788148
20	1200649927692	1200649932920
20	1200649934822	1200649936724
20	1200649939352	1200649943245
20	1200649943539	1200649945541
20	1200649948494	1200649949765
20	1200649959810	1200649963805
20	1200650003352	1200650006769
20	1200650006929	1200650009257
20	1200650029316	1200650032356
20	1200650036474	1200650038986
20	1200650048205	1200650053940
20	1200650055973	1200650059509
20	1200650060337	1200650069893
20	1200650070489	1200650073200
20	1200650074973	1200650077539
20	1200650098518	1200650101209
20	1200650110190	1200650113630
20	1200650117710	1200650122536
20	1200650126561	1200650129233
20	1200650135331	1200650139596
20	1200650140683	1200650142828
20	1200650143287	1200650146699
20	1200650172385	1200650175608
20	1200650252168	1200650254680
20	1200650256121	1200650259781
20	1200650265703	1200650270473
20	1200650280448	1200650283302
20	1200650318204	1200650320554
20	1200650357275	1200650367532
20	1200650379781	1200650387700
20	1200650392223	1200650398118
20	1200650400752	1200650405219
20	1200650415196	1200650418635
20	1200654121515	1200654125254
20	1200654127839	1200654131178
20	1200654550225	1200654556447
20	1200654575535	1200654577897
20	1200654588161	1200654592586
20	1200654595171	1200654599526
20	1200654599644	1200654603310
20	1200654604700	1200654611576
20	1200654616840	1200654619715
20	1200654631821	1200654636696
20	1200654657480	1200654662235
20	1200654668683	1200654681644
20	1200654686261	1200654688480
20	1200654737643	1200654738907
20	1200654743284	1200654745712
20	1200654747424	1200654749648
20	1200654755141	1200654757160
20	1200654767972	1200654769972
20	1200654773703	1200654776136
20	1200654777693	1200654779857
20	1200654784258	1200654788558
20	1200654802647	1200654805128
20	1200654869316	1200654875393
20	1200654880795	1200654882910
20	1200654893120	1200654895501
20	1200654933703	1200654935916
20	1200654936952	1200654941112
20	1200654952840	1200654954779
20	1200654975826	1200654978230
20	1200654987936	1200654990311
20	1200655098272	1200655100664
20	1200655101294	1200655103720
20	1200655123271	1200655127444
20	1200655131856	1200655134218
20	1200655146599	1200655153522
20	1200655189457	1200655191914
20	1200655230810	1200655238333
20	1200655250691	1200655253746
20	1200655258790	1200655261147
20	1200655299840	1200655303421
20	1200655304539	1200655307495
20	1200655315421	1200655317559
20	1200655319733	1200655324381
20	1200655347321	1200655351463
20	1200655391661	1200655394134
20	1200655396238	1200655404323
20	1200655406841	1200655409408
20	1200655462785	1200655468664
20	1200655517715	1200655519309
20	1200655520675	1200655525849
20	1200655526828	1200655529204
20	1200655529729	1200655531877
20	1200655558694	1200655562392
20	1200655590918	1200655594526
20	1200655595709	1200655598374
20	1200655601505	1200655610876
20	1200655809451	1200655811377
20	1200655815610	1200655817934
20	1200655818258	1200655820631
20	1200655830779	1200655837489
20	1200655883511	1200655885782
20	1200655964501	1200655972531
20	1200655996163	1200656005536
20	1200656181550	1200656182782
20	1200656191883	1200656194261
20	1200658788556	1200658794744
20	1200658819426	1200658821886
20	1200658839617	1200658842865
20	1200658894768	1200658904131
20	1200658907460	1200658908830
20	1200658917217	1200658921590
20	1200658928456	1200658933866
20	1200658934881	1200658942724
20	1200658944941	1200658947677
20	1200658952463	1200658954505
20	1200658954704	1200658956905
20	1200658958536	1200658961184
20	1200659073108	1200659079258
20	1200659080619	1200659084878
20	1200659097359	1200659100292
20	1200659103931	1200659131312
20	1200659146271	1200659148544
20	1200659152828	1200659155592
20	1200659159502	1200659161812
20	1200659196647	1200659199999
20	1200659236631	1200659237932
20	1200659242861	1200659248359
20	1200659317182	1200659319319
20	1200659327779	1200659330915
20	1200659333118	1200659337111
20	1200659368287	1200659370597
20	1200659402521	1200659410696
20	1200659412293	1200659420499
20	1200659421602	1200659426259
20	1200659439605	1200659461366
20	1200659462454	1200659467645
20	1200659469533	1200659469758
20	1200659487133	1200659500159
20	1200659500570	1200659508586
20	1200659509152	1200659518211
20	1200659591427	1200659598842
20	1200659623766	1200659625574
20	1200659626154	1200659638756
20	1200660070503	1200660075939
20	1200660081557	1200660086540
20	1200663430332	1200663433859
20	1200663450782	1200663453578
20	1200664188639	1200664190623
20	1200664199566	1200664206103
20	1200664208896	1200664217467
20	1200664231434	1200664236967
20	1200664240166	1200664256116
20	1200664260274	1200664265283
20	1200664265797	1200664274816
20	1200664275916	1200664279140
20	1200664298608	1200664303256
20	1200664378838	1200664382469
20	1200664386638	1200664400497
20	1200664491261	1200664494822
20	1200664517450	1200664520296
20	1200664543889	1200664546726
20	1200664547566	1200664550464
20	1200677621921	1200677634960
20	1200677670371	1200677675583
20	1200677676201	1200677681503
20	1200678254563	1200678259111
20	1200678259232	1200678262470
20	1200678263438	1200678274685
20	1200678290406	1200678300988
20	1200678314371	1200678317740
20	1200678318570	1200678321175
20	1200678651925	1200678661603
20	1200678662845	1200678667164
20	1200678676471	1200678678597
20	1200678684354	1200678689862
20	1200678699343	1200678701539
20	1200678715659	1200678717651
20	1200679816741	1200679824391
20	1200679844286	1200679848446
20	1200679853443	1200679855891
20	1200679920887	1200679922908
20	1200679925521	1200679932905
20	1200680004767	1200680009665
20	1200680036798	1200680042738
20	1200680106614	1200680111669
20	1200680126587	1200680127878
20	1200680132128	1200680134334
20	1200680135314	1200680136594
20	1200680137869	1200680140346
20	1200680320696	1200680321861
20	1200680397711	1200680400157
20	1200680409949	1200680411977
20	1200680431889	1200680434258
20	1200680437266	1200680437710
20	1200680476890	1200680479469
20	1200680517860	1200680521186
20	1200680563892	1200680566429
20	1200680723128	1200680727715
20	1200680751388	1200680754220
20	1200680838383	1200680843130
20	1200680848274	1200680850730
20	1200680856286	1200680858821
20	1200680859651	1200680862605
20	1200680868962	1200680872176
20	1200680901459	1200680904225
20	1200680961603	1200680968781
20	1200680990700	1200680996275
20	1200681004353	1200681006788
20	1200681007353	1200681009898
20	1200681039955	1200681047458
20	1200681159683	1200681163535
20	1200681220902	1200681230874
20	1200681233287	1200681241652
20	1200681269414	1200681273137
20	1200681287279	1200681296728
20	1200681299732	1200681303734
20	1200681460322	1200681466480
20	1200681519181	1200681521717
20	1200681522744	1200681527946
20	1200681530164	1200681532794
20	1200681533934	1200681536627
20	1200681542655	1200681546245
20	1200681566405	1200681569173
20	1200681569488	1200681570983
20	1200681644921	1200681648860
20	1200681660378	1200681663170
20	1200681672380	1200681674659
20	1200681675355	1200681679221
20	1200681679499	1200681683643
20	1200681701985	1200681704727
20	1200681888356	1200681890872
20	1200681923592	1200681926342
20	1200681953128	1200681955476
20	1200682187353	1200682189960
20	1200682632422	1200682636319
20	1200682646155	1200682649313
20	1200682891733	1200682891872
20	1200682896697	1200682901544
20	1200682937721	1200682939997
20	1200682969258	1200682974232
20	1200682997920	1200683000703
20	1200683017928	1200683020252
20	1200683025335	1200683027896
20	1200683150909	1200683161131
20	1200683161258	1200683166278
20	1200683187813	1200683193667
20	1200683211402	1200683214148
20	1200683256249	1200683269908
20	1200683304413	1200683310395
20	1200683332332	1200683336795
20	1200683341654	1200683344310
20	1200683347264	1200683352673
20	1200683357688	1200683361504
20	1200683362794	1200683364810
20	1200683366294	1200683369201
20	1200683383835	1200683387502
20	1200683411318	1200683414773
20	1200683430594	1200683437884
20	1200683440598	1200683443296
20	1200683446581	1200683451147
20	1200683459620	1200683461921
20	1200683475755	1200683480283
20	1200683496661	1200683498729
20	1200683501747	1200683504634
20	1200683504808	1200683512160
20	1200683514823	1200683521305
20	1200683522581	1200683525912
20	1200683534842	1200683536168
20	1200683536772	1200683540648
20	1200683547524	1200683550166
20	1200683575954	1200683580681
20	1200683583900	1200683588489
20	1200683593136	1200683596222
20	1200683598272	1200683604104
20	1200683605715	1200683611697
20	1200683614621	1200683617499
20	1200683665633	1200683668192
20	1200683703784	1200683709982
20	1200683712111	1200683715710
20	1200683730458	1200683735924
20	1200683737408	1200683739704
20	1200683742538	1200683754222
20	1200683754969	1200683757761
20	1200683760528	1200683766732
20	1200683864524	1200683869706
20	1200683880455	1200683887755
20	1200683905999	1200683912526
20	1200683933460	1200683935625
20	1200683937241	1200683940819
20	1200683956865	1200683963590
20	1200683975208	1200683977567
20	1200683982566	1200683987442
20	1200684041146	1200684043571
20	1200684163348	1200684164559
20	1200684276368	1200684278454
20	1200684303293	1200684305320
20	1200684345284	1200684347268
20	1200684378364	1200684380168
20	1200684401442	1200684404259
20	1200684416108	1200684420159
20	1200684430396	1200684432492
20	1200684443865	1200684446629
20	1200684449484	1200684450765
20	1200684486589	1200684488530
20	1200684503746	1200684505783
20	1200684567371	1200684568610
20	1200684572988	1200684575209
20	1200684579122	1200684583420
20	1200684612612	1200684616343
20	1200684668159	1200684671809
20	1200684921282	1200684926681
20	1200684999639	1200685002315
20	1200685006471	1200685009968
20	1200685058668	1200685061224
20	1200685069515	1200685071639
20	1200685076173	1200685080896
20	1200685118519	1200685123320
20	1200685130839	1200685134571
20	1200685139373	1200685144845
20	1200685152981	1200685160164
20	1200685161440	1200685170113
20	1200685170418	1200685173561
20	1200685215461	1200685223124
20	1200685235910	1200685238430
20	1200685247649	1200685257958
20	1200685290848	1200685295842
20	1200685298528	1200685301244
20	1200685304410	1200685311430
20	1200685341801	1200685346547
20	1200685353354	1200685356931
20	1200685387497	1200685390279
20	1200685393646	1200685396254
20	1200685419582	1200685422854
20	1200685437463	1200685439787
20	1200685464511	1200685466709
20	1200685479959	1200685481803
20	1200685482111	1200685486457
20	1200685525835	1200685528484
20	1200685535268	1200685540198
20	1200685546981	1200685549707
20	1200685552726	1200685556884
20	1200685557949	1200685566670
20	1200685577239	1200685580109
20	1200685580832	1200685585563
20	1200685599486	1200685601787
20	1200685605956	1200685608750
20	1200685611883	1200685614293
20	1200685631755	1200685637443
20	1200685649450	1200685653517
20	1200685677224	1200685679817
20	1200685680602	1200685681892
20	1200685686931	1200685689447
20	1200685715273	1200685716543
20	1200685758878	1200685761660
20	1200685771816	1200685776365
20	1200685782806	1200685785146
20	1200685807850	1200685810343
20	1200685823357	1200685826290
20	1200685828773	1200685831322
20	1200685888491	1200685890855
20	1200685891852	1200685893963
20	1200685934893	1200685937892
20	1200685944588	1200685954975
20	1200685962931	1200685965472
20	1200685976762	1200685979529
20	1200686036926	1200686039564
20	1200686043398	1200686044971
20	1200686045397	1200686048939
20	1200686059953	1200686064441
20	1200686068697	1200686070785
20	1200686070915	1200686073654
20	1200686076460	1200686078820
20	1200686087891	1200686090590
20	1200686091547	1200686095272
20	1200686108328	1200686110916
20	1200686138453	1200686142206
20	1200686181349	1200686183558
20	1200686190703	1200686193391
20	1200686230852	1200686234861
20	1200686243730	1200686249364
20	1200686256179	1200686261129
20	1200686329875	1200686333826
20	1200686342555	1200686345222
20	1200686355842	1200686358587
20	1200686374517	1200686377384
20	1200686429748	1200686432411
20	1200686443904	1200686446542
20	1200686448632	1200686454150
20	1200686458763	1200686462299
20	1200686467829	1200686492305
20	1200686498979	1200686501359
20	1200686520392	1200686522954
20	1200686523121	1200686525719
20	1200686622436	1200686625722
20	1200686627664	1200686630175
20	1200686630515	1200686632864
20	1200686646502	1200686648873
20	1200686678700	1200686683236
20	1200686684650	1200686687568
20	1200686732902	1200686735394
20	1200686736570	1200686739398
20	1200686769513	1200686771987
20	1200686777263	1200686781873
20	1200686901224	1200686911744
20	1200686919574	1200686922174
20	1200686926137	1200686936348
20	1200687100762	1200687103362
20	1200688083356	1200688084543
20	1200688122775	1200688124818
20	1200688124939	1200688128226
20	1200688131114	1200688135769
20	1200688206314	1200688208162
20	1200688217226	1200688219687
20	1200688219822	1200688224542
20	1200688242185	1200688244505
20	1200688439729	1200688445107
20	1200688460933	1200688464173
20	1200688464815	1200688470198
20	1200688482457	1200688501516
20	1200688502121	1200688511497
20	1200688512949	1200688517141
20	1200688517762	1200688521778
20	1200688544328	1200688547240
20	1200688565194	1200688565509
21	1200646117152	1200646121747
21	1200646163606	1200646164893
21	1200646166646	1200646172736
21	1200646203487	1200646208216
21	1200646247367	1200646252914
21	1200646502287	1200646508688
21	1200646530178	1200646532880
21	1200646535489	1200646540810
21	1200647765676	1200647768562
21	1200648343650	1200648348112
21	1200648361108	1200648364749
21	1200649673870	1200649683443
21	1200649697818	1200649702409
21	1200649716492	1200649720216
21	1200650357920	1200650366633
21	1200650377235	1200650381195
21	1200650399445	1200650403294
21	1200650416306	1200650421237
21	1200654120260	1200654123785
21	1200654128666	1200654131665
21	1200654549393	1200654552737
21	1200654554199	1200654559470
21	1200654573996	1200654577686
21	1200654617460	1200654623388
21	1200654631420	1200654639150
21	1200654648982	1200654653554
21	1200654655806	1200654659778
21	1200654670465	1200654675488
21	1200655403498	1200655406594
21	1200655831635	1200655834516
21	1200655965375	1200655969264
21	1200655998210	1200656004497
21	1200656180185	1200656182911
21	1200656192241	1200656195181
21	1200658786332	1200658793572
21	1200658796555	1200658799771
21	1200658800501	1200658802851
21	1200658806913	1200658819675
21	1200658840800	1200658845639
21	1200658886157	1200658893106
21	1200658895390	1200658902621
21	1200659122449	1200659130301
21	1200659516760	1200659522129
21	1200659531498	1200659538464
21	1200659561639	1200659566759
21	1200659574226	1200659576424
21	1200659588857	1200659595137
21	1200659631470	1200659636653
21	1200660077494	1200660078815
21	1200660078956	1200660089104
21	1200663184881	1200663187226
21	1200663226423	1200663229619
21	1200663332831	1200663339657
21	1200663341845	1200663344133
21	1200663429126	1200663432607
21	1200664187114	1200664189359
21	1200664212326	1200664217855
21	1200664226570	1200664229798
21	1200664231182	1200664233109
21	1200664233591	1200664235947
21	1200664253682	1200664258266
21	1200664259863	1200664262370
21	1200664277738	1200664281892
21	1200664296882	1200664305720
21	1200664377486	1200664380981
21	1200664397579	1200664400371
21	1200664435433	1200664443247
21	1200664488102	1200664490586
21	1200664492478	1200664496384
21	1200664517978	1200664521176
21	1200664543755	1200664545918
21	1200664547898	1200664550868
21	1200677620399	1200677623750
21	1200677631336	1200677636774
21	1200677640394	1200677641706
21	1200677642210	1200677645215
21	1200677669188	1200677672427
21	1200677676411	1200677682529
21	1200678298764	1200678303647
21	1200678313302	1200678316440
21	1200678319329	1200678323745
21	1200678339457	1200678346335
21	1200678650972	1200678653982
21	1200681228996	1200681231266
21	1200681233451	1200681242731
21	1200681287684	1200681293204
21	1200681293429	1200681298746
21	1200683881465	1200683885342
21	1200683904594	1200683909713
21	1200684580276	1200684588800
21	1200684611180	1200684614931
21	1200685889371	1200685893561
21	1200686904389	1200686907396
21	1200686908935	1200686913739
21	1200686917887	1200686920522
21	1200688441727	1200688443664
21	1200688443818	1200688448411
21	1200688457669	1200688461563
21	1200688485441	1200688488897
21	1200688517492	1200688525339
21	1200688541446	1200688543526
21	1200688544740	1200688546718
21	1200688559234	1200688563412
21	1200688565707	1200688568433
22	1200646116613	1200646119367
22	1200646205244	1200646208358
22	1200646246745	1200646248681
22	1200646250876	1200646254421
22	1200646500854	1200646504104
22	1200646505424	1200646508512
22	1200647764898	1200647767613
22	1200648344810	1200648347683
22	1200648360358	1200648363410
22	1200649698978	1200649701849
22	1200649715592	1200649718816
22	1200650362803	1200650366270
22	1200650375919	1200650379485
22	1200650417734	1200650420876
22	1200654119446	1200654121763
22	1200654129700	1200654132361
22	1200654555986	1200654559334
22	1200654573249	1200654576910
22	1200654635690	1200654638961
22	1200654647227	1200654650663
22	1200656000722	1200656003497
22	1200656165440	1200656170631
22	1200656179846	1200656182484
22	1200656193727	1200656195716
22	1200658818139	1200658820862
22	1200658842228	1200658844656
22	1200658885221	1200658888534
22	1200659632914	1200659636371
22	1200660068765	1200660072243
22	1200660084942	1200660089259
22	1200663183182	1200663190143
22	1200663193792	1200663198721
22	1200663224474	1200663230461
22	1200663336476	1200663352776
22	1200663428544	1200663431248
22	1200663453964	1200663457620
22	1200664215426	1200664218271
22	1200664225758	1200664228886
22	1200664255530	1200664261911
22	1200664278690	1200664281733
22	1200664302274	1200664305522
22	1200664377149	1200664379265
22	1200664440310	1200664443631
22	1200664495175	1200664497388
22	1200664542355	1200664543619
22	1200664549909	1200664552261
22	1200664667695	1200664670591
22	1200677619723	1200677622438
22	1200677634200	1200677637119
22	1200677642350	1200677646947
22	1200677667916	1200677670858
22	1200677679520	1200677684657
22	1200677991574	1200677996318
22	1200678046495	1200678051421
22	1200678184865	1200678187323
22	1200678195718	1200678199452
22	1200678200724	1200678204280
22	1200678300375	1200678303510
22	1200678312447	1200678315200
22	1200678320697	1200678324735
22	1200678337964	1200678340204
22	1200678343190	1200678346840
22	1200678649881	1200678652846
22	1200684584809	1200684587748
22	1200684605333	1200684614582
22	1200686910493	1200686912366
22	1200686916442	1200686919174
22	1200688444533	1200688447540
22	1200688457935	1200688459743
22	1200688523585	1200688527403
22	1200688566975	1200688569499
23	1200611493978	1200611497435
23	1200611497639	1200611499523
23	1200615076591	1200615078614
23	1200615229535	1200615231356
23	1200616430255	1200616434273
23	1200646115459	1200646118247
23	1200646206803	1200646209685
23	1200646245635	1200646248269
23	1200646252586	1200646257174
23	1200646258250	1200646263907
23	1200646287432	1200646290457
23	1200646449261	1200646454273
23	1200646467548	1200646475524
23	1200646491359	1200646495931
23	1200646500106	1200646502896
23	1200646506710	1200646509865
23	1200646539448	1200646543574
23	1200647764199	1200647766876
23	1200648345556	1200648348494
23	1200648359429	1200648362196
23	1200649699825	1200649702908
23	1200650059737	1200650063300
23	1200650363760	1200650366795
23	1200650375171	1200650378291
23	1200654118700	1200654121342
23	1200654313513	1200654318957
23	1200654338758	1200654345609
23	1200654400246	1200654402688
23	1200654418338	1200654423784
23	1200654429802	1200654432318
23	1200654439495	1200654444485
23	1200654448340	1200654452961
23	1200654467694	1200654472544
23	1200654558326	1200654562153
23	1200656001434	1200656005428
23	1200656165226	1200656167403
23	1200656168357	1200656171637
23	1200656177452	1200656180644
23	1200656193675	1200656196324
23	1200656413495	1200656416518
23	1200657384816	1200657393263
23	1200657556985	1200657559356
23	1200657809923	1200657813613
23	1200658784438	1200658787673
23	1200658842728	1200658845241
23	1200658846178	1200658852855
23	1200659633718	1200659637713
23	1200659672229	1200659677201
23	1200659700178	1200659706843
23	1200659718931	1200659723424
23	1200659725130	1200659739434
23	1200659744225	1200659747434
23	1200659774566	1200659776786
23	1200659777924	1200659779896
23	1200659780592	1200659787889
23	1200659791535	1200659794239
23	1200659797662	1200659805534
23	1200659807195	1200659815509
23	1200659821505	1200659823862
23	1200659829339	1200659831517
23	1200659831687	1200659833172
23	1200659836650	1200659839491
23	1200659843484	1200659845970
23	1200659853530	1200659862328
23	1200659864816	1200659867475
23	1200659877174	1200659886915
23	1200659887369	1200659891306
23	1200659908715	1200659923776
23	1200659924848	1200659929758
23	1200659945288	1200659948714
23	1200659950100	1200659958640
23	1200660018480	1200660024110
23	1200660043654	1200660051151
23	1200661156271	1200661161199
23	1200661358833	1200661370884
23	1200661616178	1200661618466
23	1200661618775	1200661623153
23	1200662085330	1200662093822
23	1200662094750	1200662098551
23	1200662166773	1200662169833
23	1200662209737	1200662213317
23	1200662259549	1200662262737
23	1200662290102	1200662294827
23	1200662306292	1200662310346
23	1200662438725	1200662444539
23	1200662452519	1200662456293
23	1200662504763	1200662507283
23	1200662527676	1200662533832
23	1200662657789	1200662659316
23	1200662659959	1200662662974
23	1200662753708	1200662761603
23	1200662855159	1200662858660
23	1200663015929	1200663020983
23	1200663028135	1200663033722
23	1200663057217	1200663059448
23	1200663130502	1200663133155
23	1200663139350	1200663142314
23	1200663182536	1200663188117
23	1200663427570	1200663430586
23	1200663455750	1200663459986
23	1200664186650	1200664187370
23	1200664217607	1200664229992
23	1200664279621	1200664282975
23	1200664303714	1200664307395
23	1200664323490	1200664330240
23	1200664340388	1200664347685
23	1200664375357	1200664377781
23	1200664441532	1200664446539
23	1200664497690	1200664499605
23	1200664521301	1200664523924
23	1200664564325	1200664569471
23	1200664569609	1200664573380
23	1200664656242	1200664659554
23	1200665244799	1200665247479
23	1200677618375	1200677621399
23	1200677643713	1200677649770
23	1200677654703	1200677661788
23	1200677665428	1200677672715
23	1200677681493	1200677687211
23	1200677916118	1200677921176
23	1200677989445	1200678000868
23	1200678017196	1200678022678
23	1200678042445	1200678048391
23	1200678049745	1200678054468
23	1200678059654	1200678066879
23	1200678077697	1200678086625
23	1200678096298	1200678100104
23	1200678100532	1200678104702
23	1200678114985	1200678120588
23	1200678121746	1200678126710
23	1200678139833	1200678146240
23	1200678146589	1200678153643
23	1200678180448	1200678183413
23	1200678184413	1200678189460
23	1200678193958	1200678197778
23	1200678204406	1200678209692
23	1200678221911	1200678225674
23	1200678232454	1200678234912
23	1200678242564	1200678246820
23	1200678251493	1200678253467
23	1200678301503	1200678304434
23	1200678310836	1200678314131
23	1200678322979	1200678326271
23	1200678333816	1200678338270
23	1200678344634	1200678348304
23	1200678649333	1200678651703
23	1200684585527	1200684589338
23	1200684607381	1200684611994
23	1200686910757	1200686913120
23	1200686915454	1200686918416
23	1200688445627	1200688448295
23	1200688456746	1200688458945
23	1200688539208	1200688540726
23	1200688568758	1200688570390
24	1200615077478	1200615080882
24	1200615228211	1200615230481
24	1200615237831	1200615240837
24	1200615242474	1200615244957
24	1200615462761	1200615466201
24	1200615551892	1200615555929
24	1200616430955	1200616433737
24	1200616490461	1200616493274
24	1200616515310	1200616519262
24	1200646114703	1200646117272
24	1200646244313	1200646246618
24	1200646516312	1200646519787
24	1200646541171	1200646544175
24	1200647733300	1200647737567
24	1200648346754	1200648349593
24	1200649700779	1200649706703
24	1200650048457	1200650051415
24	1200650060931	1200650063668
24	1200650365109	1200650367753
24	1200650797111	1200650799680
24	1200652819898	1200652822716
24	1200652922524	1200652924964
24	1200654300887	1200654304964
24	1200654307937	1200654314806
24	1200654397978	1200654399838
24	1200654431619	1200654434299
24	1200654447663	1200654450860
24	1200654560138	1200654567596
24	1200656164547	1200656166169
24	1200656170171	1200656172697
24	1200656228251	1200656231177
24	1200656377393	1200656380221
24	1200656429903	1200656431286
24	1200656487695	1200656499742
24	1200656502513	1200656505737
24	1200656994169	1200656996170
24	1200657367231	1200657374737
24	1200657393439	1200657397141
24	1200657539517	1200657542607
24	1200657558392	1200657561119
24	1200657652310	1200657654108
24	1200657682485	1200657685325
24	1200657793508	1200657798978
24	1200657806640	1200657811771
24	1200657892528	1200657895698
24	1200658157736	1200658160984
24	1200658776766	1200658779989
24	1200658783809	1200658786195
24	1200658863921	1200658867506
24	1200658871237	1200658874581
24	1200659643993	1200659648685
24	1200659897828	1200659899888
24	1200659901233	1200659903378
24	1200659957944	1200659959535
24	1200659981325	1200659984411
24	1200659991811	1200659996138
24	1200660192108	1200660194546
24	1200660213835	1200660215862
24	1200660239694	1200660247422
24	1200660248943	1200660251193
24	1200660266840	1200660271125
24	1200660282615	1200660291260
24	1200660291687	1200660303565
24	1200660306251	1200660308429
24	1200660316355	1200660323925
24	1200660653235	1200660655584
24	1200660659236	1200660663920
24	1200661154922	1200661156898
24	1200661258348	1200661266499
24	1200661267344	1200661274991
24	1200661335749	1200661348854
24	1200661352488	1200661355262
24	1200661356461	1200661361728
24	1200661368434	1200661372480
24	1200661386530	1200661387766
24	1200661399567	1200661406515
24	1200661409905	1200661417920
24	1200661430458	1200661434304
24	1200661612670	1200661615976
24	1200661628357	1200661637313
24	1200661657641	1200661658922
24	1200661677843	1200661680712
24	1200661686916	1200661688220
24	1200661884755	1200661885923
24	1200661886195	1200661891202
24	1200661902568	1200661904714
24	1200661913687	1200661922114
24	1200661957686	1200661963372
24	1200661972989	1200661978538
24	1200661979774	1200661981253
24	1200661993761	1200661997300
24	1200662043924	1200662045831
24	1200662065929	1200662070856
24	1200662083126	1200662086708
24	1200662169234	1200662177220
24	1200662197221	1200662203585
24	1200662211840	1200662214810
24	1200662257728	1200662261323
24	1200662291838	1200662296681
24	1200662302917	1200662308982
24	1200662660526	1200662662779
24	1200662694840	1200662701936
24	1200662706852	1200662712552
24	1200662754368	1200662759498
24	1200663386998	1200663390110
24	1200663426870	1200663430138
24	1200663457800	1200663470247
24	1200663481287	1200663487485
24	1200663876410	1200663880107
24	1200663884386	1200663887142
24	1200663888357	1200663892522
24	1200663897132	1200663900917
24	1200663916998	1200663917273
24	1200663975803	1200663977709
24	1200664305199	1200664308390
24	1200664311313	1200664314277
24	1200664329314	1200664332437
24	1200664337791	1200664341687
24	1200664347185	1200664354187
24	1200664355738	1200664361496
24	1200664444673	1200664445866
24	1200664446346	1200664449381
24	1200664455987	1200664458684
24	1200664509768	1200664513899
24	1200664528516	1200664533441
24	1200664535689	1200664542654
24	1200664646691	1200664649999
24	1200664678730	1200664681864
24	1200664747500	1200664750926
24	1200664783976	1200664785873
24	1200665155157	1200665158357
24	1200665258731	1200665262249
24	1200665895121	1200665897481
24	1200667874873	1200667877409
24	1200667978845	1200667982545
24	1200677617781	1200677620486
24	1200677905654	1200677907766
24	1200677910746	1200677914468
24	1200677938331	1200677942372
24	1200677951666	1200677956143
24	1200677961235	1200677965261
24	1200677975424	1200677978755
24	1200677985880	1200677991362
24	1200677999391	1200678015940
24	1200678022471	1200678025777
24	1200678030732	1200678033484
24	1200678036284	1200678045178
24	1200678052502	1200678061526
24	1200678065607	1200678073487
24	1200678074941	1200678080766
24	1200678084646	1200678090950
24	1200678092133	1200678099876
24	1200678103663	1200678108752
24	1200678109101	1200678117851
24	1200678125126	1200678131406
24	1200678135345	1200678142115
24	1200678151568	1200678155991
24	1200678178103	1200678182987
24	1200678187568	1200678196802
24	1200678208322	1200678217607
24	1200678244768	1200678253104
24	1200678309155	1200678313172
24	1200678330891	1200678333941
24	1200678346210	1200678349338
24	1200680691604	1200680694318
24	1200680770959	1200680773731
24	1200681225694	1200681227850
24	1200684586428	1200684592112
24	1200686911472	1200686914659
24	1200686914785	1200686916568
24	1200688446667	1200688449660
24	1200688455279	1200688457215
25	1200646259216	1200646261696
25	1200646285455	1200646296364
25	1200646401514	1200646403295
25	1200646445787	1200646447128
25	1200646448102	1200646452316
25	1200650047607	1200650051877
25	1200654326874	1200654330193
25	1200654330475	1200654335968
25	1200654343225	1200654347381
25	1200654561535	1200654566311
25	1200656168823	1200656171766
25	1200656229970	1200656232497
25	1200656412896	1200656416675
25	1200656421729	1200656424468
25	1200656437103	1200656440323
25	1200656492567	1200656495532
25	1200656497232	1200656503503
25	1200656984437	1200656988231
25	1200656994845	1200656996634
25	1200657113891	1200657116532
25	1200657312208	1200657317335
25	1200657364989	1200657370201
25	1200657533677	1200657538590
25	1200657538873	1200657541426
25	1200657544898	1200657548204
25	1200657652615	1200657655864
25	1200657663278	1200657666909
25	1200657791792	1200657793821
25	1200657794278	1200657798828
25	1200657892945	1200657894796
25	1200658776401	1200658780125
25	1200658782333	1200658786629
25	1200660031631	1200660035441
25	1200660190186	1200660194549
25	1200660214153	1200660217548
25	1200660239865	1200660242144
25	1200660652978	1200660657132
25	1200660658636	1200660660944
25	1200660666883	1200660671871
25	1200661263198	1200661267217
25	1200661316609	1200661320550
25	1200661432695	1200661443787
25	1200661468562	1200661469807
25	1200661470581	1200661473583
25	1200661480986	1200661483654
25	1200661485545	1200661487660
25	1200661491601	1200661499503
25	1200661501195	1200661503709
25	1200661504859	1200661519390
25	1200661521793	1200661529896
25	1200661535251	1200661539603
25	1200661560791	1200661565242
25	1200661574938	1200661577670
25	1200661577892	1200661580909
25	1200661584380	1200661588846
25	1200661588914	1200661592394
25	1200661605787	1200661608227
25	1200661615852	1200661617168
25	1200661782229	1200661784115
25	1200662011855	1200662015343
25	1200662044844	1200662052772
25	1200662054358	1200662071111
25	1200662129171	1200662133739
25	1200663387942	1200663393317
25	1200663394109	1200663403451
25	1200663404207	1200663406678
25	1200663415605	1200663417900
25	1200663458708	1200663460823
25	1200663462984	1200663465569
25	1200663484332	1200663488264
25	1200663890887	1200663900494
25	1200664335343	1200664336543
25	1200664378697	1200664382834
25	1200664485576	1200664489374
25	1200664512894	1200664515315
25	1200664528110	1200664531261
25	1200664536359	1200664538535
25	1200664783651	1200664784858
25	1200664905858	1200664909498
25	1200665715308	1200665717868
25	1200665730289	1200665733610
25	1200677977651	1200677982166
25	1200677982722	1200677987188
25	1200677987851	1200677989125
25	1200678154959	1200678156962
25	1200678171824	1200678174510
25	1200678176628	1200678181547
25	1200680692100	1200680695422
25	1200680770473	1200680773677
26	1200654443728	1200654448900
26	1200654451648	1200654453669
26	1200654512348	1200654513543
26	1200654513762	1200654517486
26	1200654550511	1200654552307
26	1200654602359	1200654604496
26	1200654628209	1200654629448
26	1200654629929	1200654632320
26	1200654635826	1200654643873
26	1200654652613	1200654656384
26	1200654676131	1200654680470
26	1200654697402	1200654699389
26	1200656987147	1200656992819
26	1200657104239	1200657107894
26	1200657111966	1200657114453
26	1200657181534	1200657186984
26	1200657320932	1200657329264
26	1200657335711	1200657339988
27	1200657814363	1200657816121
27	1200660067111	1200660069430
27	1200660207447	1200660209451
27	1200660225569	1200660227939
27	1200660252359	1200660253629
27	1200660644253	1200660647995
27	1200663349512	1200663354276
27	1200663372729	1200663376504
28	1200646260794	1200646265886
28	1200646284943	1200646288468
28	1200646492468	1200646494495
28	1200649715788	1200649716186
28	1200650419391	1200650430525
28	1200654130892	1200654137563
28	1200654461816	1200654469416
28	1200654637525	1200654649816
28	1200656419274	1200656420546
28	1200656450966	1200656454754
28	1200657378614	1200657382848
28	1200657817949	1200657820112
28	1200658883519	1200658887128
28	1200659635251	1200659637583
28	1200659689128	1200659692558
28	1200659700508	1200659702689
28	1200659889374	1200659891423
28	1200659918763	1200659922640
28	1200659924274	1200659927216
28	1200659952509	1200659954498
28	1200660022136	1200660027709
28	1200660048612	1200660054589
28	1200660055386	1200660071629
28	1200660089534	1200660094836
28	1200660102343	1200660105979
28	1200660124436	1200660127112
28	1200660133605	1200660137391
28	1200660140739	1200660145561
28	1200660157978	1200660166145
28	1200660194712	1200660196698
28	1200660197913	1200660200424
28	1200660207881	1200660211731
28	1200660212453	1200660214610
28	1200660216118	1200660218528
28	1200660220185	1200660221431
28	1200660224266	1200660230310
28	1200660237978	1200660243724
28	1200660245132	1200660248686
28	1200660251678	1200660255101
28	1200660266271	1200660268221
28	1200660269335	1200660275227
28	1200660275467	1200660276702
28	1200660288908	1200660291103
28	1200660304359	1200660305591
28	1200660354173	1200660356934
28	1200660370611	1200660374196
28	1200660402809	1200660404809
28	1200660436472	1200660438813
28	1200660441154	1200660443687
28	1200660451457	1200660454191
28	1200660461480	1200660463756
28	1200660490769	1200660493307
28	1200660507135	1200660509138
28	1200660518611	1200660520555
28	1200660528455	1200660531688
28	1200660532590	1200660536606
28	1200660537822	1200660539756
28	1200660553935	1200660555364
28	1200660579765	1200660585800
28	1200660586722	1200660591160
28	1200660593881	1200660598539
28	1200660643957	1200660651848
28	1200660661702	1200660664576
28	1200660688740	1200660694177
28	1200663962168	1200663963934
28	1200663972862	1200663977225
28	1200664670253	1200664672494
28	1200678640129	1200678654222
29	1200611495571	1200611499825
29	1200615238991	1200615240633
29	1200646208941	1200646215939
29	1200646223469	1200646228503
29	1200646494353	1200646501363
29	1200646509456	1200646516577
29	1200647735522	1200647754124
29	1200647762589	1200647765204
29	1200648352278	1200648354250
29	1200648354403	1200648361544
29	1200649705882	1200649716670
29	1200652406911	1200652412437
29	1200652415353	1200652417182
29	1200652418533	1200652420511
29	1200652426506	1200652429807
29	1200654290698	1200654293977
29	1200654296566	1200654299544
29	1200654388381	1200654391269
29	1200656419538	1200656427710
29	1200656449984	1200656457720
29	1200656458332	1200656459614
29	1200656475972	1200656477217
29	1200656477967	1200656480612
29	1200656482157	1200656490608
29	1200657283124	1200657286770
29	1200657292400	1200657294361
29	1200658873157	1200658877373
29	1200658879733	1200658886340
29	1200659637377	1200659641678
29	1200659643123	1200659648536
29	1200659689897	1200659699442
29	1200659898174	1200659900171
29	1200659920804	1200659926918
29	1200659993380	1200660002860
29	1200660005361	1200660006979
29	1200660014813	1200660023876
29	1200660648321	1200660653882
29	1200660659812	1200660662758
29	1200660713567	1200660715509
29	1200663898937	1200663905113
29	1200663938935	1200663944313
29	1200663948329	1200663951752
29	1200663954441	1200663958644
29	1200663958939	1200663976583
29	1200664284618	1200664292514
29	1200664572251	1200664573533
29	1200664579723	1200664582809
29	1200665238395	1200665246959
29	1200665252319	1200665261771
29	1200688448839	1200688456741
30	1200615079979	1200615082446
30	1200615227150	1200615230847
30	1200615239258	1200615244567
30	1200615464320	1200615467995
30	1200615549132	1200615553492
30	1200616490597	1200616494414
30	1200616517947	1200616524139
30	1200646227805	1200646231539
30	1200646245865	1200646249375
30	1200646254794	1200646258432
30	1200646448659	1200646453554
30	1200647742665	1200647745787
30	1200647746304	1200647749332
30	1200648347839	1200648352801
30	1200649702657	1200649706191
30	1200650062709	1200650065320
30	1200650365960	1200650371831
30	1200650426956	1200650429877
30	1200650795593	1200650797457
30	1200652405208	1200652409832
30	1200652428684	1200652433144
30	1200652921300	1200652924691
30	1200654117140	1200654120388
30	1200654134956	1200654138662
30	1200654289161	1200654292416
30	1200654390893	1200654394360
30	1200656003214	1200656006921
30	1200656104661	1200656106984
30	1200656195448	1200656199922
30	1200656230180	1200656233203
30	1200656376583	1200656379667
30	1200656399581	1200656402791
30	1200656428524	1200656433645
30	1200656435939	1200656438967
30	1200656501697	1200656505617
30	1200657183972	1200657190291
30	1200657278381	1200657286217
30	1200657288612	1200657291428
30	1200657292203	1200657293312
30	1200657297259	1200657301565
30	1200657311601	1200657312876
30	1200657313124	1200657315922
30	1200657532805	1200657534236
30	1200657559608	1200657563295
30	1200657798682	1200657801552
30	1200657822614	1200657825125
30	1200658160111	1200658162269
30	1200658867615	1200658872601
30	1200659974444	1200659976238
30	1200660030379	1200660034277
30	1200660237672	1200660242212
30	1200660319482	1200660322222
30	1200660658970	1200660662509
30	1200660713789	1200660718151
30	1200661314713	1200661319190
30	1200662128387	1200662130904
30	1200663414940	1200663419472
30	1200663425557	1200663429372
30	1200663483603	1200663490787
30	1200663495901	1200663498220
30	1200663874887	1200663878970
30	1200663976997	1200663979630
30	1200664306745	1200664313771
30	1200664377368	1200664381577
30	1200664486248	1200664489237
30	1200664507423	1200664512145
30	1200664538305	1200664541474
30	1200664641161	1200664646877
30	1200664705327	1200664706971
30	1200664708374	1200664711195
30	1200664748612	1200664751422
30	1200664782680	1200664785276
30	1200665156317	1200665159999
30	1200665236327	1200665239798
30	1200665714676	1200665717113
30	1200665730936	1200665734545
30	1200665896783	1200665899395
30	1200667876743	1200667879661
30	1200667973593	1200667982663
30	1200677616460	1200677618660
30	1200678307620	1200678308818
30	1200678347551	1200678350818
30	1200678637532	1200678640406
30	1200681226353	1200681229454
30	1200684587490	1200684591906
30	1200686912843	1200686917216
30	1200688448451	1200688457787
31	1200615225519	1200615228429
31	1200615465652	1200615468952
31	1200615547651	1200615550481
31	1200616434438	1200616441201
31	1200616489192	1200616491982
31	1200616520382	1200616526233
31	1200640381293	1200640387141
31	1200640387830	1200640391599
31	1200640966770	1200640976668
31	1200642401351	1200642404158
31	1200643634144	1200643637764
31	1200643696802	1200643705896
31	1200644084800	1200644091497
31	1200644455488	1200644460799
31	1200644461113	1200644466400
31	1200645031759	1200645035306
31	1200646111311	1200646115855
31	1200646229344	1200646233734
31	1200646241704	1200646247985
31	1200646437725	1200646444620
31	1200646448816	1200646452439
31	1200646452567	1200646455465
31	1200646473916	1200646476160
31	1200646486496	1200646492186
31	1200646544346	1200646547424
31	1200647731330	1200647734907
31	1200647789763	1200647794236
31	1200647854790	1200647856402
31	1200648087509	1200648091232
31	1200648790985	1200648792853
31	1200649524324	1200649526823
31	1200649968870	1200649971772
31	1200650026325	1200650029303
31	1200650046524	1200650048767
31	1200650063108	1200650066373
31	1200650428254	1200650431777
31	1200650643439	1200650646523
31	1200650764690	1200650771124
31	1200650787270	1200650796574
31	1200650803196	1200650814596
31	1200651408578	1200651414307
31	1200651431343	1200651435896
31	1200651565216	1200651567123
31	1200652235518	1200652238784
31	1200652371347	1200652377382
31	1200652403800	1200652407559
31	1200652430720	1200652435134
31	1200652822358	1200652825644
31	1200652920970	1200652922788
31	1200653017419	1200653020304
31	1200653055986	1200653058717
31	1200654116631	1200654118424
31	1200654136375	1200654139850
31	1200654286723	1200654291158
31	1200654299376	1200654324731
31	1200654331848	1200654336974
31	1200654337150	1200654344653
31	1200654451395	1200654460191
31	1200655201905	1200655203842
31	1200655244207	1200655246149
31	1200655972185	1200655975147
31	1200655991979	1200655993276
31	1200656004364	1200656008394
31	1200656101900	1200656104379
31	1200656105179	1200656108465
31	1200656163374	1200656165702
31	1200656170759	1200656173791
31	1200656196460	1200656198952
31	1200656231358	1200656234259
31	1200656269872	1200656273543
31	1200656275137	1200656279293
31	1200656375513	1200656377753
31	1200656397611	1200656400811
31	1200656407515	1200656412377
31	1200656479967	1200656485447
31	1200656488642	1200656493618
31	1200656503281	1200656507443
31	1200656880106	1200656882771
31	1200656961656	1200656986967
31	1200656996189	1200656998324
31	1200657112689	1200657114915
31	1200657188620	1200657192801
31	1200657213826	1200657217891
31	1200657274693	1200657282764
31	1200657309692	1200657313472
31	1200657337926	1200657342902
31	1200657357377	1200657362675
31	1200657560389	1200657564625
31	1200657680307	1200657682997
31	1200657824975	1200657828894
31	1200657850436	1200657854673
31	1200657858529	1200657865554
31	1200657894522	1200657897656
31	1200657899335	1200657903318
31	1200657936622	1200657940952
31	1200658160286	1200658163382
31	1200658748630	1200658751506
31	1200658822458	1200658825378
31	1200659119442	1200659127635
31	1200659574856	1200659576747
31	1200659792951	1200659795331
31	1200659933479	1200659935489
31	1200660047342	1200660051738
31	1200660079602	1200660083440
31	1200660236256	1200660238228
31	1200660715177	1200660720337
31	1200660720657	1200660728527
31	1200660735354	1200660738900
31	1200661173626	1200661177568
31	1200661312709	1200661316750
31	1200661779554	1200661781879
31	1200663417595	1200663427123
31	1200663484472	1200663490667
31	1200663496412	1200663500340
31	1200663873421	1200663877654
31	1200663983121	1200663987718
31	1200664182552	1200664184724
31	1200664375613	1200664379381
31	1200664703188	1200664705173
31	1200664708555	1200664714455
31	1200664776493	1200664778744
31	1200664907352	1200664909970
31	1200665157437	1200665160125
31	1200665235171	1200665237655
31	1200665694217	1200665696827
31	1200665767690	1200665770158
31	1200665898935	1200665901107
31	1200667972849	1200667975196
31	1200669643162	1200669645367
31	1200669661794	1200669664588
31	1200677614881	1200677618796
31	1200678349531	1200678356669
31	1200678357445	1200678360278
31	1200678363604	1200678368778
31	1200678636183	1200678638345
31	1200680768567	1200680771181
31	1200681227323	1200681229321
31	1200681231583	1200681236439
31	1200688575838	1200688580378
32	1200640388751	1200640391449
32	1200640391852	1200640393121
32	1200640965887	1200640968286
32	1200642402463	1200642403718
32	1200643633832	1200643637878
32	1200643702114	1200643706336
32	1200644081880	1200644091902
32	1200644456831	1200644464152
32	1200644466223	1200644475391
32	1200644495535	1200644508332
32	1200645029561	1200645034472
32	1200646230260	1200646237554
32	1200646241580	1200646243699
32	1200646243824	1200646247857
32	1200646438776	1200646440556
32	1200646447264	1200646452190
32	1200646452877	1200646459486
32	1200646470890	1200646480561
32	1200646485917	1200646493617
32	1200646500219	1200646502698
32	1200646544365	1200646547620
32	1200647731781	1200647734443
32	1200647855173	1200647858282
32	1200648087810	1200648090550
32	1200648791428	1200648793473
32	1200649524486	1200649527451
32	1200649968403	1200649972206
32	1200650027150	1200650030564
32	1200650046400	1200650049621
32	1200650063434	1200650066617
32	1200650428594	1200650432260
32	1200650644438	1200650648743
32	1200650668358	1200650670848
32	1200650679304	1200650683133
32	1200650684451	1200650688975
32	1200650704970	1200650709704
32	1200650710907	1200650712790
32	1200650763768	1200650771609
32	1200650786289	1200650789861
32	1200650790989	1200650792273
32	1200650792394	1200650795562
32	1200651407954	1200651411937
32	1200651431154	1200651434395
32	1200651566153	1200651569483
32	1200652236861	1200652240498
32	1200652366499	1200652377692
32	1200652403375	1200652407343
32	1200652431130	1200652435811
32	1200653016149	1200653020191
32	1200653056932	1200653060119
32	1200654136739	1200654140471
32	1200654286445	1200654290345
32	1200654298657	1200654303491
32	1200654305980	1200654310292
32	1200654311555	1200654317701
32	1200654425535	1200654430127
32	1200654434107	1200654439125
32	1200654460389	1200654460423
32	1200654553302	1200654558552
32	1200655200838	1200655204270
32	1200655244654	1200655248472
32	1200655971923	1200655975272
32	1200655992255	1200655995761
32	1200656105565	1200656108980
32	1200656163192	1200656165307
32	1200656170506	1200656172951
32	1200656269545	1200656271966
32	1200656276175	1200656278247
32	1200656407329	1200656410907
32	1200656439213	1200656441609
32	1200656479824	1200656484931
32	1200656488140	1200656492282
32	1200656879823	1200656883368
32	1200656962763	1200656967223
32	1200656969294	1200656976796
32	1200656980940	1200656985731
32	1200656996350	1200656998456
32	1200657112548	1200657114573
32	1200657189509	1200657193161
32	1200657214254	1200657217755
32	1200657275645	1200657281969
32	1200657310191	1200657314114
32	1200657339150	1200657343382
32	1200657355789	1200657360783
32	1200657527935	1200657531123
32	1200657531689	1200657540541
32	1200657562560	1200657564821
32	1200657825509	1200657829734
32	1200657849602	1200657853405
32	1200657857581	1200657862428
32	1200657900353	1200657904307
32	1200657937708	1200657941234
32	1200658749614	1200658752907
32	1200658774350	1200658777943
32	1200658824483	1200658831621
32	1200659118572	1200659125419
32	1200659699928	1200659701796
32	1200659702386	1200659706121
32	1200659726889	1200659729102
32	1200659763809	1200659767479
32	1200659789962	1200659798366
32	1200659799140	1200659803207
32	1200659822162	1200659825382
32	1200659877348	1200659884295
32	1200659893458	1200659895706
32	1200659898338	1200659912525
32	1200659942600	1200659946443
32	1200659947141	1200659954849
32	1200659974216	1200659980913
32	1200659992675	1200659994892
32	1200659996150	1200660001728
32	1200660003781	1200660010874
32	1200660015528	1200660021813
32	1200660029264	1200660035323
32	1200660049223	1200660052861
32	1200660059545	1200660066751
32	1200660069645	1200660072737
32	1200660079463	1200660081875
32	1200660217820	1200660219209
32	1200660222781	1200660224409
32	1200660236510	1200660239156
32	1200660320842	1200660323409
32	1200660658374	1200660660612
32	1200660726452	1200660729968
32	1200660735228	1200660738815
32	1200661313558	1200661314973
32	1200662013256	1200662015474
32	1200662127870	1200662131211
32	1200664487344	1200664490858
32	1200664498373	1200664499751
32	1200664506557	1200664510406
32	1200664539257	1200664544148
32	1200664544502	1200664549414
32	1200664575409	1200664578931
32	1200664682746	1200664684696
32	1200664698624	1200664700778
32	1200664701557	1200664705309
32	1200664749626	1200664751871
32	1200664773538	1200664775554
32	1200664782394	1200664784437
32	1200665695854	1200665696981
32	1200665714820	1200665716336
32	1200665766921	1200665769479
32	1200669643632	1200669646211
32	1200669661418	1200669664935
33	1200663350780	1200663354921
33	1200663371311	1200663374599
34	1200663351650	1200663355575
34	1200663370283	1200663374359
36	1200663352408	1200663357706
36	1200663369934	1200663374631
37	1200663353940	1200663358366
37	1200663366375	1200663372875
