1	1201592360637	1201592369778
1	1201592371281	1201592381720
1	1201592385972	1201592390865
1	1201592393320	1201592394615
1	1201592395649	1201592400833
1	1201592401449	1201592408221
1	1201592409245	1201592415892
1	1201592421640	1201592427292
1	1201592448948	1201592453154
1	1201592463460	1201592465328
1	1201592528378	1201592530582
1	1201592559491	1201592561916
1	1201592572986	1201592574238
1	1201592578294	1201592580809
1	1201592595808	1201592597941
1	1201592599481	1201592601317
1	1201592601570	1201592603352
1	1201592614958	1201592617186
1	1201592637778	1201592639760
1	1201592643658	1201592645635
1	1201592646729	1201592653797
1	1201592655391	1201592657355
1	1201592663943	1201592665212
1	1201592666442	1201592668640
1	1201592670913	1201592674415
1	1201592674929	1201592676775
1	1201592676900	1201592680749
1	1201592681219	1201592683485
1	1201592684716	1201592687872
1	1201592709756	1201592712312
1	1201592778391	1201592780276
1	1201592792790	1201592802286
1	1201592810457	1201592814450
1	1201592820727	1201592823104
1	1201592824619	1201592827834
1	1201592833682	1201592837944
1	1201592838214	1201592842683
1	1201592842867	1201592845186
1	1201592866248	1201592868294
1	1201592874305	1201592880453
1	1201592882661	1201592886578
1	1201592896418	1201592903253
1	1201592906674	1201592911200
1	1201592916133	1201592916169
1	1201592918712	1201592920825
1	1201592927427	1201592936614
1	1201592937182	1201592946657
1	1201593191585	1201593193263
1	1201593194914	1201593197213
1	1201593198523	1201593202671
1	1201593219277	1201593222683
1	1201593223793	1201593227776
1	1201593273988	1201593276478
1	1201593315395	1201593317935
1	1201593322342	1201593327163
1	1201593328759	1201593333463
1	1201593373314	1201593375432
1	1201593376940	1201593381792
1	1201593384600	1201593389873
1	1201593391519	1201593395119
1	1201593401532	1201593404371
1	1201593411986	1201593413793
1	1201593452273	1201593453578
1	1201593467779	1201593469809
1	1201593470705	1201593471987
1	1201593517347	1201593517948
1	1201593529749	1201593532103
1	1201593556697	1201593561191
1	1201593571239	1201593573616
1	1201593579561	1201593581841
1	1201593590172	1201593592449
1	1201593603637	1201593605883
1	1201593606259	1201593608511
1	1201593612446	1201593615150
1	1201593627209	1201593629521
1	1201593648363	1201593650961
1	1201593651257	1201593653418
1	1201593664748	1201593668793
1	1201593874621	1201593879379
1	1201593886588	1201593888606
1	1201599202446	1201599208478
1	1201599208851	1201599214239
1	1201599215693	1201599219239
1	1201599222926	1201599226273
1	1201599243562	1201599248592
1	1201599254779	1201599256383
1	1201599258145	1201599260275
1	1201599370811	1201599373511
1	1201599390593	1201599395165
1	1201599419789	1201599421387
1	1201599443506	1201599446230
1	1201599537440	1201599539473
1	1201599552960	1201599556939
1	1201599598212	1201599600856
1	1201599603825	1201599606343
1	1201599607767	1201599610674
1	1201599617600	1201599618890
1	1201599624289	1201599626740
1	1201599661886	1201599668610
1	1201599670480	1201599674509
1	1201599749999	1201599754130
1	1201599767458	1201599769643
1	1201599769891	1201599772390
1	1201599774357	1201599776471
1	1201599798325	1201599801903
1	1201599808214	1201599811900
1	1201599812542	1201599814154
1	1201599814824	1201599816928
1	1201599828364	1201599832312
1	1201599848753	1201599854514
1	1201599871257	1201599874864
1	1201599892658	1201599894993
1	1201600035680	1201600037734
1	1201600074912	1201600079692
1	1201600080340	1201600083930
1	1201600121819	1201600123364
1	1201600161664	1201600162892
1	1201600166934	1201600167392
1	1201600169747	1201600171988
1	1201600190576	1201600193415
1	1201600217222	1201600220260
1	1201600220395	1201600224738
1	1201600227576	1201600230150
1	1201600231906	1201600234389
1	1201600234638	1201600237293
1	1201600242786	1201600245641
1	1201600247989	1201600250138
1	1201600258822	1201600261459
1	1201600295681	1201600297962
1	1201600333286	1201600336158
1	1201600338574	1201600346402
1	1201600365667	1201600367919
1	1201600389534	1201600390844
1	1201600418250	1201600420579
1	1201600433615	1201600436870
1	1201600466775	1201600468899
1	1201600470757	1201600473494
1	1201600479877	1201600481121
1	1201600552503	1201600554543
1	1201600560501	1201600561946
1	1201600628458	1201600629718
1	1201600650725	1201600655735
1	1201600656112	1201600660995
1	1201600677658	1201600681396
1	1201600685375	1201600689495
1	1201600720570	1201600722895
1	1201600724913	1201600728534
1	1201600809334	1201600811350
1	1201600846341	1201600848180
1	1201600858907	1201600861167
1	1201600862377	1201600864241
1	1201600875698	1201600876974
1	1201600975627	1201600977388
1	1201601025480	1201601027479
1	1201601032949	1201601034217
1	1201601081570	1201601083543
1	1201601173542	1201601175984
1	1201601289856	1201601295332
1	1201601303137	1201601305229
1	1201601305613	1201601308534
1	1201601310411	1201601313165
1	1201601321890	1201601323917
1	1201601324995	1201601327721
1	1201601335708	1201601340714
1	1201601344220	1201601346287
1	1201601367946	1201601376323
1	1201601381769	1201601385392
1	1201601386347	1201601394943
1	1201601399588	1201601406521
1	1201602215543	1201602221100
1	1201602221190	1201602224658
1	1201602544802	1201602547295
1	1201602549357	1201602552336
1	1201602555784	1201602557617
1	1201602571101	1201602574502
1	1201602607318	1201602609475
1	1201602624758	1201602626277
1	1201602630320	1201602634367
1	1201602634823	1201602640717
1	1201602643716	1201602647914
1	1201602654929	1201602659822
1	1201602745594	1201602747648
1	1201602764900	1201602766156
1	1201602802230	1201602804384
1	1201602815713	1201602817937
1	1201602856198	1201602858247
1	1201602863915	1201602866505
1	1201602886878	1201602889395
1	1201602908817	1201602911382
1	1201602916654	1201602923700
1	1201602930839	1201602932517
1	1201602937719	1201602939793
1	1201603054519	1201603056693
1	1201603084476	1201603086383
1	1201603089256	1201603091548
1	1201603198576	1201603200698
1	1201603296664	1201603297892
1	1201603457476	1201603459604
1	1201603527310	1201603529881
1	1201603555734	1201603558146
1	1201603568966	1201603571617
1	1201603600746	1201603603570
1	1201603609444	1201603612584
1	1201603678861	1201603681855
1	1201603712630	1201603714955
1	1201603727342	1201603729213
1	1201603791815	1201603797111
1	1201603803337	1201603806358
1	1201603812425	1201603814337
1	1201603815993	1201603820139
1	1201603820575	1201603822673
1	1201603824932	1201603826999
1	1201603827183	1201603830736
1	1201603913123	1201603920557
1	1201603921151	1201603923607
1	1201603928503	1201603941734
1	1201603943778	1201603946231
1	1201603947675	1201603958222
1	1201603958375	1201603975630
1	1201603976643	1201603999308
1	1201604001857	1201604011711
1	1201604019768	1201604022119
1	1201604026516	1201604029402
1	1201604030568	1201604040788
1	1201604042922	1201604048671
1	1201604049407	1201604053150
1	1201604053903	1201604062449
1	1201604068875	1201604074967
1	1201604077673	1201604080816
1	1201604081375	1201604086677
1	1201604090278	1201604102981
1	1201604103137	1201604112207
1	1201604113833	1201604116502
1	1201604117645	1201604128737
1	1201604129125	1201604142342
1	1201604142571	1201604148649
1	1201604150655	1201604170307
1	1201604171616	1201604174248
1	1201604175628	1201604180616
1	1201604185414	1201604191822
1	1201604195174	1201604204804
1	1201604205650	1201604209581
1	1201604210847	1201604214484
1	1201604214737	1201604217303
1	1201604219875	1201604224634
1	1201604227226	1201604230958
1	1201604231810	1201604240437
1	1201604242609	1201604246283
1	1201604248825	1201604255923
1	1201604258839	1201604262424
1	1201604262591	1201604269564
1	1201604272835	1201604281176
1	1201604283205	1201604284483
1	1201604287422	1201604293804
1	1201604293904	1201604306375
1	1201604308201	1201604310609
1	1201604321123	1201604322405
1	1201604324651	1201604326304
1	1201604331426	1201604333554
1	1201604333943	1201604336207
1	1201604341714	1201604343813
1	1201604344196	1201604347185
1	1201604350331	1201604352996
1	1201604358700	1201604363696
1	1201604366512	1201604370989
1	1201604379478	1201604380756
1	1201604391330	1201604393623
1	1201604394253	1201604400280
1	1201604414485	1201604419674
1	1201604419950	1201604422570
1	1201604427378	1201604431888
1	1201604454745	1201604459529
1	1201604464959	1201604466950
1	1201604467374	1201604470102
1	1201604471624	1201604475284
1	1201604479491	1201604481681
1	1201604481796	1201604485187
1	1201604493464	1201604495472
1	1201604507341	1201604509547
1	1201604512538	1201604514706
1	1201604521282	1201604523336
1	1201604525160	1201604527657
1	1201604528481	1201604530576
1	1201604542854	1201604549629
1	1201604552394	1201604554696
1	1201604584248	1201604585504
1	1201604586283	1201604588367
1	1201604598779	1201604600923
1	1201604603491	1201604608126
1	1201604614523	1201604615807
1	1201604626175	1201604628508
1	1201604647954	1201604650465
1	1201604672181	1201604674498
1	1201604694884	1201604697440
1	1201604698524	1201604699817
1	1201604703488	1201604706419
1	1201604708517	1201604709807
1	1201604725874	1201604727598
1	1201604733156	1201604736194
1	1201604736902	1201604738209
1	1201604754747	1201604756619
1	1201604770133	1201604776799
1	1201604777204	1201604785776
1	1201604790293	1201604792467
1	1201604793289	1201604794307
1	1201604800339	1201604802605
1	1201604816851	1201604819138
1	1201604819254	1201604820533
1	1201604842747	1201604846246
1	1201604850870	1201604853480
1	1201604866417	1201604868744
1	1201604888488	1201604891194
1	1201604891702	1201604895892
1	1201604899219	1201604900307
1	1201604900431	1201604902735
1	1201604910859	1201604913192
1	1201604916205	1201604920754
1	1201604922357	1201604926686
1	1201604927238	1201604929485
1	1201604937358	1201604940883
1	1201604944436	1201604946739
1	1201604989688	1201604996893
1	1201605244971	1201605246540
1	1201605251500	1201605260385
1	1201605493856	1201605494275
1	1201605496449	1201605499429
1	1201605499962	1201605501247
1	1201605518582	1201605530419
1	1201605552685	1201605556956
1	1201605578313	1201605580145
1	1201605656472	1201605657712
1	1201605658692	1201605660903
1	1201605672350	1201605676232
1	1201605705518	1201605707514
1	1201605719142	1201605723453
1	1201605764744	1201605766242
1	1201605843757	1201605845741
1	1201606018283	1201606022698
1	1201606023591	1201606025714
1	1201606034630	1201606036954
1	1201606040270	1201606041549
1	1201606328318	1201606334186
1	1201606395547	1201606401418
1	1201606412479	1201606414593
1	1201606416396	1201606421758
1	1201606481290	1201606485182
1	1201606485609	1201606488588
1	1201606496744	1201606499990
1	1201606611387	1201606613959
1	1201606647964	1201606650210
1	1201606666728	1201606668873
1	1201606670702	1201606673186
1	1201606718657	1201606721233
1	1201606727983	1201606729945
1	1201606731992	1201606738296
1	1201606741131	1201606743495
1	1201606759628	1201606763675
1	1201606766425	1201606769164
1	1201606788238	1201606791330
1	1201606794632	1201606796959
1	1201606934422	1201606936526
1	1201606953165	1201606955539
1	1201606987335	1201606991521
1	1201607012862	1201607018919
1	1201607019199	1201607022980
1	1201607030500	1201607033165
1	1201607043137	1201607045539
1	1201608112961	1201608115500
1	1201608116150	1201608119529
1	1201608127408	1201608132322
1	1201608171167	1201608173943
1	1201608347613	1201608362805
1	1201608371210	1201608373518
1	1201608373855	1201608376235
1	1201608385452	1201608389636
1	1201608390218	1201608399138
1	1201608681874	1201608694863
1	1201608695135	1201608697891
1	1201608703129	1201608711260
1	1201608711695	1201608712990
1	1201608714962	1201608717542
1	1201608718188	1201608719482
1	1201608725559	1201608733355
1	1201608789939	1201608792747
1	1201608860591	1201608862664
1	1201608878625	1201608880814
1	1201608882249	1201608884899
1	1201608911567	1201608915936
1	1201608925384	1201608930111
1	1201609010832	1201609013226
1	1201609052274	1201609055140
1	1201609104417	1201609109759
1	1201609112111	1201609115347
1	1201609131188	1201609134634
1	1201609134764	1201609137274
1	1201609142795	1201609148691
1	1201609149323	1201609152439
1	1201609153132	1201609155588
1	1201609155936	1201609164705
1	1201609232617	1201609234961
1	1201611279784	1201611281949
1	1201614402747	1201614407243
1	1201614422833	1201614425187
1	1201614429601	1201614437606
1	1201614444199	1201614449295
1	1201614451697	1201614457837
1	1201614470401	1201614471664
1	1201614472419	1201614477825
1	1201614478244	1201614480572
1	1201614481674	1201614484184
1	1201614499430	1201614501606
1	1201614502330	1201614506232
1	1201614507408	1201614513433
1	1201614524461	1201614526499
1	1201614527584	1201614530196
1	1201614531396	1201614535658
1	1201614541964	1201614544370
1	1201614546537	1201614550214
1	1201614561677	1201614564165
1	1201614564911	1201614567319
1	1201614587949	1201614590768
1	1201614591395	1201614593884
1	1201614594351	1201614596570
1	1201614597553	1201614600259
1	1201614600884	1201614603787
1	1201614604984	1201614607133
1	1201614626713	1201614636517
1	1201614637448	1201614645874
1	1201614663428	1201614670128
1	1201614671535	1201614681848
1	1201614685445	1201614693419
1	1201614693447	1201614696696
1	1201614697897	1201614700953
1	1201614711344	1201614716226
1	1201614735713	1201614738717
1	1201614745991	1201614752435
1	1201614761948	1201614765801
1	1201614770783	1201614774804
1	1201614775967	1201614778996
1	1201614779280	1201614781997
1	1201614815935	1201614820670
1	1201614822186	1201614824821
1	1201614840389	1201614842758
1	1201614845375	1201614848160
1	1201614851963	1201614853251
1	1201614854273	1201614858490
1	1201614919785	1201614922132
1	1201614925985	1201614928188
1	1201614964216	1201614966781
1	1201614980939	1201614983463
1	1201614986175	1201614987486
1	1201615013158	1201615015497
1	1201615020419	1201615024387
1	1201615024713	1201615027292
1	1201615030824	1201615033107
1	1201615033533	1201615036428
1	1201615036556	1201615041411
1	1201615042935	1201615045117
1	1201615066899	1201615069269
1	1201615072552	1201615074368
1	1201615091551	1201615093938
1	1201615096242	1201615097503
1	1201615099681	1201615102989
1	1201615128510	1201615130793
1	1201615131870	1201615133913
1	1201615195953	1201615198440
1	1201615231593	1201615233938
1	1201615248629	1201615250778
1	1201615251826	1201615258440
1	1201615260942	1201615262627
1	1201615265422	1201615269951
1	1201615274728	1201615278983
1	1201615303423	1201615308625
1	1201615315239	1201615320190
1	1201615326311	1201615329713
1	1201615342633	1201615346403
1	1201615346622	1201615352796
1	1201615628458	1201615629654
1	1201615631174	1201615633567
1	1201615633893	1201615636616
1	1201615637918	1201615641877
1	1201615648428	1201615649742
1	1201615667945	1201615674190
1	1201615676656	1201615678983
1	1201615679746	1201615682123
1	1201615682400	1201615685160
1	1201615689356	1201615691381
1	1201615691829	1201615694220
1	1201615715564	1201615721305
1	1201615732611	1201615737397
1	1201615742796	1201615747894
1	1201615749620	1201615754802
1	1201615754940	1201615757167
1	1201615757858	1201615760858
1	1201615761732	1201615763814
1	1201615784150	1201615786482
1	1201615789313	1201615791936
1	1201615850321	1201615852473
1	1201615859761	1201615865154
1	1201617371450	1201617372653
1	1201617492140	1201617496607
1	1201617642291	1201617645138
1	1201617648937	1201617655134
1	1201617657652	1201617662235
1	1201617663196	1201617665949
1	1201617699257	1201617701622
1	1201617883383	1201617885824
1	1201617890460	1201617893397
1	1201617908181	1201617910698
1	1201617934362	1201617936943
1	1201617960682	1201617966175
1	1201618035171	1201618037929
1	1201618082215	1201618083521
1	1201618088843	1201618090933
1	1201618111167	1201618112421
1	1201618113291	1201618117614
1	1201618119994	1201618122169
1	1201618153701	1201618155873
1	1201618156437	1201618160868
1	1201618160992	1201618170638
1	1201618175475	1201618176773
1	1201618179917	1201618184986
1	1201618188796	1201618195246
1	1201618227199	1201618229643
1	1201618258345	1201618263511
1	1201630384797	1201630387373
1	1201640916644	1201640919184
1	1201640984623	1201640987684
1	1201641008985	1201641011524
1	1201641033898	1201641035683
2	1201561285362	1201561287659
2	1201561440212	1201561440847
2	1201561784303	1201561786870
2	1201562188899	1201562194237
2	1201562212777	1201562218859
2	1201592359621	1201592362560
2	1201592894693	1201592897952
2	1201592946657	1201592948341
2	1201593188548	1201593190378
2	1201600481914	1201600483938
2	1201600519657	1201600521970
2	1201600541301	1201600543329
2	1201600580306	1201600583585
2	1201600585697	1201600587666
2	1201600610720	1201600612228
2	1201600614785	1201600616935
2	1201600619633	1201600626718
2	1201600792608	1201600794287
2	1201600795752	1201600798119
2	1201601403980	1201601406154
2	1201603911208	1201603913676
2	1201605258874	1201605261549
2	1201609735230	1201609738253
2	1201611247244	1201611250425
2	1201611272805	1201611276559
2	1201614412700	1201614414863
2	1201615083572	1201615087342
2	1201615350142	1201615352305
2	1201615873483	1201615879222
2	1201615880246	1201615881930
2	1201615884388	1201615886634
2	1201615886792	1201615889338
2	1201617342341	1201617344929
2	1201617346407	1201617352282
2	1201618194422	1201618196543
2	1201619340928	1201619342843
2	1201624590723	1201624592740
2	1201640910560	1201640914770
3	1201592888809	1201592890792
3	1201592893762	1201592897140
3	1201615864697	1201615867813
3	1201615871768	1201615876177
3	1201615878684	1201615880590
3	1201615888600	1201615898870
7	1201561265936	1201561268467
7	1201561273839	1201561276444
7	1201561281497	1201561289246
7	1201561439818	1201561443389
7	1201561462523	1201561465145
7	1201561465559	1201561467935
7	1201561470425	1201561477556
7	1201561519443	1201561521459
7	1201561567521	1201561572382
7	1201561623432	1201561626767
7	1201561654945	1201561659480
7	1201561771226	1201561773413
7	1201561792976	1201561802571
7	1201561802698	1201561811757
7	1201562085306	1201562087543
7	1201562152652	1201562158594
7	1201562168596	1201562172279
7	1201562173517	1201562175645
7	1201562179332	1201562182878
7	1201562188325	1201562189643
7	1201562190937	1201562209120
7	1201598574401	1201598600778
7	1201598605693	1201598612914
7	1201598620796	1201598622624
7	1201598622882	1201598631177
7	1201598646461	1201598651952
7	1201599072921	1201599075177
7	1201599088797	1201599104618
7	1201599106526	1201599110279
7	1201599115157	1201599117513
7	1201599141275	1201599145730
7	1201599154416	1201599157308
7	1201599204361	1201599206217
7	1201599210344	1201599211640
7	1201599212124	1201599214667
7	1201599277351	1201599282456
7	1201599286713	1201599288534
7	1201599301872	1201599305411
7	1201599314933	1201599318860
7	1201599324876	1201599327969
7	1201599345210	1201599347204
7	1201599348961	1201599352571
7	1201599354851	1201599356517
7	1201599363153	1201599373667
7	1201599390759	1201599393431
7	1201599401270	1201599403697
7	1201599475724	1201599478342
7	1201599569445	1201599572127
7	1201599714243	1201599714787
7	1201599715355	1201599722153
7	1201599723328	1201599726127
7	1201599942517	1201599943727
7	1201600070296	1201600072926
7	1201600084131	1201600087658
7	1201600089966	1201600090316
7	1201600405739	1201600407756
7	1201600494950	1201600497313
7	1201600504912	1201600506220
7	1201600511231	1201600514743
7	1201600517317	1201600520923
7	1201600643344	1201600646251
7	1201600648236	1201600650588
7	1201600652721	1201600654984
7	1201600789927	1201600791168
7	1201600797521	1201600803398
7	1201600803918	1201600805246
7	1201600825966	1201600827923
7	1201600832323	1201600838170
7	1201600841222	1201600845267
7	1201600849875	1201600852298
7	1201600852620	1201600855595
7	1201600856595	1201600861569
7	1201600875817	1201600878130
7	1201600880406	1201600884300
7	1201601284231	1201601286697
7	1201601362654	1201601364599
7	1201602050244	1201602056217
7	1201602057837	1201602062285
7	1201602062647	1201602065184
7	1201602077856	1201602082270
7	1201602160254	1201602162557
7	1201602194487	1201602198841
7	1201602845485	1201602847506
7	1201602850139	1201602852856
7	1201602854696	1201602857776
7	1201602857892	1201602885195
7	1201609737991	1201609759927
7	1201609761658	1201609763651
7	1201609764389	1201609771479
7	1201609948771	1201609950867
7	1201609956451	1201609957851
7	1201611251101	1201611259967
7	1201611262332	1201611268909
7	1201611273197	1201611283705
7	1201611649178	1201611654908
7	1201611667281	1201611670221
7	1201612117356	1201612123459
7	1201612123587	1201612129843
7	1201612466530	1201612469315
7	1201612470325	1201612474608
7	1201612705609	1201612708928
7	1201612718567	1201612725349
7	1201613130637	1201613138574
7	1201613140158	1201613146505
7	1201613231107	1201613233491
7	1201613378536	1201613380742
7	1201613382399	1201613392662
7	1201613544965	1201613545339
7	1201613564573	1201613567185
7	1201613775448	1201613777874
7	1201613778472	1201613784723
7	1201613784920	1201613793785
7	1201613900919	1201613902992
7	1201613978734	1201613979993
7	1201613986188	1201613989823
7	1201613990394	1201613993144
7	1201614004981	1201614007643
7	1201614243767	1201614246416
7	1201614250775	1201614253416
7	1201614397586	1201614398837
7	1201614402499	1201614404454
7	1201614931719	1201614934120
7	1201615021492	1201615023355
7	1201615033288	1201615034597
7	1201615035450	1201615039749
7	1201615062450	1201615068810
7	1201615077659	1201615079809
7	1201615081310	1201615084243
7	1201615336472	1201615340754
7	1201615898125	1201615903957
7	1201615910301	1201615916782
7	1201616131203	1201616133389
7	1201616134490	1201616141244
7	1201616141484	1201616143430
7	1201616149343	1201616154511
7	1201616185702	1201616191597
7	1201616235875	1201616237331
7	1201616434549	1201616437106
7	1201616441668	1201616445444
7	1201616465989	1201616468321
7	1201616477324	1201616482505
7	1201616489723	1201616492832
7	1201617021647	1201617036254
7	1201617041572	1201617046992
7	1201617078794	1201617081310
7	1201617088727	1201617091589
7	1201617093139	1201617095359
7	1201617346533	1201617351349
7	1201617368963	1201617374914
7	1201617378724	1201617384401
7	1201617493410	1201617495516
7	1201618910430	1201618917778
7	1201618920406	1201618929355
7	1201619317466	1201619327984
7	1201619328681	1201619342248
7	1201619409465	1201619411728
7	1201619412185	1201619416870
7	1201619417650	1201619425574
7	1201619434681	1201619437160
7	1201620342842	1201620357753
7	1201620380147	1201620383998
7	1201620422774	1201620427281
7	1201620434217	1201620436706
7	1201621029514	1201621034696
7	1201621087847	1201621094566
7	1201621107615	1201621110375
7	1201621112107	1201621116771
7	1201621119977	1201621122521
7	1201621135557	1201621138254
7	1201621841573	1201621842261
7	1201621842441	1201621846628
7	1201622052826	1201622056988
7	1201622459115	1201622464313
7	1201622623324	1201622625555
7	1201622626101	1201622630511
7	1201622849591	1201622851782
7	1201622915149	1201622921594
7	1201622989632	1201622991568
7	1201622997317	1201623000524
7	1201623122836	1201623128744
7	1201623221464	1201623227657
7	1201623229368	1201623237281
7	1201623777659	1201623787178
7	1201624410125	1201624417598
7	1201624487782	1201624492113
7	1201624592200	1201624594766
7	1201624597686	1201624603668
7	1201624608662	1201624610852
7	1201624617982	1201624628427
7	1201624629439	1201624631877
7	1201624632857	1201624636890
7	1201625416865	1201625423364
7	1201626511777	1201626516441
7	1201626525836	1201626527154
7	1201626527410	1201626533121
7	1201626537551	1201626548463
7	1201626556510	1201626558937
7	1201626559830	1201626565817
7	1201626566151	1201626569420
7	1201626572957	1201626578894
7	1201626579375	1201626580711
7	1201626581592	1201626596716
7	1201626597740	1201626609311
7	1201626616812	1201626632347
7	1201626633453	1201626636820
7	1201626638817	1201626641252
7	1201641032788	1201641033744
8	1201561285132	1201561289657
8	1201561457770	1201561460734
8	1201561601844	1201561604828
8	1201561779743	1201561785993
8	1201562188465	1201562190665
8	1201562191883	1201562194485
8	1201562216320	1201562221739
8	1201592359117	1201592362417
8	1201592945801	1201592948495
8	1201593188288	1201593190358
8	1201593887980	1201593890862
8	1201598629658	1201598632564
8	1201598643268	1201598645718
8	1201599074898	1201599076889
8	1201599086636	1201599088545
8	1201599199130	1201599203180
8	1201600435566	1201600438356
8	1201600481457	1201600485382
8	1201600518956	1201600523205
8	1201600540294	1201600544798
8	1201600575362	1201600581585
8	1201600637291	1201600639850
8	1201600792168	1201600795708
8	1201600796119	1201600799383
8	1201601384914	1201601388293
8	1201601403782	1201601408305
8	1201602212387	1201602215382
8	1201602883797	1201602886501
8	1201603829464	1201603832564
8	1201603910880	1201603914943
8	1201605258606	1201605261471
8	1201605452870	1201605455562
8	1201605456184	1201605458772
8	1201605488403	1201605490755
8	1201609262252	1201609266913
8	1201609733217	1201609739574
8	1201609768954	1201609772954
8	1201609946597	1201609950143
8	1201611246328	1201611253208
8	1201611272648	1201611279359
8	1201611280319	1201611285300
8	1201611363624	1201611366316
8	1201614389597	1201614395131
8	1201614412110	1201614415763
8	1201615083869	1201615087955
8	1201615333849	1201615337819
8	1201615349868	1201615352984
8	1201615626541	1201615629148
8	1201615863557	1201615865524
8	1201617341967	1201617357867
8	1201617365580	1201617369589
8	1201617482783	1201617485323
8	1201618228813	1201618231834
8	1201618244510	1201618247473
8	1201618261749	1201618264897
8	1201619340515	1201619345316
8	1201619407366	1201619411594
8	1201624489156	1201624493938
8	1201624590588	1201624594491
8	1201626648131	1201626650844
8	1201630356706	1201630362913
8	1201630379566	1201630383967
8	1201630386555	1201630390630
8	1201630439585	1201630443175
8	1201630443920	1201630448200
8	1201630460183	1201630463720
8	1201630464443	1201630468489
8	1201630479827	1201630483760
8	1201630484590	1201630488569
8	1201640910149	1201640915193
8	1201640917714	1201640922156
8	1201640979940	1201640983842
8	1201640986603	1201640990900
8	1201641005147	1201641008857
8	1201641010241	1201641014334
8	1201641029711	1201641032928
8	1201641033877	1201641038184
9	1201561286312	1201561288457
9	1201561436879	1201561441383
9	1201561460178	1201561466199
9	1201561468737	1201561475407
9	1201561476348	1201561482417
9	1201561579830	1201561582288
9	1201561606640	1201561608974
9	1201561776286	1201561778407
9	1201561779993	1201561784173
9	1201562217288	1201562220618
9	1201592358733	1201592361987
9	1201598569613	1201598573707
9	1201598642372	1201598643659
9	1201600436398	1201600438491
9	1201600478195	1201600484422
9	1201600520151	1201600522356
9	1201600575174	1201600580605
9	1201600636476	1201600638573
9	1201601405191	1201601407235
9	1201609732686	1201609733990
9	1201609770283	1201609772314
9	1201611245709	1201611249465
9	1201611281213	1201611292414
9	1201611293302	1201611297598
9	1201611298532	1201611301258
9	1201611304207	1201611305500
9	1201611305885	1201611308405
9	1201615084635	1201615088617
9	1201615333296	1201615335148
9	1201615351153	1201615353255
9	1201617347809	1201617354884
9	1201617364461	1201617368537
9	1201618262668	1201618265609
9	1201619341972	1201619343928
9	1201630355791	1201630359146
10	1201620709914	1201620713565
10	1201626564699	1201626568611
10	1201628057750	1201628060842
10	1201630216109	1201630219899
10	1201630336302	1201630338912
10	1201631685129	1201631687273
10	1201636929211	1201636938871
10	1201636983131	1201636985319
10	1201637336890	1201637340382
10	1201638953539	1201638956878
10	1201646542250	1201646545198
10	1201646560367	1201646562615
11	1201615091902	1201615095187
11	1201615095732	1201615096965
11	1201615098271	1201615104196
11	1201617399132	1201617403258
11	1201617414814	1201617416793
11	1201619626160	1201619629328
11	1201620705492	1201620711782
11	1201625422702	1201625430450
11	1201625451984	1201625454434
11	1201626565535	1201626569908
11	1201626645955	1201626649386
11	1201628058171	1201628062834
11	1201630336609	1201630340687
11	1201630846961	1201630850283
11	1201631685379	1201631689351
11	1201631746838	1201631749926
11	1201634391119	1201634394813
11	1201634415412	1201634419137
11	1201636612567	1201636616754
11	1201636734904	1201636738313
11	1201636928726	1201636932998
11	1201637337654	1201637341619
11	1201643482317	1201643484131
12	1201608671845	1201608676439
12	1201608695251	1201608697295
12	1201608916628	1201608917146
12	1201608930809	1201608933323
12	1201609552576	1201609554704
12	1201615875897	1201615879386
12	1201617359680	1201617362652
12	1201617364212	1201617366540
12	1201617369914	1201617374549
12	1201619628904	1201619633786
12	1201619653197	1201619656831
12	1201619675895	1201619687156
12	1201619688859	1201619693963
12	1201625558511	1201625560942
12	1201625561162	1201625564342
12	1201625576953	1201625578851
12	1201625745966	1201625748101
12	1201625763570	1201625766704
12	1201625780916	1201625782136
12	1201625782602	1201625785572
12	1201625906731	1201625908127
12	1201628133444	1201628135399
12	1201630293108	1201630295394
12	1201630298729	1201630300882
12	1201630636375	1201630642481
12	1201630710479	1201630713938
12	1201634472613	1201634475665
12	1201634490644	1201634497885
12	1201634699186	1201634702914
12	1201634736449	1201634740299
12	1201634792129	1201634795674
12	1201634796492	1201634801237
12	1201637610759	1201637612337
12	1201637739921	1201637743367
12	1201637912728	1201637916101
12	1201638819399	1201638824232
12	1201638828633	1201638834902
12	1201638888522	1201638893735
12	1201638894769	1201638897493
12	1201638910417	1201638916851
12	1201638957580	1201638958833
12	1201639147942	1201639155991
12	1201639187619	1201639190975
12	1201639197799	1201639200690
12	1201639443657	1201639446472
12	1201639580911	1201639583255
12	1201639585106	1201639588782
12	1201639591324	1201639594505
12	1201639941625	1201639946223
12	1201640512544	1201640517547
12	1201640898589	1201640902256
12	1201640902388	1201640906380
12	1201640933487	1201640935438
12	1201641060363	1201641063331
12	1201641076641	1201641079681
12	1201641089191	1201641094410
12	1201641097225	1201641102489
12	1201641117690	1201641120435
12	1201641481258	1201641485388
12	1201641776139	1201641779594
12	1201642870104	1201642876979
12	1201642885859	1201642889300
12	1201642895108	1201642897426
12	1201642899174	1201642903864
12	1201642906812	1201642910615
12	1201643202348	1201643206408
12	1201643311283	1201643315855
12	1201643340558	1201643341750
12	1201643347147	1201643349847
12	1201643354267	1201643355470
12	1201643364973	1201643367553
12	1201643391367	1201643398689
12	1201643446204	1201643449427
12	1201643479588	1201643483796
12	1201644457767	1201644463265
12	1201646398864	1201646402434
12	1201646661971	1201646664709
13	1201608673571	1201608677428
13	1201608679768	1201608685215
13	1201608691852	1201608697179
13	1201625578583	1201625585609
13	1201625586438	1201625588880
13	1201625599563	1201625603316
13	1201625606455	1201625606801
13	1201625611732	1201625624753
13	1201625626220	1201625630213
13	1201625630902	1201625648192
13	1201625697862	1201625704263
13	1201625704923	1201625707271
13	1201625708327	1201625711207
13	1201625712631	1201625718548
13	1201625721453	1201625737445
13	1201625765150	1201625769949
13	1201625770897	1201625774995
13	1201625776319	1201625782806
13	1201625783560	1201625794817
13	1201625904869	1201625909309
13	1201628134135	1201628136649
13	1201628136795	1201628139444
13	1201630291637	1201630296307
13	1201630299209	1201630302599
13	1201630639906	1201630643411
13	1201630710195	1201630712343
13	1201634716914	1201634721568
13	1201637741289	1201637745981
13	1201637901747	1201637907379
13	1201639149721	1201639153507
13	1201639196101	1201639199451
13	1201639445609	1201639447172
13	1201639578937	1201639582757
13	1201639593186	1201639595420
13	1201639939441	1201639946360
13	1201640513904	1201640518391
13	1201640897509	1201640900718
13	1201640901530	1201640903783
13	1201641062118	1201641064976
13	1201641075945	1201641077980
13	1201641119155	1201641122582
13	1201641482576	1201641484827
13	1201641774303	1201641776351
13	1201642909335	1201642913625
13	1201644457439	1201644460400
13	1201645262202	1201645267818
13	1201646398586	1201646400867
13	1201646663521	1201646665332
14	1201561286913	1201561288953
14	1201561610622	1201561619453
14	1201561631579	1201561635694
14	1201561647300	1201561649625
14	1201561775309	1201561782553
14	1201599076166	1201599078206
14	1201599197654	1201599199822
14	1201600627132	1201600629226
14	1201603909633	1201603912733
14	1201605486710	1201605488892
14	1201609731830	1201609735104
14	1201611301153	1201611305196
14	1201617340533	1201617342603
14	1201617353394	1201617355348
14	1201617356174	1201617358511
14	1201617362862	1201617366779
14	1201630359790	1201630361973
14	1201630378660	1201630380194
14	1201630416413	1201630418290
14	1201630423377	1201630425631
14	1201630466423	1201630468613
14	1201640907954	1201640910837
14	1201640977923	1201640982743
14	1201640988352	1201640991893
14	1201641003162	1201641005318
14	1201641012682	1201641014774
14	1201641026921	1201641030104
14	1201641096564	1201641098236
15	1201561287493	1201561289802
15	1201561434472	1201561438161
15	1201561608417	1201561612949
15	1201562219194	1201562222299
15	1201592357696	1201592359911
15	1201592948775	1201592950185
15	1201593186737	1201593188430
15	1201593889720	1201593892364
15	1201598568599	1201598571299
15	1201598641225	1201598643398
15	1201599076442	1201599077587
15	1201599084726	1201599086499
15	1201600476815	1201600479486
15	1201600520836	1201600523370
15	1201600574241	1201600576142
15	1201600627528	1201600629951
15	1201601387308	1201601389434
15	1201601406383	1201601410123
15	1201602210595	1201602212664
15	1201603909355	1201603912233
15	1201605260117	1201605262617
15	1201605451423	1201605453360
15	1201605457762	1201605459656
15	1201605486427	1201605488565
15	1201609265286	1201609267711
15	1201609731440	1201609733862
15	1201609771693	1201609773586
15	1201609944816	1201609947209
15	1201611301679	1201611305347
15	1201611320636	1201611322538
15	1201611325983	1201611328560
15	1201611343145	1201611346636
15	1201611362475	1201611366444
15	1201614389319	1201614391437
15	1201614414462	1201614417481
15	1201615086289	1201615090526
15	1201615332677	1201615335105
15	1201615351791	1201615354347
15	1201615624919	1201615626938
15	1201617340285	1201617342221
15	1201617353624	1201617359190
15	1201617362993	1201617365444
15	1201618242768	1201618244714
15	1201618263919	1201618265189
15	1201619342977	1201619346526
15	1201619405635	1201619408635
15	1201624491629	1201624493316
15	1201624588838	1201624591377
15	1201630354930	1201630357465
15	1201630360703	1201630363944
15	1201630377879	1201630380369
15	1201630388625	1201630392790
15	1201630437875	1201630441407
15	1201630445858	1201630449233
15	1201630458356	1201630460758
15	1201630466173	1201630468363
15	1201630478406	1201630480678
15	1201630486228	1201630489823
15	1201630495947	1201630501482
15	1201640907520	1201640909905
15	1201640919790	1201640922325
15	1201640943142	1201640950501
15	1201640961506	1201640966341
15	1201640978137	1201640980610
15	1201640988674	1201640992273
15	1201641012558	1201641016740
15	1201641027552	1201641029311
15	1201641036302	1201641038637
15	1201641094577	1201641098907
16	1201561287809	1201561290855
16	1201561434189	1201561435400
16	1201562219498	1201562221605
16	1201592357419	1201592360410
16	1201600437542	1201600439197
16	1201600476431	1201600479750
16	1201600635229	1201600637160
16	1201605260783	1201605262854
16	1201611244572	1201611247518
16	1201615087873	1201615093764
16	1201617382796	1201617388553
16	1201619343256	1201619346393
16	1201630257752	1201630259689
16	1201630337780	1201630340270
16	1201630354177	1201630357246
16	1201638899356	1201638908924
16	1201638955583	1201638959276
16	1201640920110	1201640922648
16	1201640941884	1201640944950
16	1201640947773	1201640954572
16	1201641079126	1201641082764
16	1201643486492	1201643488672
16	1201646543565	1201646545382
16	1201646558447	1201646560598
17	1201608669586	1201608674603
17	1201609545269	1201609548655
17	1201615881320	1201615885158
17	1201617373874	1201617377477
17	1201617381342	1201617386945
17	1201617396727	1201617399668
17	1201617415363	1201617418345
17	1201619625172	1201619628307
17	1201619633406	1201619636920
17	1201619650122	1201619652266
17	1201619690936	1201619694675
17	1201620619781	1201620620977
17	1201620647255	1201620655791
17	1201620690494	1201620692253
17	1201620704331	1201620707620
17	1201620726365	1201620734650
17	1201620756494	1201620761911
17	1201620784504	1201620788471
17	1201620790592	1201620792971
17	1201625401556	1201625404517
17	1201625428464	1201625432348
17	1201625453308	1201625461827
17	1201625462243	1201625474171
17	1201625747192	1201625750424
17	1201626566346	1201626568452
17	1201626645229	1201626647157
17	1201628132732	1201628134771
17	1201631686734	1201631689471
17	1201631738815	1201631740923
17	1201631741523	1201631743767
17	1201634414889	1201634418336
17	1201634470913	1201634474853
17	1201634496627	1201634501219
17	1201634698696	1201634701108
17	1201636579399	1201636581327
17	1201636613254	1201636615319
17	1201636734771	1201636736820
17	1201636927766	1201636931786
17	1201637338916	1201637340895
17	1201637344621	1201637346217
17	1201637347543	1201637350990
17	1201637737389	1201637741571
17	1201637915427	1201637919435
17	1201638818911	1201638821107
17	1201638884683	1201638889911
17	1201638897812	1201638902498
17	1201638906330	1201638909462
17	1201639121127	1201639131731
17	1201639134466	1201639140194
17	1201639147447	1201639151566
17	1201639199584	1201639202966
17	1201639588100	1201639593516
17	1201640511401	1201640515347
17	1201640902698	1201640909381
17	1201640926209	1201640929788
17	1201640940594	1201640946741
17	1201640951207	1201640958714
17	1201641035709	1201641039168
17	1201641053528	1201641062411
17	1201641078366	1201641080992
17	1201641116318	1201641118998
17	1201641481516	1201641483527
17	1201642865457	1201642869559
17	1201643309292	1201643312394
17	1201643486874	1201643488536
17	1201646402160	1201646404100
17	1201646536664	1201646539505
17	1201646539642	0
18	1201608671433	1201608673436
18	1201608696568	1201608698245
18	1201608915348	1201608917738
18	1201608931882	1201608933787
18	1201609545594	1201609548957
18	1201609553632	1201609557114
18	1201615877791	1201615881106
18	1201617358843	1201617362364
18	1201619632738	1201619636476
18	1201619650806	1201619654262
18	1201619686829	1201619688453
18	1201619690323	1201619692730
18	1201619699211	1201619702824
18	1201619704845	1201619709410
18	1201619713154	1201619715246
18	1201619882645	1201619885608
18	1201619913378	1201619915207
18	1201619961885	1201619965526
18	1201619965835	1201619967710
18	1201619968684	1201619969975
18	1201619982848	1201619984168
18	1201620044661	1201620045826
18	1201620546376	1201620549933
18	1201620589181	1201620591366
18	1201620597389	1201620600948
18	1201620613313	1201620615209
18	1201620619657	1201620623729
18	1201620627670	1201620629728
18	1201620634440	1201620636172
18	1201620636745	1201620638957
18	1201620646555	1201620650445
18	1201620669511	1201620671512
18	1201620688597	1201620691520
18	1201625461964	1201625462993
18	1201625498532	1201625502279
18	1201625574543	1201625577935
18	1201625639323	1201625641625
18	1201625677526	1201625683587
18	1201625692852	1201625694788
18	1201625762288	1201625765731
18	1201625895111	1201625898924
18	1201625902757	1201625909897
18	1201625993759	1201625995607
18	1201626184656	1201626186324
18	1201626275587	1201626277551
18	1201626280904	1201626283971
18	1201626284186	1201626289542
18	1201626289766	1201626296726
18	1201626297986	1201626299185
18	1201626299521	1201626303385
18	1201628132154	1201628133796
18	1201630269247	1201630271164
18	1201630294841	1201630300278
18	1201630635562	1201630638601
18	1201630712144	1201630715268
18	1201631739478	1201631743573
18	1201634300804	1201634305357
18	1201634320746	1201634322619
18	1201634471567	1201634475774
18	1201634495181	1201634498707
18	1201634697602	1201634701237
18	1201634738749	1201634739922
18	1201634790887	1201634794540
18	1201634815806	1201634817816
18	1201635048255	1201635052187
18	1201635070102	1201635074512
18	1201635092505	1201635096910
18	1201635273623	1201635275699
18	1201636577776	1201636581529
18	1201636584325	1201636588202
18	1201637023514	1201637025860
18	1201637093119	1201637095437
18	1201637174116	1201637176400
18	1201637269239	1201637270967
18	1201637302866	1201637307759
18	1201637344383	1201637349644
18	1201637369689	1201637372126
18	1201637437630	1201637439530
18	1201637477979	1201637480571
18	1201637498733	1201637499910
18	1201637546959	1201637549194
18	1201637568196	1201637568645
18	1201637595770	1201637598612
18	1201637609211	1201637612463
18	1201637737641	1201637742233
18	1201637914533	1201637919273
18	1201638346346	1201638348595
18	1201638349772	1201638351529
18	1201638807911	1201638810506
18	1201638817887	1201638822324
18	1201638830688	1201638836194
18	1201638887213	1201638890681
18	1201638895430	1201638897122
18	1201638910820	1201638912361
18	1201639123783	1201639127391
18	1201639129742	1201639132907
18	1201639149236	1201639153112
18	1201639188631	1201639192411
18	1201639198960	1201639202259
18	1201639301713	1201639303863
18	1201639442468	1201639446868
18	1201639555146	1201639557407
18	1201639566510	1201639568541
18	1201639590727	1201639593312
18	1201639842722	1201639844480
18	1201639943431	1201639945657
18	1201640218633	1201640220821
18	1201640221708	1201640224972
18	1201640369271	1201640371397
18	1201640511716	1201640511726
18	1201640900857	1201640906190
18	1201640927975	1201640929957
18	1201640935320	1201640942316
18	1201641036651	1201641038901
18	1201641087129	1201641088292
18	1201641089639	1201641091618
18	1201641240836	1201641241975
18	1201641334901	1201641336826
18	1201641471592	1201641475631
18	1201641477621	1201641479625
18	1201641481136	1201641484316
18	1201641777631	1201641781513
18	1201641936893	1201641938340
18	1201641981194	1201641983272
18	1201642027449	1201642028608
18	1201642029405	1201642031581
18	1201642293984	1201642295973
18	1201642355774	1201642358202
18	1201642498857	1201642500108
18	1201642820723	1201642826897
18	1201642861631	1201642863744
18	1201642865736	1201642869189
18	1201642869589	1201642872551
18	1201643204690	1201643208156
18	1201643307720	1201643313108
18	1201643719232	1201643721180
18	1201643749976	1201643754448
18	1201643783310	1201643785606
18	1201643787279	1201643789539
18	1201643811804	1201643816610
18	1201643818676	1201643820185
18	1201643848223	1201643849404
18	1201644458540	1201644460521
18	1201644460848	1201644465417
18	1201644717123	1201644719637
18	1201644731503	1201644733850
18	1201644735289	1201644736911
18	1201645191336	1201645196586
18	1201645197385	1201645200305
18	1201646400595	1201646404233
18	1201646661697	1201646664271
18	1201647103228	1201647105145
19	1201613781495	1201613785284
19	1201613806849	1201613808876
20	1201606418938	1201606421980
20	1201606431439	1201606434723
20	1201606886643	1201606891377
20	1201606895721	1201606897985
20	1201606901302	1201606906648
20	1201608089216	1201608093254
20	1201608105653	1201608109285
20	1201608942356	1201608946197
20	1201608972188	1201608975609
20	1201609188833	1201609196676
20	1201613334505	1201613336811
20	1201613337763	1201613343812
20	1201613346404	1201613368958
20	1201613382975	1201613385943
20	1201613388932	1201613391841
20	1201613401337	1201613403513
20	1201613404497	1201613413697
20	1201613414185	1201613423286
20	1201613455883	1201613458237
20	1201613471243	1201613476414
20	1201613478179	1201613480204
20	1201613498593	1201613501393
20	1201613529452	1201613535484
20	1201613538335	1201613541665
20	1201613777258	1201613801707
20	1201613803293	1201613804590
20	1201613804837	1201613820557
20	1201613834375	1201613835978
20	1201613842435	1201613848187
20	1201613868680	1201613871315
20	1201613876178	1201613878833
20	1201613882460	1201613884632
20	1201613892623	1201613895610
21	1201606418193	1201606421208
21	1201606432580	1201606433843
21	1201606886195	1201606887689
21	1201606889967	1201606891923
21	1201606892903	1201606894898
21	1201606896330	1201606907952
21	1201608088652	1201608091585
21	1201608106759	1201608111327
21	1201608941137	1201608943834
21	1201608973190	1201608977754
21	1201608984152	1201608988476
21	1201608988746	1201608993953
21	1201609187672	1201609190973
21	1201609193880	1201609198705
21	1201613333755	1201613336935
21	1201613383636	1201613392131
21	1201613406313	1201613408629
21	1201613538827	1201613541540
21	1201613775938	1201613778848
21	1201613814321	1201613822713
21	1201613826594	1201613828617
21	1201613832555	1201613835470
21	1201630403901	1201630406670
21	1201640990182	1201640993293
22	1201603831740	1201603835384
22	1201606417637	1201606420224
22	1201606904358	1201606907798
22	1201608087462	1201608090860
22	1201608108972	1201608110919
22	1201608974839	1201608977873
22	1201608983175	1201608986463
22	1201609186953	1201609189833
22	1201609194914	1201609197660
22	1201613332959	1201613335775
22	1201613384511	1201613388790
22	1201613539415	1201613541844
22	1201613775609	1201613777331
22	1201613819285	1201613828831
22	1201613828965	1201613833890
22	1201617339331	1201617341281
22	1201617354602	1201617364720
22	1201630351671	1201630353789
22	1201630361782	1201630365556
22	1201630401833	1201630407140
22	1201630414379	1201630417897
22	1201630425427	1201630428570
22	1201630436444	1201630440507
22	1201630447231	1201630451143
22	1201630456918	1201630461836
22	1201630477350	1201630480804
22	1201630487588	1201630491662
22	1201630494431	1201630498369
22	1201638871765	1201638875312
22	1201639308850	1201639311698
22	1201640960390	1201640963676
22	1201640964505	1201640967148
22	1201640976630	1201640980748
22	1201641001483	1201641005828
22	1201641013896	1201641016769
22	1201641037942	1201641040472
22	1201641080658	1201641084138
22	1201641097357	1201641101267
22	1201646557295	1201646559693
23	1201561434773	1201561436939
23	1201593890988	1201593893211
23	1201598567467	1201598570911
23	1201598632832	1201598635182
23	1201598639449	1201598642137
23	1201599077749	1201599079831
23	1201599195750	1201599198925
23	1201600628634	1201600630785
23	1201605459106	1201605461479
23	1201606416897	1201606418721
23	1201606440489	1201606443447
23	1201606905341	1201606908928
23	1201608939278	1201608941414
23	1201608979627	1201608983382
23	1201608990936	1201608993694
23	1201609186237	1201609189332
23	1201609195900	1201609198508
23	1201609730503	1201609732381
23	1201609772742	1201609775331
23	1201609943864	1201609945744
23	1201611364383	1201611365976
23	1201613332263	1201613335255
23	1201613539847	1201613542180
23	1201613822587	1201613825217
23	1201614388140	1201614390391
23	1201614415881	1201614418377
23	1201619404403	1201619407745
23	1201624587758	1201624590917
23	1201625749663	1201625753467
23	1201630339628	1201630341735
23	1201630400734	1201630403712
23	1201630500430	1201630503494
23	1201638851751	1201638858517
23	1201638869417	1201638872773
23	1201638957845	1201638960975
23	1201638974402	1201638978853
23	1201639201770	1201639204722
23	1201639258319	1201639262347
23	1201639294941	1201639299141
23	1201639307310	1201639310380
23	1201639374219	1201639378230
23	1201639404617	1201639407668
23	1201639415581	1201639417877
23	1201640911335	1201640918510
23	1201640924663	1201640928183
23	1201640944817	1201640948368
23	1201641047160	1201641050230
23	1201641107602	1201641109631
23	1201641112139	1201641117434
23	1201643487936	1201643489822
23	1201643621126	1201643624677
23	1201646544733	1201646547265
23	1201646557307	1201646559454
24	1201561289378	1201561292596
24	1201561431996	1201561435972
24	1201562221335	1201562225788
24	1201592355379	1201592358597
24	1201592949921	1201592951947
24	1201593892146	1201593893746
24	1201595719171	1201595724176
24	1201595727634	1201595732572
24	1201596006898	1201596014844
24	1201596033325	1201596039836
24	1201596083207	1201596089990
24	1201596135587	1201596140612
24	1201596169553	1201596179424
24	1201596180536	1201596184612
24	1201596270614	1201596272815
24	1201596362724	1201596365530
24	1201596474286	1201596476770
24	1201596485540	1201596489567
24	1201596507858	1201596510110
24	1201596524388	1201596529676
24	1201596611809	1201596617268
24	1201596646450	1201596650113
24	1201596653474	1201596659327
24	1201598566812	1201598570451
24	1201599195485	1201599197408
24	1201600438653	1201600441546
24	1201600474331	1201600477119
24	1201600571546	1201600573438
24	1201600629508	1201600631877
24	1201600633342	1201600635620
24	1201601393220	1201601395353
24	1201601408909	1201601412568
24	1201602208331	1201602209998
24	1201602887848	1201602889529
24	1201605262159	1201605264783
24	1201605449502	1201605451702
24	1201606416121	1201606417914
24	1201606442703	1201606444863
24	1201606872559	1201606874264
24	1201606875220	1201606877888
24	1201606882637	1201606885275
24	1201606906191	1201606909390
24	1201608667805	1201608671711
24	1201608933479	1201608935334
24	1201608938409	1201608940253
24	1201608992759	1201608994646
24	1201609267554	1201609270272
24	1201609728725	1201609731702
24	1201609943162	1201609944535
24	1201611243101	1201611245134
24	1201611364642	1201611367738
24	1201613331575	1201613334351
24	1201615103422	1201615105591
24	1201615330257	1201615332229
24	1201615353923	1201615356527
24	1201615623160	1201615625231
24	1201615900470	1201615901646
24	1201617376336	1201617382600
24	1201617388710	1201617393115
24	1201617395420	1201617398912
24	1201617403375	1201617405600
24	1201617421280	1201617424304
24	1201617479261	1201617481125
24	1201618266226	1201618268789
24	1201619345401	1201619347177
24	1201619623844	1201619626295
24	1201619632426	1201619635639
24	1201619648230	1201619651158
24	1201620655479	1201620657342
24	1201620668559	1201620672637
24	1201620735852	1201620741806
24	1201620744650	1201620746882
24	1201620770238	1201620776743
24	1201620776765	1201620783541
24	1201620792260	1201620794133
24	1201620796389	1201620802191
24	1201624492687	1201624495265
24	1201625564642	1201625567868
24	1201625758102	1201625761914
24	1201626567572	1201626569471
24	1201628060218	1201628062511
24	1201628130132	1201628133520
24	1201630391524	1201630394872
24	1201630398557	1201630402714
24	1201631687351	1201631689525
24	1201634393112	1201634397193
24	1201634413776	1201634417170
24	1201636927757	1201636930752
24	1201638835932	1201638840199
24	1201638976812	1201638981455
24	1201639115226	1201639118199
24	1201639259947	1201639262943
24	1201639276101	1201639279874
24	1201639282624	1201639285688
24	1201639296645	1201639299757
24	1201639305601	1201639309111
24	1201639375645	1201639378616
24	1201639403970	1201639405390
24	1201639417128	1201639420862
24	1201641052383	1201641054505
24	1201643623782	1201643625648
24	1201645189286	1201645191199
25	1201596179165	1201596182776
25	1201598770232	1201598776698
25	1201601409788	1201601411496
25	1201606443902	1201606446689
25	1201609543758	1201609547606
25	1201609555929	1201609558588
25	1201615841657	1201615843635
25	1201615882784	1201615886307
25	1201617357576	1201617361402
25	1201617391629	1201617394161
25	1201617394423	1201617398796
25	1201617404996	1201617407390
25	1201617409360	1201617412939
25	1201617427806	1201617431250
25	1201619345452	1201619348723
25	1201619635794	1201619640495
25	1201619646522	1201619648798
25	1201619692594	1201619695748
25	1201620544123	1201620546640
25	1201620679382	1201620681676
25	1201620683985	1201620688137
25	1201620703402	1201620709726
25	1201620710773	1201620715884
25	1201620824915	1201620826721
25	1201620828769	1201620831503
25	1201625409860	1201625411688
25	1201625431736	1201625434767
25	1201625446263	1201625450858
25	1201626568146	1201626571249
25	1201626643572	1201626645683
25	1201628060557	1201628064214
25	1201628130267	1201628131444
25	1201630713665	1201630717111
25	1201630845421	1201630848112
25	1201631687785	1201631691657
25	1201631737991	1201631740801
25	1201631742184	1201631747978
25	1201634395363	1201634397307
25	1201634413906	1201634415154
25	1201634468893	1201634473409
25	1201634500818	1201634504265
25	1201634744546	1201634746714
25	1201636614803	1201636618402
25	1201636926529	1201636929755
25	1201637339806	1201637345525
25	1201637348580	1201637352528
25	1201637607957	1201637611507
25	1201637917230	1201637921323
25	1201638050433	1201638054818
25	1201638958430	1201638962196
25	1201639110747	1201639117193
25	1201639262452	1201639264421
25	1201639282195	1201639283459
25	1201639425184	1201639430746
25	1201639434322	1201639436301
25	1201639438951	1201639444576
25	1201640927615	1201640933600
25	1201641037780	1201641042481
25	1201641779319	1201641782957
25	1201641812156	1201641816538
25	1201642863875	1201642866131
25	1201643207852	1201643211465
25	1201644462921	1201644466342
25	1201646401883	1201646405748
25	1201646533757	1201646537414
25	1201646659881	1201646663212
26	1201608694611	1201608696453
26	1201619938943	1201619941742
26	1201619951276	1201619953298
26	1201619954618	1201619956584
26	1201620041849	1201620043963
26	1201620647451	1201620649476
26	1201620668906	1201620670146
26	1201620703755	1201620708414
26	1201620740502	1201620742444
26	1201620755502	1201620756726
26	1201620757137	1201620762303
26	1201620768881	1201620774765
26	1201625331479	1201625333397
26	1201625336541	1201625338472
26	1201625434646	1201625438731
26	1201625442368	1201625445724
26	1201626286991	1201626289903
26	1201634348200	1201634352758
26	1201634503758	1201634508529
26	1201634508724	1201634514660
26	1201634525601	1201634530652
26	1201634531556	1201634534984
26	1201634754390	1201634756596
26	1201634764681	1201634766961
26	1201634788254	1201634790520
26	1201638806762	1201638809438
26	1201640507809	1201640509779
26	1201641477871	1201641480236
26	1201641821469	1201641822629
26	1201642860282	1201642862896
26	1201643709984	1201643711888
26	1201643839360	1201643840530
27	1201603907731	1201603911539
27	1201606434138	1201606438335
27	1201606438599	1201606441914
27	1201617269142	1201617271257
27	1201617338369	1201617340167
27	1201617378294	1201617379544
27	1201617406215	1201617410287
27	1201617413635	1201617415213
27	1201625751513	1201625754578
27	1201625754737	1201625758555
27	1201630259438	1201630261134
27	1201630282457	1201630284388
27	1201630340474	1201630343460
27	1201630364108	1201630367497
27	1201630374717	1201630379869
27	1201630413180	1201630417829
27	1201630425926	1201630429689
27	1201630435430	1201630439284
27	1201630448441	1201630452113
27	1201630468893	1201630472408
27	1201630475499	1201630479672
27	1201630488435	1201630492451
27	1201630492812	1201630496990
27	1201638958958	1201638962735
27	1201638971730	1201638976218
27	1201639203450	1201639206462
27	1201639213108	1201639216353
27	1201639225134	1201639229417
27	1201639235101	1201639238926
27	1201639246926	1201639250572
27	1201639256459	1201639260447
27	1201639285962	1201639289876
27	1201639292775	1201639295567
27	1201639310870	1201639314286
27	1201639314828	1201639318997
27	1201639325631	1201639328733
27	1201639334812	1201639338459
27	1201639345225	1201639348336
27	1201639352444	1201639356657
27	1201639372369	1201639375421
27	1201639385430	1201639388837
27	1201639393946	1201639398109
27	1201639406349	1201639410282
27	1201639413292	1201639416453
27	1201640909503	1201640913713
27	1201640916718	1201640919604
27	1201640923314	1201640927205
27	1201640946613	1201640950375
27	1201640958104	1201640961643
27	1201640965563	1201640970164
27	1201640975750	1201640979326
27	1201641000469	1201641003986
27	1201641024214	1201641027268
27	1201641045300	1201641049707
27	1201641081742	1201641085400
27	1201641091489	1201641094818
27	1201641106408	1201641109494
27	1201643489109	1201643493329
27	1201643570515	1201643573958
27	1201643619162	1201643621318
27	1201646556358	1201646559261
28	1201598633130	1201598635736
28	1201598635880	1201598642696
28	1201605459990	1201605462153
28	1201605464233	1201605472511
28	1201605479567	1201605487387
28	1201608083743	1201608089832
28	1201617268263	1201617271616
28	1201617378890	1201617385854
28	1201617386492	1201617410771
28	1201617413598	1201617416543
28	1201625756199	1201625759705
28	1201630282927	1201630285373
28	1201639223987	1201639227847
28	1201639245742	1201639249722
28	1201639284724	1201639289103
28	1201639324609	1201639328469
28	1201639335828	1201639339557
28	1201639343996	1201639347827
28	1201639353557	1201639357864
28	1201639361650	1201639365247
28	1201639384346	1201639388384
28	1201639395366	1201639398243
28	1201640908235	1201640913938
28	1201640924442	1201640927475
28	1201641047444	1201641049662
28	1201643530355	1201643533600
28	1201643569748	1201643573413
28	1201643620632	1201643623760
28	1201646560260	1201646562368
29	1201561430702	1201561432609
29	1201595715625	1201595721611
29	1201595736257	1201595740701
29	1201596657570	1201596660296
29	1201598566941	1201598567720
29	1201617414797	1201617417491
29	1201617420815	1201617423476
29	1201619398667	1201619400956
29	1201619402702	1201619404707
29	1201619630555	1201619632586
29	1201639217645	1201639219573
29	1201643537499	1201643539739
29	1201643543180	1201643545407
29	1201643545782	1201643547659
29	1201643557803	1201643562162
29	1201643568283	1201643570252
30	1201561290575	1201561294111
30	1201561430164	1201561434331
30	1201562225510	1201562227792
30	1201592354429	1201592356520
30	1201593892939	1201593896234
30	1201595714619	1201595717385
30	1201596666732	1201596670268
30	1201598565588	1201598569467
30	1201598769100	1201598771330
30	1201598773897	1201598776812
30	1201599079554	1201599083994
30	1201599192639	1201599195254
30	1201600439652	1201600442605
30	1201600473301	1201600476320
30	1201600523599	1201600526659
30	1201600630382	1201600634249
30	1201602206529	1201602208312
30	1201605448837	1201605450660
30	1201606415892	1201606417256
30	1201606871497	1201606873412
30	1201606877321	1201606879385
30	1201606907815	1201606910896
30	1201608081849	1201608084902
30	1201608111201	1201608113962
30	1201608392137	1201608401432
30	1201608539256	1201608543696
30	1201608666289	1201608668896
30	1201608698593	1201608700835
30	1201608909521	1201608916552
30	1201608993454	1201608996188
30	1201609184443	1201609187899
30	1201609197787	1201609201212
30	1201609521617	1201609524146
30	1201609524915	1201609527275
30	1201609555896	1201609557248
30	1201609560575	1201609562638
30	1201609565329	1201609567435
30	1201609727638	1201609731186
30	1201609775171	1201609778581
30	1201609941812	1201609945252
30	1201611242160	1201611244126
30	1201613330601	1201613333215
30	1201613540699	1201613544374
30	1201613773289	1201613776605
30	1201614385342	1201614388413
30	1201615105716	1201615109313
30	1201615328793	1201615331352
30	1201615355179	1201615358237
30	1201615622437	1201615623890
30	1201617266330	1201617269238
30	1201617415617	1201617419410
30	1201618234698	1201618237562
30	1201618238620	1201618242644
30	1201619390530	1201619395472
30	1201619395901	1201619397176
30	1201619397504	1201619402833
30	1201619402988	1201619405501
30	1201619622388	1201619627905
30	1201619629526	1201619633210
30	1201619637606	1201619640768
30	1201619641844	1201619644294
30	1201620536562	1201620540754
30	1201620829653	1201620830851
30	1201624493545	1201624496895
30	1201624585511	1201624588221
30	1201625474933	1201625478560
30	1201625554361	1201625556630
30	1201625566346	1201625570874
30	1201626642727	1201626644491
30	1201626653397	1201626655833
30	1201628124817	1201628127172
30	1201628128477	1201628133356
30	1201630393635	1201630399171
30	1201630503135	1201630506858
30	1201630633807	1201630636817
30	1201631688715	1201631692196
30	1201631736348	1201631739871
30	1201634359464	1201634365973
30	1201634368222	1201634379635
30	1201634395247	1201634398499
30	1201634417428	1201634418746
30	1201634425945	1201634427923
30	1201634445745	1201634453128
30	1201634467520	1201634472493
30	1201634694485	1201634696543
30	1201636615454	1201636618780
30	1201636732236	1201636733461
30	1201636926607	1201636928615
30	1201637918433	1201637921604
30	1201638959731	1201638965940
30	1201638979951	1201638983461
30	1201639109468	1201639111489
30	1201639113878	1201639117320
30	1201639217481	1201639225141
30	1201639239244	1201639246775
30	1201639262691	1201639264989
30	1201639271268	1201639275518
30	1201639298551	1201639301907
30	1201639318870	1201639323697
30	1201639356774	1201639362853
30	1201639377896	1201639380670
30	1201639381342	1201639385122
30	1201639397709	1201639401182
30	1201639401557	1201639403558
30	1201641811338	1201641813224
30	1201643560138	1201643562434
30	1201643563362	1201643565683
30	1201643567917	1201643570270
30	1201644463527	1201644465284
30	1201645188179	1201645191723
30	1201646520844	1201646524735
30	1201646533233	1201646535331
30	1201646562961	1201646564128
31	1201561292977	1201561294684
31	1201561428230	1201561433549
31	1201562224277	1201562232766
31	1201590362954	1201590367657
31	1201590369594	1201590373848
31	1201590380280	1201590385140
31	1201592353318	1201592357284
31	1201592953813	1201592956562
31	1201593182669	1201593184637
31	1201593894462	1201593897914
31	1201595571385	1201595576722
31	1201596668499	1201596671794
31	1201597446182	1201597450977
31	1201597451497	1201597456338
31	1201597456923	1201597461642
31	1201598563620	1201598568229
31	1201598859378	1201598863321
31	1201599191604	1201599194972
31	1201599744992	1201599748193
31	1201600097211	1201600099709
31	1201600440724	1201600443280
31	1201600631535	1201600633702
31	1201601395751	1201601397566
31	1201601412305	1201601416557
31	1201602204437	1201602207309
31	1201602890517	1201602892618
31	1201605264373	1201605267246
31	1201605325308	1201605330104
31	1201605386618	1201605390148
31	1201605806503	1201605809388
31	1201606413591	1201606417502
31	1201607433289	1201607436818
31	1201607673997	1201607676938
31	1201607743190	1201607745541
31	1201607991855	1201607996319
31	1201608080708	1201608083111
31	1201608176587	1201608182286
31	1201608190174	1201608195326
31	1201608254442	1201608256425
31	1201608268566	1201608273643
31	1201608390458	1201608393465
31	1201608460291	1201608463888
31	1201608537542	1201608540112
31	1201608665490	1201608669335
31	1201608695783	1201608697775
31	1201608935471	1201608940387
31	1201608994770	1201608999407
31	1201609182956	1201609185777
31	1201609198636	1201609204834
31	1201609210481	1201609215362
31	1201609259799	1201609261630
31	1201609270574	1201609272140
31	1201609519960	1201609523196
31	1201609556821	1201609563774
31	1201609566818	1201609570396
31	1201609726170	1201609730309
31	1201609776626	1201609780878
31	1201609940611	1201609943164
31	1201609988240	1201609990927
31	1201611240309	1201611243554
31	1201611366934	1201611369501
31	1201613329189	1201613332917
31	1201613541389	1201613544983
31	1201613772281	1201613774620
31	1201614384119	1201614387487
31	1201614421983	1201614425927
31	1201615107721	1201615110971
31	1201615327512	1201615330414
31	1201615356269	1201615359820
31	1201615839881	1201615842115
31	1201615884248	1201615886934
31	1201615905939	1201615907717
31	1201617202155	1201617203493
31	1201617203951	1201617206459
31	1201617406357	1201617411443
31	1201617417107	1201617423907
31	1201617427494	1201617431836
31	1201617477441	1201617478697
31	1201617626962	1201617629140
31	1201617763417	1201617766816
31	1201617827229	1201617829529
31	1201617860370	1201617863629
31	1201618268930	1201618271995
31	1201618409878	1201618412195
31	1201618658823	1201618661340
31	1201618844112	1201618846521
31	1201619389310	1201619391890
31	1201619620404	1201619625448
31	1201619694285	1201619700491
31	1201620534312	1201620538675
31	1201620699990	1201620705358
31	1201620803705	1201620812622
31	1201620823236	1201620825143
31	1201620830537	1201620832496
31	1201624494539	1201624497255
31	1201624584167	1201624587566
31	1201625324442	1201625327234
31	1201625380421	1201625383389
31	1201625477114	1201625482300
31	1201625553941	1201625555720
31	1201626640987	1201626644220
31	1201626655409	1201626658874
31	1201628062220	1201628065692
31	1201628121609	1201628127421
31	1201630286363	1201630288784
31	1201630395401	1201630397707
31	1201630504706	1201630508155
31	1201630631403	1201630636978
31	1201630715642	1201630717865
31	1201630842342	1201630845638
31	1201631689875	1201631693202
31	1201631735309	1201631737770
31	1201634536214	1201634540797
31	1201634692495	1201634695611
31	1201636616482	1201636620557
31	1201636731206	1201636733651
31	1201636923680	1201636928595
31	1201637341227	1201637345884
31	1201637350864	1201637354142
31	1201637606541	1201637608773
31	1201638047768	1201638050767
31	1201638994518	1201638997185
31	1201639106674	1201639110487
31	1201639111338	1201639114632
31	1201639300595	1201639305477
31	1201639378874	1201639383751
31	1201639399365	1201639404326
31	1201641781766	1201641784266
31	1201641809934	1201641812536
31	1201644464382	1201644467416
31	1201645186470	1201645189569
31	1201646403828	1201646409233
31	1201646414861	1201646419591
31	1201646519527	1201646522181
31	1201646562976	1201646565319
31	1201646657398	1201646660523
32	1201590382601	1201590387329
32	1201595570608	1201595574582
32	1201597457871	1201597459897
32	1201598565840	1201598567640
32	1201598768180	1201598770482
32	1201598774566	1201598777710
32	1201598860187	1201598864190
32	1201599743930	1201599748659
32	1201600098420	1201600100430
32	1201600525377	1201600526504
32	1201600631208	1201600635722
32	1201605324758	1201605328339
32	1201605388173	1201605390851
32	1201605449250	1201605451298
32	1201605805590	1201605809255
32	1201606445674	1201606448737
32	1201606864527	1201606868284
32	1201606869362	1201606872555
32	1201606878586	1201606883465
32	1201606909529	1201606911598
32	1201606952129	1201606953406
32	1201607429785	1201607433566
32	1201607433751	1201607435986
32	1201607441431	1201607446619
32	1201607673803	1201607675770
32	1201607676460	1201607680282
32	1201607743908	1201607745866
32	1201607992187	1201607993884
32	1201608176169	1201608179673
32	1201608191466	1201608194148
32	1201608268430	1201608271798
32	1201608396169	1201608399961
32	1201608460156	1201608463111
32	1201608538405	1201608544277
32	1201608684496	1201608686934
32	1201608699291	1201608701579
32	1201608907943	1201608910201
32	1201608935734	1201608938598
32	1201609202557	1201609204487
32	1201609209803	1201609213962
32	1201609260133	1201609262568
32	1201609526383	1201609530857
32	1201609987498	1201609991439
32	1201617265662	1201617268749
32	1201617419322	1201617422598
32	1201617427366	1201617429543
32	1201617627832	1201617630331
32	1201617763163	1201617766611
32	1201617827536	1201617831906
32	1201617860124	1201617863491
32	1201618658546	1201618661728
32	1201618845120	1201618846881
32	1201619639888	1201619644227
32	1201626655578	1201626657632
32	1201634374708	1201634378747
32	1201634397655	1201634405189
32	1201634410310	1201634417445
32	1201634451390	1201634455694
32	1201634463399	1201634467270
32	1201638981613	1201638984917
32	1201638993755	1201638996316
32	1201639219326	1201639222682
32	1201639269684	1201639274191
32	1201639378999	1201639381494
32	1201639420616	1201639423809
32	1201646523697	1201646525507
32	1201646532135	1201646535545
33	1201603833210	1201603837720
33	1201603865381	1201603872462
33	1201603906553	1201603909991
33	1201606435536	1201606440631
33	1201617270249	1201617272949
33	1201617337158	1201617339711
33	1201617358112	1201617361348
33	1201617373957	1201617378513
33	1201617411745	1201617414673
33	1201625753124	1201625757887
33	1201630260299	1201630262319
33	1201630281125	1201630283695
33	1201630341465	1201630344712
33	1201630349102	1201630352375
33	1201630365936	1201630368966
33	1201630373664	1201630376525
33	1201630405905	1201630409849
33	1201630411490	1201630414638
33	1201630427164	1201630432242
33	1201630433330	1201630436607
33	1201630449759	1201630453612
33	1201630454190	1201630457304
33	1201630470188	1201630473961
33	1201630474872	1201630477215
33	1201630490759	1201630495225
33	1201638960569	1201638965664
33	1201638969788	1201638973784
33	1201639211659	1201639214778
33	1201639226529	1201639230988
33	1201639233441	1201639236479
33	1201639248274	1201639252907
33	1201639255155	1201639257659
33	1201639287595	1201639295559
33	1201639312448	1201639316952
33	1201639326783	1201639330293
33	1201639333267	1201639336581
33	1201639346356	1201639349658
33	1201639350989	1201639354109
33	1201639364938	1201639367632
33	1201639371993	1201639374389
33	1201639386572	1201639390382
33	1201639392719	1201639395630
33	1201639407830	1201639415316
33	1201640917310	1201640920680
33	1201640921795	1201640925959
33	1201640948127	1201640951619
33	1201640956433	1201640959731
33	1201640966813	1201640969734
33	1201640973822	1201640977603
33	1201640992388	1201640996653
33	1201640999114	1201641002290
33	1201641016355	1201641020879
33	1201641022333	1201641025533
33	1201641040285	1201641046294
33	1201641082568	1201641086950
33	1201641089905	1201641093471
33	1201641099496	1201641102870
33	1201641104679	1201641107922
33	1201643490636	1201643494783
33	1201643526253	1201643530621
33	1201643572350	1201643575967
33	1201643617191	1201643620259
33	1201646544103	1201646550471
33	1201646554624	1201646560968
34	1201603833959	1201603836776
34	1201603847612	1201603851737
34	1201603862806	1201603867482
34	1201603868776	1201603872341
34	1201603879851	1201603884335
34	1201603905881	1201603908647
34	1201617270783	1201617274387
34	1201617302281	1201617304253
34	1201617336728	1201617338837
34	1201617373386	1201617376966
34	1201617408632	1201617413471
34	1201630261259	1201630265544
34	1201630276701	1201630283940
34	1201630342319	1201630345998
34	1201630348294	1201630352215
34	1201630366780	1201630370244
34	1201630371529	1201630376238
34	1201630410562	1201630410767
34	1201630428434	1201630432272
34	1201630432899	1201630436228
34	1201630450445	1201630457604
34	1201630470621	1201630476531
34	1201638961919	1201638966869
34	1201638967762	1201638972950
34	1201639205709	1201639209753
34	1201639210428	1201639214597
34	1201639227603	1201639231499
34	1201639232569	1201639236149
34	1201639249466	1201639253601
34	1201639254455	1201639257794
34	1201639288876	1201639293941
34	1201639328164	1201639331147
34	1201639332831	1201639336230
34	1201639347402	1201639353774
34	1201639370179	1201639374971
34	1201639388481	1201639391107
34	1201639408725	1201639414777
34	1201640918201	1201640924783
34	1201640949263	1201640952423
34	1201640954701	1201640959866
34	1201640968142	1201640971983
34	1201640972674	1201640977219
34	1201640992895	1201640996877
34	1201640998137	1201641001835
34	1201641017233	1201641024153
34	1201641041203	1201641046157
34	1201641084395	1201641086226
34	1201641088470	1201641092737
34	1201641099949	1201641103455
34	1201641104112	1201641106367
34	1201643491359	1201643497271
34	1201643521517	1201643529605
34	1201643572712	1201643577892
34	1201646544921	1201646547429
34	1201646548736	0
36	1201603834290	1201603836160
36	1201603863369	1201603866976
36	1201603869389	1201603871584
36	1201603878699	1201603882673
36	1201603906168	1201603909164
36	1201617271427	1201617274534
36	1201617299817	1201617308928
36	1201617336402	1201617339187
36	1201617358358	1201617360523
36	1201617408971	1201617414469
36	1201630280695	1201630282273
36	1201630342743	1201630346260
36	1201630348832	1201630351947
36	1201630367359	1201630371269
36	1201630372425	1201630375644
36	1201630406980	1201630410202
36	1201630410434	1201630414254
36	1201630429156	1201630435396
36	1201630450677	1201630456611
36	1201630470988	1201630476259
36	1201638962854	1201638967356
36	1201638968986	1201638972124
36	1201639206217	1201639209614
36	1201639210876	1201639213858
36	1201639228117	1201639230217
36	1201639232397	1201639235717
36	1201639250821	1201639251950
36	1201639254329	1201639257189
36	1201639289364	1201639293697
36	1201639332573	1201639334679
36	1201639347989	1201639352956
36	1201639365613	1201639368984
36	1201639409192	1201639416594
36	1201640918848	1201640923998
36	1201640949597	1201640953489
36	1201640955401	1201640959224
36	1201640968443	1201640971739
36	1201640973146	1201640976364
36	1201640993589	1201641001237
36	1201641017931	1201641024411
36	1201641041722	1201641045165
36	1201641083988	1201641087750
36	1201641089315	1201641091101
36	1201641100568	1201641107358
36	1201643492186	1201643494354
36	1201643525165	1201643528221
36	1201643573480	1201643575218
36	1201643616587	1201643619725
36	1201646545515	1201646547869
36	1201646558154	1201646559865
37	1201603844808	1201603847255
37	1201603872684	1201603874844
37	1201603876815	1201603879679
37	1201603904625	1201603908407
37	1201617273301	1201617277119
37	1201617280771	1201617288361
37	1201617298449	1201617302465
37	1201617302782	1201617305745
37	1201617305880	1201617309193
37	1201617314912	1201617317143
37	1201617320252	1201617323616
37	1201617326173	1201617331702
37	1201617335604	1201617338485
37	1201617366937	1201617376614
37	1201617409781	1201617411863
37	1201630346546	1201630349890
37	1201630368770	1201630370942
37	1201630371129	1201630374382
37	1201630408238	1201630413354
37	1201630430460	1201630435177
37	1201638964737	1201638970460
37	1201639207453	1201639209204
37	1201639209371	1201639212323
37	1201639229369	1201639234253
37	1201639329693	1201639334946
37	1201639367789	1201639369594
37	1201639369800	1201639372199
37	1201639390889	1201639393113
37	1201640950809	1201640955657
37	1201640972811	1201640974910
37	1201640995261	1201640999855
37	1201641019741	1201641023263
37	1201641085252	1201641089779
37	1201641102621	1201641106714
37	1201646546988	1201646548898
37	1201646549413	1201646552689
38	1201617287660	1201617289660
38	1201617290176	1201617292544
