1	1202369634934	1202369642979
1	1202369644369	1202369651622
1	1202369657792	1202369662499
1	1202369670769	1202369677518
1	1202369678219	1202369684277
1	1202370343684	1202370346872
1	1202370350909	1202370357115
1	1202370372726	1202370376382
1	1202370379506	1202370381644
1	1202370388981	1202370392681
1	1202370395995	1202370402484
1	1202370405464	1202370419969
1	1202370420102	1202370422250
1	1202370425709	1202370431974
1	1202370446822	1202370451719
1	1202370457733	1202370459823
1	1202370480865	1202370483716
1	1202370506826	1202370508706
1	1202370513524	1202370519555
1	1202370620739	1202370624531
1	1202370633223	1202370642885
1	1202370643289	1202370644574
1	1202370712541	1202370714756
1	1202370718269	1202370724131
1	1202370745119	1202370747493
1	1202370747697	1202370750489
1	1202370803140	1202370807824
1	1202370953511	1202370957268
1	1202370976998	1202370981272
1	1202370985807	1202370994535
1	1202371003126	1202371004392
1	1202371009712	1202371011581
1	1202371013859	1202371024625
1	1202375872723	1202375876345
1	1202375907253	1202375908293
1	1202376832823	1202376837197
1	1202376837470	1202376840317
1	1202376841655	1202376844167
1	1202376845275	1202376850935
1	1202377105965	1202377110341
1	1202377115861	1202377124458
1	1202377207935	1202377210592
1	1202377529699	1202377532507
1	1202377575268	1202377579363
1	1202377779514	1202377781858
1	1202377889840	1202377890305
1	1202377890600	1202377893241
1	1202377898816	1202377901293
1	1202377915458	1202377919991
1	1202378024181	1202378025938
1	1202378374694	1202378377113
1	1202378378831	1202378380652
1	1202378455727	1202378457747
1	1202378461577	1202378463878
1	1202378470660	1202378473774
1	1202378482583	1202378485383
1	1202378513918	1202378516789
1	1202378521205	1202378522486
1	1202378538102	1202378542944
1	1202378558487	1202378561421
1	1202378564428	1202378567398
1	1202378590363	1202378592375
1	1202378622297	1202378627533
1	1202378642906	1202378645374
1	1202378871282	1202378874261
1	1202378901505	1202378905844
1	1202379016669	1202379018890
1	1202379104345	1202379106516
1	1202379202769	1202379204309
1	1202379344148	1202379348309
1	1202379350820	1202379356307
1	1202379534312	1202379545266
1	1202379548609	1202379552918
1	1202379557207	1202379559322
1	1202379560998	1202379563300
1	1202379568500	1202379570845
1	1202379573143	1202379575607
1	1202379582372	1202379585252
1	1202379586680	1202379588824
1	1202379589869	1202379591842
1	1202379591975	1202379594670
1	1202379908423	1202379912678
1	1202379927271	1202379933297
1	1202379964688	1202379965380
1	1202379967326	1202379969826
1	1202379990488	1202379990829
1	1202380000688	1202380002930
1	1202380011610	1202380015680
1	1202380017477	1202380021121
1	1202380032668	1202380034960
1	1202380060778	1202380063154
1	1202380064289	1202380068940
1	1202380119577	1202380122732
1	1202380179608	1202380183997
1	1202380206121	1202380216924
1	1202380229964	1202380234141
1	1202380234333	1202380240846
1	1202380259232	1202380263202
1	1202380332589	1202380336457
1	1202380337946	1202380341348
1	1202380367363	1202380369750
1	1202380389787	1202380392943
1	1202380397973	1202380399234
1	1202380426530	1202380431588
1	1202380468146	1202380472305
1	1202380501718	1202380503839
1	1202380504687	1202380506894
1	1202380514575	1202380518153
1	1202380525479	1202380527965
1	1202380587625	1202380589190
1	1202380611920	1202380619560
1	1202380682746	1202380684930
1	1202380753472	1202380755862
1	1202380793346	1202380797410
1	1202380803307	1202380806161
1	1202380810234	1202380812112
1	1202380814128	1202380817114
1	1202380823830	1202380827297
1	1202380845876	1202380850369
1	1202380871965	1202380874497
1	1202380959150	1202380960357
1	1202380976203	1202380978331
1	1202381068478	1202381072757
1	1202381106595	1202381110380
1	1202381153185	1202381157716
1	1202381169589	1202381173314
1	1202381174704	1202381178872
1	1202381181992	1202381184363
1	1202381190935	1202381198788
1	1202381222154	1202381224907
1	1202381227323	1202381235733
1	1202381237408	1202381238687
1	1202381262578	1202381267106
1	1202381267330	1202381273380
1	1202381280794	1202381283593
1	1202381291444	1202381295818
1	1202381317198	1202381322923
1	1202381324885	1202381327761
1	1202381329692	1202381334726
1	1202381379363	1202381382172
1	1202381393465	1202381394721
1	1202381403244	1202381410936
1	1202381562127	1202381576496
1	1202381604341	1202381609283
1	1202381693960	1202381707139
1	1202381738362	1202381740904
1	1202381745320	1202381749249
1	1202381764411	1202381770906
1	1202381771641	1202381773733
1	1202381773869	1202381784377
1	1202381785165	1202381787789
1	1202381793211	1202381795362
1	1202381805762	1202381811202
1	1202381815260	1202381821466
1	1202381824215	1202381828163
1	1202381832774	1202381834394
1	1202381838380	1202381843383
1	1202381860138	1202381864541
1	1202381871757	1202381875645
1	1202381879409	1202381885482
1	1202381891592	1202381895282
1	1202381899755	1202381903498
1	1202381903979	1202381909245
1	1202381923778	1202381926728
1	1202381936623	1202381938279
1	1202381938448	1202381940515
1	1202381949270	1202381956302
1	1202381962786	1202381968444
1	1202381981491	1202381985424
1	1202381990754	1202381992986
1	1202381995845	1202381997876
1	1202382000718	1202382002628
1	1202382010172	1202382014619
1	1202382029769	1202382032910
1	1202382072264	1202382074584
1	1202382090616	1202382092525
1	1202382104696	1202382108909
1	1202382119417	1202382121204
1	1202382130835	1202382132979
1	1202382136443	1202382138818
1	1202382143699	1202382145720
1	1202382163487	1202382165619
1	1202382175530	1202382179367
1	1202382185206	1202382187637
1	1202382189388	1202382193140
1	1202382204538	1202382207751
1	1202382222180	1202382225470
1	1202382277773	1202382278987
1	1202382281789	1202382283705
1	1202382305263	1202382307319
1	1202382322251	1202382324389
1	1202382342836	1202382345560
1	1202382372320	1202382373600
1	1202382374147	1202382376599
1	1202382398743	1202382401667
1	1202382440631	1202382442256
1	1202382448776	1202382451984
1	1202382469810	1202382472124
1	1202382486555	1202382489615
1	1202382510283	1202382512681
1	1202382536551	1202382537806
1	1202382574422	1202382578605
1	1202382607874	1202382609147
1	1202382693941	1202382695181
1	1202382700830	1202382703354
1	1202382713924	1202382715199
1	1202382746486	1202382748758
1	1202382796237	1202382800792
1	1202382813158	1202382821623
1	1202382825691	1202382828935
1	1202382830945	1202382835190
1	1202382838154	1202382840130
1	1202382841242	1202382843680
1	1202382871526	1202382874410
1	1202382874647	1202382879638
1	1202382899477	1202382907832
1	1202382910138	1202382914171
1	1202382965441	1202382974976
1	1202382980401	1202382985625
1	1202383080941	1202383083228
1	1202383552551	1202383554755
1	1202383556930	1202383559228
1	1202383561402	1202383563651
1	1202383564299	1202383566579
1	1202383572747	1202383574735
1	1202383670533	1202383671772
1	1202383672436	1202383674577
1	1202383675192	1202383679277
1	1202383691805	1202383694462
1	1202383696616	1202383698919
1	1202383782109	1202383784178
1	1202383869197	1202383871357
1	1202383949971	1202383952175
1	1202383967986	1202383970191
1	1202383973483	1202383978675
1	1202383980473	1202383982617
1	1202384056392	1202384058303
1	1202384063772	1202384072479
1	1202384073183	1202384089170
1	1202384091196	1202384096144
1	1202384097252	1202384105605
1	1202384108267	1202384115833
1	1202384123900	1202384132122
1	1202384141939	1202384144619
1	1202384154557	1202384159148
1	1202384175712	1202384177739
1	1202384338338	1202384342560
1	1202384347593	1202384351331
1	1202384389629	1202384392755
1	1202384417863	1202384421919
1	1202384438205	1202384443252
1	1202384467112	1202384469361
1	1202384469491	1202384471880
1	1202384494651	1202384497471
1	1202384498522	1202384500769
1	1202384532744	1202384534422
1	1202384534551	1202384537913
1	1202384549456	1202384550728
1	1202384557458	1202384561938
1	1202384569517	1202384573696
1	1202384591363	1202384596224
1	1202384623134	1202384624382
1	1202384624703	1202384631731
1	1202384632704	1202384635127
1	1202384849458	1202384851828
1	1202384868309	1202384870298
1	1202384870492	1202384877774
1	1202385524739	1202385526732
1	1202385531355	1202385533944
1	1202385536105	1202385537379
1	1202385539965	1202385543266
1	1202386231386	1202386235542
1	1202386237901	1202386245321
1	1202386245577	1202386259634
1	1202386260543	1202386264947
1	1202386270143	1202386272605
1	1202386276618	1202386282346
1	1202386285440	1202386290673
1	1202386309320	1202386313266
1	1202386315550	1202386318773
1	1202386410278	1202386411522
1	1202386417993	1202386420748
1	1202386627413	1202386631399
1	1202386633250	1202386641915
1	1202386644413	1202386667748
1	1202386680382	1202386684406
1	1202386707675	1202386709727
1	1202386720290	1202386722518
1	1202386722644	1202386724644
1	1202386747827	1202386749776
1	1202386789464	1202386794640
1	1202386795844	1202386802784
1	1202386819451	1202386821592
1	1202386830962	1202386833178
1	1202386896666	1202386899502
1	1202386909639	1202386913243
1	1202386913571	1202386916424
1	1202386934828	1202386936896
1	1202386938183	1202386940491
1	1202386943678	1202386945184
1	1202386946824	1202386951336
1	1202386958322	1202386962602
1	1202386964429	1202386966616
1	1202387063153	1202387064389
1	1202387070823	1202387073384
1	1202387075911	1202387077995
1	1202387175197	1202387179585
1	1202387196976	1202387199491
1	1202387218143	1202387220597
1	1202387223415	1202387230294
1	1202387238653	1202387242307
1	1202387270635	1202387274703
1	1202387279585	1202387281586
1	1202387287105	1202387291547
1	1202387292720	1202387294866
1	1202387309157	1202387311287
1	1202387337779	1202387339665
1	1202387421904	1202387424202
1	1202387426599	1202387428709
1	1202387433722	1202387436348
1	1202387443365	1202387449522
1	1202387582461	1202387584479
1	1202387600664	1202387603212
1	1202387680163	1202387682258
1	1202387719278	1202387721917
1	1202387722709	1202387728259
1	1202387732151	1202387734520
1	1202387738436	1202387743439
1	1202387746750	1202387750396
1	1202387757561	1202387758836
1	1202387760503	1202387763120
1	1202387825975	1202387827294
1	1202387836245	1202387840713
1	1202387844451	1202387846576
1	1202387975533	1202387979285
1	1202388014477	1202388018366
1	1202388020110	1202388022481
1	1202388038980	1202388041231
1	1202388045759	1202388047911
1	1202388179792	1202388180989
1	1202388294470	1202388295673
1	1202388303108	1202388306340
1	1202388311794	1202388313440
1	1202388325480	1202388328191
1	1202388331787	1202388340239
1	1202388359859	1202388362408
1	1202388552721	1202388555728
1	1202388591339	1202388591913
1	1202388616286	1202388624212
1	1202388625864	1202388627936
1	1202388656359	1202388660147
1	1202388664519	1202388666935
1	1202388720313	1202388721258
1	1202388773847	1202388775824
1	1202388779145	1202388783399
1	1202388813257	1202388816803
1	1202388817842	1202388830357
1	1202389079379	1202389085399
1	1202389096378	1202389098482
1	1202389099986	1202389102559
1	1202389105547	1202389107973
1	1202389125612	1202389129456
1	1202389160434	1202389162430
1	1202389168234	1202389170672
1	1202389172620	1202389174989
1	1202389190549	1202389195864
1	1202389213780	1202389215921
1	1202389238432	1202389240891
1	1202389264888	1202389269443
1	1202389272326	1202389274527
1	1202389276759	1202389279206
1	1202389279840	1202389282166
1	1202389312100	1202389316171
1	1202389374844	1202389378732
1	1202389398469	1202389398890
1	1202389413876	1202389416241
1	1202389503761	1202389504997
1	1202389544854	1202389547211
1	1202389548797	1202389551189
1	1202389555429	1202389560888
1	1202389566481	1202389568952
1	1202389571736	1202389577952
1	1202389584106	1202389589547
1	1202389618154	1202389620315
1	1202389629399	1202389631622
1	1202389653741	1202389656990
1	1202389662833	1202389665217
1	1202389669724	1202389672305
1	1202389705209	1202389708602
1	1202389721799	1202389724519
1	1202389736242	1202389739234
1	1202389751698	1202389754945
1	1202389819411	1202389823608
1	1202389898123	1202389903445
1	1202389920119	1202389924255
1	1202389926126	1202389928281
1	1202389928413	1202389932951
1	1202389966318	1202389968873
1	1202390047622	1202390053572
1	1202390056792	1202390059572
1	1202390060952	1202390062251
1	1202390081141	1202390088161
1	1202390112791	1202390116317
1	1202390119972	1202390121242
1	1202390167646	1202390172750
1	1202390175493	1202390182149
1	1202390217373	1202390225544
1	1202390225707	1202390226889
1	1202390265440	1202390267456
1	1202390357521	1202390361699
1	1202390363829	1202390365919
1	1202390374450	1202390379710
1	1202390384206	1202390393313
1	1202390395212	1202390399389
1	1202390419249	1202390426947
1	1202390430977	1202390447498
1	1202390740926	1202390745140
1	1202390751560	1202390753484
1	1202390753900	1202390758691
1	1202390758724	1202390762632
1	1202390778869	1202390780932
1	1202390807472	1202390809914
1	1202390810735	1202390815743
1	1202390834859	1202390837927
1	1202390842172	1202390844473
1	1202390861997	1202390864271
1	1202390881678	1202390884214
1	1202391244521	1202391246106
1	1202391305639	1202391307412
1	1202391355907	1202391358247
1	1202391533710	1202391536104
1	1202391546565	1202391548785
1	1202391548987	1202391551191
1	1202391580288	1202391582451
1	1202391668306	1202391670552
1	1202391671242	1202391673630
1	1202391681861	1202391684183
1	1202391712972	1202391715824
1	1202391742738	1202391745503
1	1202391747250	1202391748304
1	1202391750755	1202391753168
1	1202391754302	1202391756427
1	1202391809746	1202391812322
1	1202391861502	1202391865496
1	1202391889252	1202391891586
1	1202391894368	1202391896557
1	1202391897304	1202391900217
1	1202391936182	1202391938392
1	1202391984152	1202391988182
1	1202391990670	1202391992985
1	1202392084887	1202392086745
1	1202392109754	1202392111259
1	1202392116205	1202392118842
1	1202392137549	1202392139796
1	1202392175792	1202392178563
1	1202392209331	1202392211644
1	1202392236202	1202392238164
1	1202392245350	1202392247744
1	1202392257218	1202392258498
1	1202392258719	1202392262350
1	1202392269181	1202392272208
1	1202392295555	1202392299547
1	1202392301441	1202392303879
1	1202392312709	1202392315150
1	1202392343216	1202392345441
1	1202392415593	1202392418197
1	1202392448366	1202392453612
1	1202392460142	1202392462118
1	1202392464873	1202392469184
1	1202392470817	1202392473313
1	1202392487365	1202392490125
1	1202392569217	1202392572592
1	1202392612754	1202392615408
1	1202392640787	1202392642465
1	1202392643322	1202392645777
1	1202392652858	1202392655102
1	1202392703452	1202392706971
1	1202392717363	1202392718925
1	1202392807311	1202392811620
1	1202392820864	1202392823222
1	1202392892310	1202392894146
1	1202392897538	1202392898812
1	1202392949519	1202392951547
1	1202393067256	1202393069253
1	1202393180812	1202393182814
1	1202393234479	1202393236866
1	1202393405468	1202393417819
1	1202393420874	1202393424406
1	1202393434254	1202393443246
1	1202393444205	1202393446593
1	1202393460387	1202393463236
1	1202393477804	1202393480683
1	1202393547117	1202393549830
1	1202393583764	1202393586401
1	1202393743415	1202393747830
1	1202393802295	1202393804770
1	1202393815347	1202393819151
1	1202393917908	1202393925647
1	1202393951634	1202393953954
1	1202393963550	1202393966593
1	1202393966711	1202393967948
1	1202393981591	1202393983846
1	1202393986202	1202393992679
1	1202394005335	1202394007515
1	1202394017644	1202394019730
1	1202394026590	1202394028698
1	1202394036912	1202394039405
1	1202394043409	1202394051958
1	1202394281960	1202394287268
1	1202394298526	1202394302975
1	1202394306483	1202394309652
1	1202394310284	1202394311569
1	1202394313898	1202394315178
1	1202394316426	1202394331816
1	1202394339701	1202394345271
1	1202394349245	1202394351881
1	1202394353809	1202394356425
1	1202394368312	1202394370329
1	1202394372565	1202394375203
1	1202394386954	1202394389772
1	1202394390672	1202394393638
1	1202394418680	1202394422209
1	1202394428843	1202394431295
1	1202394658216	1202394661796
1	1202394662436	1202394668189
1	1202394669578	1202394670876
1	1202394674150	1202394676338
2	1202375869340	1202375872558
2	1202377083920	1202377093983
2	1202377104117	1202377106165
2	1202379353827	1202379355980
2	1202381560568	1202381562510
2	1202381692851	1202381694942
2	1202388827675	1202388829942
2	1202389661657	1202389664492
2	1202394055956	1202394058106
3	1202353524204	1202353528547
3	1202368111809	1202368116787
3	1202389662923	1202389667472
3	1202389673555	1202389679748
3	1202389679934	1202389682151
3	1202389696290	1202389701628
3	1202390607125	1202390612294
3	1202392467280	1202392475512
3	1202395819493	1202395826340
3	1202395828728	1202395841500
7	1202375870615	1202375872561
7	1202375875530	1202375896317
7	1202375896882	1202375902355
7	1202375904509	1202375908447
7	1202375908573	1202375915924
7	1202375918968	1202375921788
7	1202375924703	1202375930786
7	1202375932701	1202375934950
7	1202375941455	1202375943707
7	1202375944795	1202375947806
7	1202375972847	1202375977557
7	1202375982832	1202375987646
7	1202375988500	1202375991158
7	1202376000203	1202376002696
7	1202376008209	1202376013280
7	1202376146472	1202376153654
7	1202376347552	1202376349448
7	1202376354861	1202376356152
7	1202376365552	1202376367990
7	1202376372373	1202376373689
7	1202376374484	1202376377620
7	1202376520170	1202376524440
7	1202376829155	1202376831356
7	1202376832354	1202376836841
7	1202376863238	1202376866613
7	1202377091169	1202377099581
7	1202377102831	1202377105159
7	1202377106369	1202377110613
7	1202377467418	1202377475654
7	1202378279887	1202378282994
7	1202378492509	1202378495408
7	1202378523217	1202378525761
7	1202379351644	1202379354184
7	1202379644390	1202379654149
7	1202379661292	1202379667565
7	1202379942366	1202379945821
7	1202379946372	1202379948708
7	1202379950187	1202379953397
7	1202380281845	1202380286307
7	1202380638163	1202380642919
7	1202380656590	1202380670845
7	1202380683214	1202380689515
7	1202380734935	1202380741262
7	1202380809406	1202380815646
7	1202381055180	1202381057675
7	1202381066740	1202381075585
7	1202381076880	1202381090838
7	1202381093970	1202381097338
7	1202381097861	1202381100166
7	1202381100607	1202381103451
7	1202381124110	1202381129324
7	1202381133722	1202381140379
7	1202381141307	1202381154485
7	1202381166765	1202381186430
7	1202381187280	1202381193410
7	1202381193838	1202381218565
8	1202369628578	1202369631419
8	1202369684476	1202369687954
8	1202370341596	1202370344704
8	1202371021840	1202371025910
8	1202376830399	1202376834473
8	1202376850921	1202376853238
8	1202377083732	1202377087647
8	1202377089656	1202377098579
8	1202377103735	1202377106678
8	1202379353472	1202379356448
8	1202379526716	1202379529673
8	1202379951228	1202379955894
8	1202380279879	1202380284654
8	1202381219606	1202381223194
8	1202381406563	1202381410316
8	1202381560243	1202381563729
8	1202381692467	1202381695696
8	1202388827229	1202388831262
8	1202389076871	1202389080129
8	1202389660765	1202389663789
8	1202389699419	1202389702424
8	1202390447625	1202390451226
8	1202390606562	1202390608565
8	1202390609291	1202390612812
8	1202390739564	1202390741199
8	1202392466672	1202392469218
8	1202394055634	1202394058936
8	1202394279445	1202394282293
8	1202394354880	1202394358530
8	1202394366542	1202394369636
8	1202394443925	1202394447934
8	1202394656365	1202394659385
8	1202394678828	1202394682650
8	1202395818517	1202395821363
8	1202395837926	1202395840296
9	1202368109621	1202368114574
9	1202368114661	1202368118301
9	1202375867317	1202375869316
9	1202377103229	1202377105331
9	1202379354352	1202379357284
9	1202379952760	1202379954960
9	1202380279126	1202380281192
9	1202381559786	1202381561653
9	1202388828777	1202388830972
9	1202389660100	1202389664198
9	1202389699646	1202389704386
9	1202390605196	1202390609860
9	1202392465978	1202392469511
9	1202392472679	1202392477526
9	1202394445972	1202394447450
9	1202395818264	1202395822555
9	1202395838544	1202395841795
10	1202338829385	1202338831933
10	1202346342873	1202346345307
10	1202346463918	1202346466780
10	1202370145122	1202370147231
10	1202370195666	1202370199288
10	1202370209922	1202370212456
10	1202374885907	1202374888538
10	1202374902890	1202374905620
10	1202380308586	1202380310988
10	1202380403540	1202380406972
10	1202385897650	1202385902494
10	1202386525508	1202386528195
10	1202386667588	1202386670123
10	1202390511404	1202390513189
10	1202392159333	1202392162641
10	1202392168532	1202392171761
10	1202392175254	1202392178727
10	1202392321881	1202392323929
10	1202392355205	1202392356998
10	1202392962187	1202392964290
10	1202393076791	1202393079328
10	1202395519659	1202395522239
10	1202395601221	1202395603520
10	1202395875994	1202395881239
10	1202400136483	1202400138988
10	1202404420432	1202404421858
10	1202404523558	1202404525428
10	1202407222694	1202407225555
10	1202407277593	1202407279993
10	1202417619530	1202417622354
10	1202420431537	1202420433173
10	1202420729604	1202420732248
10	1202423664236	1202423666651
10	1202423676302	1202423687379
10	1202423687729	1202423690249
10	1202423690636	1202423691872
10	1202423692638	1202423695330
10	1202423696696	1202423697908
10	1202423704651	1202423711125
11	1202338830123	1202338833612
11	1202341490283	1202341493777
11	1202341812453	1202341813210
11	1202341814820	1202341817151
11	1202346341215	1202346345901
11	1202368140942	1202368144471
11	1202369114679	1202369116550
11	1202369300870	1202369303549
11	1202369308113	1202369311756
11	1202369365506	1202369368437
11	1202369368975	1202369372787
11	1202370205914	1202370207953
11	1202370210482	1202370215479
11	1202386051382	1202386053606
11	1202386065392	1202386069257
11	1202386069915	1202386073777
11	1202386074840	1202386079824
11	1202386086296	1202386091226
11	1202386102265	1202386106791
11	1202386133395	1202386135186
11	1202386136824	1202386143301
11	1202386148769	1202386151159
11	1202386167802	1202386169980
11	1202386171303	1202386177615
11	1202386182672	1202386184597
11	1202386187922	1202386191281
11	1202386203308	1202386205264
11	1202386230588	1202386241409
11	1202386244831	1202386244859
11	1202386256395	1202386269975
11	1202390625877	1202390632814
11	1202392143690	1202392147822
11	1202392148977	1202392150708
11	1202392157270	1202392162767
11	1202392322973	1202392328516
11	1202392341625	1202392343679
11	1202392344815	1202392367877
11	1202392374177	1202392385894
11	1202392391704	1202392395463
11	1202392951301	1202392951584
11	1202392962439	1202392965374
11	1202392965499	1202392968274
11	1202392998848	1202393001140
11	1202393077542	1202393081486
11	1202393088786	1202393092469
11	1202393109586	1202393111448
11	1202393116980	1202393123127
11	1202393123633	1202393137288
11	1202393146419	1202393147631
11	1202393216641	1202393219236
11	1202393251222	1202393254144
11	1202393255349	1202393256589
11	1202393272567	1202393274915
11	1202393287359	1202393289565
11	1202393370368	1202393375461
11	1202393376390	1202393378823
11	1202393385547	1202393389896
11	1202393390372	1202393401410
11	1202393409390	1202393415642
11	1202393416274	1202393418279
11	1202393454973	1202393456627
11	1202393460603	1202393462356
11	1202393476633	1202393479605
11	1202393537758	1202393541553
11	1202393552708	1202393554861
11	1202393556508	1202393558420
11	1202393559191	1202393561512
11	1202393677820	1202393679232
11	1202393679301	1202393681805
11	1202393842747	1202393844773
11	1202393885502	1202393888121
11	1202393905145	1202393910565
11	1202393934663	1202393936987
11	1202393938251	1202393940382
11	1202393963971	1202393966682
11	1202393991269	1202393995196
11	1202394002247	1202394005603
11	1202394033518	1202394057449
11	1202394061940	1202394067854
11	1202394071643	1202394073879
11	1202394074143	1202394076855
11	1202394087292	1202394089430
11	1202394090526	1202394093699
11	1202394101323	1202394103322
11	1202394103834	1202394106131
11	1202394115643	1202394126986
11	1202394144492	1202394158607
11	1202394679368	1202394681650
11	1202394923862	1202394927121
11	1202394928225	1202394929637
11	1202395153704	1202395155866
11	1202395452652	1202395454485
11	1202395455415	1202395459143
11	1202395879108	1202395882414
11	1202401150119	1202401157927
11	1202401171386	1202401174297
11	1202401174860	1202401182678
11	1202401184395	1202401186607
11	1202401187245	1202401191759
11	1202401193987	1202401196522
11	1202401217349	1202401226253
11	1202401242596	1202401257590
11	1202401258119	1202401260785
11	1202401267876	1202401284295
11	1202401284449	1202401293659
11	1202401295604	1202401298229
11	1202401299753	1202401312587
11	1202401315828	1202401328784
11	1202401330712	1202401344300
11	1202401360331	1202401360621
11	1202401367276	1202401370272
11	1202401370537	1202401373431
11	1202401373946	1202401375183
11	1202401375538	1202401376770
11	1202401401449	1202401406998
11	1202401409824	1202401411852
11	1202401412603	1202401413286
11	1202401418140	1202401423618
11	1202401428587	1202401434577
11	1202401440916	1202401443491
11	1202401464821	1202401468415
11	1202401488989	1202401497295
11	1202401501109	1202401508395
11	1202401510849	1202401513922
11	1202401575951	1202401583665
11	1202401605867	1202401609135
11	1202401613563	1202401615902
11	1202417603575	1202417605718
11	1202417605985	1202417607920
11	1202417616614	1202417623439
11	1202420776163	1202420779855
11	1202420824458	1202420826409
11	1202420830260	1202420832260
11	1202420872268	1202420874797
11	1202420890539	1202420901206
11	1202420909384	1202420913805
11	1202420921149	1202420923583
11	1202420925843	1202420927529
11	1202420928728	1202420929954
11	1202420937463	1202420939595
11	1202420942639	1202420949643
11	1202421029601	1202421030947
11	1202421080379	1202421082675
11	1202421212699	1202421214688
11	1202421220827	1202421223669
11	1202421259559	1202421262625
11	1202421263214	1202421270787
11	1202421274687	1202421281211
11	1202421285847	1202421287755
11	1202421298811	1202421305346
11	1202423672205	1202423675727
11	1202423732973	1202423734886
12	1202338831791	1202338836794
12	1202338839916	1202338844387
12	1202338845928	1202338848195
12	1202339602188	1202339604142
12	1202339966488	1202339968496
12	1202340240625	1202340248819
12	1202341396435	1202341398709
12	1202341405351	1202341410214
12	1202341432116	1202341434563
12	1202341436470	1202341437684
12	1202341439591	1202341445578
12	1202341449289	1202341453643
12	1202341468226	1202341491991
12	1202341496918	1202341503666
12	1202341558291	1202341562257
12	1202341563842	1202341571718
12	1202341572594	1202341580775
12	1202341592342	1202341595991
12	1202341597504	1202341599337
12	1202341599829	1202341611960
12	1202341612760	1202341614846
12	1202341619147	1202341621789
12	1202341622146	1202341624299
12	1202341646570	1202341648612
12	1202341656832	1202341660751
12	1202341668566	1202341670720
12	1202341681181	1202341684488
12	1202341687254	1202341691827
12	1202341700909	1202341708108
12	1202341721374	1202341726462
12	1202341726765	1202341728813
12	1202341747828	1202341747929
12	1202341754280	1202341757649
12	1202341758423	1202341763903
12	1202341774782	1202341779239
12	1202341788196	1202341790207
12	1202341792457	1202341794195
12	1202341794813	1202341799729
12	1202341804801	1202341815708
12	1202341858568	1202341860886
12	1202341861212	1202341864366
12	1202341865105	1202341868249
12	1202341879247	1202341881646
12	1202341887779	1202341892805
12	1202341918217	1202341920300
12	1202342008506	1202342013949
12	1202342027466	1202342031724
12	1202342036780	1202342039412
12	1202342040159	1202342043873
12	1202342090949	1202342092153
12	1202342097916	1202342099152
12	1202342101916	1202342106428
12	1202342134575	1202342138785
12	1202342142490	1202342146809
12	1202342158398	1202342159603
12	1202342172144	1202342177916
12	1202342210404	1202342220104
12	1202342223248	1202342232872
12	1202342239954	1202342245812
12	1202342245939	1202342248450
12	1202342251901	1202342255798
12	1202342256331	1202342259723
12	1202342260122	1202342265382
12	1202342265759	1202342268268
12	1202342298586	1202342301543
12	1202342302723	1202342307188
12	1202342317506	1202342323877
12	1202342335173	1202342337392
12	1202342340293	1202342346169
12	1202342381312	1202342385566
12	1202342436527	1202342438647
12	1202342446595	1202342449304
12	1202342461586	1202342464386
12	1202342471360	1202342473861
12	1202342479102	1202342481957
12	1202342486451	1202342489956
12	1202342494521	1202342495719
12	1202342583527	1202342589360
12	1202342616537	1202342619829
12	1202342622718	1202342627361
12	1202342630712	1202342634540
12	1202342644572	1202342651217
12	1202342675289	1202342679472
12	1202342705540	1202342706716
12	1202342706986	1202342709434
12	1202342769411	1202342771708
12	1202342931373	1202342935556
12	1202342948468	1202342955944
12	1202342958789	1202342962505
12	1202343246969	1202343250831
12	1202343259932	1202343262253
12	1202343333716	1202343335967
12	1202343336361	1202343337567
12	1202343733350	1202343738952
12	1202343895935	1202343904443
12	1202343961397	1202343967741
12	1202343969854	1202343971769
12	1202344047549	1202344050993
12	1202344113624	1202344115451
12	1202344172285	1202344176481
12	1202344330634	1202344334256
12	1202344335858	1202344348205
12	1202344357194	1202344359426
12	1202344361554	1202344362772
12	1202344404352	1202344407113
12	1202344408497	1202344410462
12	1202344423446	1202344425885
12	1202344431504	1202344432673
12	1202344498492	1202344500656
12	1202344501648	1202344502879
12	1202344554846	1202344558968
12	1202344601957	1202344604421
12	1202344674534	1202344676957
12	1202344693704	1202344696295
12	1202344928997	1202344934840
12	1202344995479	1202344996911
12	1202345181722	1202345186512
12	1202345188120	1202345190186
12	1202345194842	1202345196792
12	1202345243929	1202345246369
12	1202345348276	1202345350823
12	1202345364139	1202345366144
12	1202345498554	1202345500824
12	1202345503126	1202345510261
12	1202345523508	1202345525404
12	1202345544901	1202345546106
12	1202345873475	1202345875499
12	1202345913131	1202345915279
12	1202345997970	1202345999122
12	1202346336848	1202346339200
12	1202346339651	1202346346284
12	1202346508995	1202346516743
12	1202346517153	1202346519251
12	1202346533434	1202346543201
12	1202346543572	1202346545889
12	1202346685631	1202346690535
12	1202346693288	1202346698871
12	1202346890266	1202346891390
12	1202347185667	1202347190203
12	1202347850501	1202347854301
12	1202347857872	1202347859600
12	1202347860107	1202347864427
12	1202347864775	1202347869308
12	1202347869886	1202347872281
12	1202348012453	1202348016416
12	1202348074929	1202348078987
12	1202348088510	1202348090988
12	1202348144125	1202348145303
12	1202348191783	1202348193824
12	1202348193970	1202348197909
12	1202348200578	1202348202967
12	1202348215106	1202348217265
12	1202348240318	1202348241225
12	1202348245578	1202348250498
12	1202348251701	1202348253568
12	1202348258698	1202348266449
12	1202348332312	1202348337430
12	1202348422511	1202348423689
12	1202348468367	1202348470475
12	1202348474126	1202348475323
12	1202348476337	1202348479943
12	1202348483428	1202348484634
12	1202348654994	1202348656972
12	1202348721323	1202348723240
12	1202348729781	1202348732911
12	1202349184106	1202349185352
12	1202349194291	1202349196949
12	1202349197618	1202349202712
12	1202349231609	1202349236347
12	1202349357155	1202349358342
12	1202349444563	1202349447376
12	1202349454147	1202349456453
12	1202349534132	1202349539101
12	1202349562967	1202349566867
12	1202349576347	1202349578186
12	1202349611686	1202349614171
12	1202349644387	1202349646867
12	1202349689829	1202349713455
12	1202349714123	1202349716837
12	1202349750801	1202349753399
12	1202349794500	1202349796880
12	1202349825154	1202349827566
12	1202349832783	1202349834521
12	1202349843925	1202349846382
12	1202349889400	1202349891582
12	1202349924679	1202349928269
12	1202349961571	1202349963831
12	1202350055502	1202350057580
12	1202350058136	1202350061154
12	1202350185347	1202350188507
12	1202350262849	1202350265283
12	1202350339817	1202350342768
12	1202350347410	1202350349748
12	1202350429338	1202350437427
12	1202350523551	1202350527368
12	1202350928589	1202350930346
12	1202350932228	1202350934162
12	1202351211734	1202351215586
12	1202351424655	1202351426659
12	1202351523103	1202351525100
12	1202351560385	1202351562706
12	1202351576433	1202351579300
12	1202351692569	1202351693722
12	1202351695374	1202351697842
12	1202351724650	1202351740647
12	1202351750343	1202351752483
12	1202351759422	1202351763330
12	1202351806431	1202351808676
12	1202351902123	1202351904582
12	1202351908311	1202351910714
12	1202351940903	1202351942799
12	1202351967269	1202351969575
12	1202352003320	1202352006116
12	1202352010673	1202352012619
12	1202352026176	1202352028786
12	1202352049180	1202352050389
12	1202352051122	1202352054422
12	1202352247845	1202352251935
12	1202352252444	1202352254791
12	1202352318220	1202352320521
12	1202352351799	1202352359826
12	1202352460858	1202352462284
12	1202352482331	1202352489224
12	1202352493534	1202352499861
12	1202352914711	1202352915208
12	1202353025750	1202353028964
12	1202353171586	1202353173139
12	1202353352981	1202353355770
12	1202353373590	1202353375918
12	1202353428407	1202353431341
12	1202353443788	1202353449688
12	1202353547817	1202353553759
12	1202353555507	1202353561287
12	1202353597617	1202353603627
12	1202353811835	1202353814186
12	1202353917519	1202353918666
12	1202353919712	1202353922499
12	1202353951886	1202353964818
12	1202353991256	1202353993344
12	1202353997379	1202353999255
12	1202354519276	1202354523763
12	1202354563407	1202354565719
12	1202354570488	1202354574450
12	1202354599708	1202354601745
12	1202354605963	1202354609964
12	1202354610834	1202354614859
12	1202354615650	1202354620202
12	1202354621311	1202354622529
12	1202354626626	1202354633317
12	1202354635436	1202354648153
12	1202354648449	1202354651890
12	1202361255225	1202361263391
12	1202361312473	1202361314374
12	1202361315349	1202361324385
12	1202361326914	1202361347274
12	1202361376599	1202361378450
12	1202361378666	1202361383942
12	1202361388875	1202361394145
12	1202361395197	1202361400409
12	1202361671427	1202361677283
12	1202361678851	1202361682288
12	1202361685934	1202361692114
12	1202361729350	1202361738551
12	1202361744429	1202361750296
12	1202361766637	1202361770687
12	1202361772489	1202361777456
12	1202361785338	1202361790849
12	1202361794586	1202361796605
12	1202361841297	1202361843402
12	1202361844645	1202361847240
12	1202361860479	1202361864304
12	1202361892741	1202361896122
12	1202361896139	1202361898580
12	1202361945216	1202361946223
12	1202361946594	1202361949125
12	1202362175799	1202362178147
12	1202362268639	1202362270902
12	1202362277262	1202362279299
12	1202362735703	1202362739759
12	1202362743199	1202362747442
12	1202363089149	1202363091316
12	1202363092743	1202363094573
12	1202363108304	1202363116519
12	1202363205700	1202363208126
12	1202363421268	1202363423772
12	1202363434720	1202363440316
12	1202363739265	1202363740406
12	1202363742431	1202363744531
12	1202363892784	1202363893939
12	1202363945155	1202363948535
12	1202363952482	1202363955451
12	1202364122281	1202364126478
12	1202364268739	1202364270593
12	1202364411640	1202364413872
12	1202364665812	1202364677642
12	1202364958146	1202364959280
12	1202364967625	1202364976677
12	1202365100114	1202365104756
12	1202365105644	1202365109690
12	1202365112452	1202365114608
12	1202365271540	1202365272693
12	1202365273839	1202365276261
12	1202365308891	1202365312892
12	1202365318590	1202365319798
12	1202366214136	1202366216515
12	1202366216651	1202366219351
12	1202366237565	1202366238240
12	1202366249589	1202366253233
12	1202366293132	1202366295789
12	1202366326529	1202366328561
12	1202366448656	1202366450494
12	1202366495603	1202366498881
12	1202366504316	1202366507607
12	1202366584371	1202366585821
12	1202366642194	1202366644515
12	1202366652333	1202366654424
12	1202366794455	1202366797103
12	1202366974513	1202366976319
12	1202366985518	1202366990934
12	1202366993390	1202366994604
12	1202367108762	1202367113269
12	1202367136688	1202367139460
12	1202367149232	1202367151382
12	1202367152105	1202367154220
12	1202367159491	1202367162910
12	1202367165356	1202367170201
12	1202367384807	1202367391790
12	1202367576428	1202367578613
12	1202367624722	1202367629479
12	1202367631758	1202367633958
12	1202367634179	1202367637204
12	1202367642681	1202367644819
12	1202367690611	1202367695310
12	1202367704916	1202367708646
12	1202367710193	1202367712295
12	1202367746241	1202367748398
12	1202367997516	1202367999330
12	1202368001264	1202368009919
12	1202368010305	1202368011571
12	1202368011906	1202368013951
12	1202368030945	1202368042537
12	1202368142874	1202368147318
12	1202368147440	1202368156298
12	1202368169276	1202368173800
12	1202368179492	1202368180702
12	1202368181371	1202368185660
12	1202368200393	1202368204948
12	1202368216392	1202368220985
12	1202368252544	1202368261557
12	1202368310958	1202368313124
12	1202368380198	1202368383984
12	1202368388120	1202368390429
12	1202368403816	1202368406617
12	1202368407111	1202368409673
12	1202368417912	1202368420112
12	1202368420628	1202368423685
12	1202368728396	1202368736221
12	1202368736382	1202368743298
12	1202368750296	1202368751498
12	1202368755560	1202368760493
12	1202368774202	1202368779556
12	1202368868602	1202368874205
12	1202368898665	1202368901226
12	1202368903688	1202368907185
12	1202368979773	1202368981651
12	1202369053920	1202369055696
12	1202369080927	1202369085443
12	1202369086391	1202369093981
12	1202369095930	1202369104608
12	1202369106159	1202369108863
12	1202369114159	1202369119740
12	1202369158603	1202369159778
12	1202369160127	1202369162354
12	1202369167376	1202369170682
12	1202369173898	1202369175313
12	1202369221953	1202369228238
12	1202369230740	1202369233978
12	1202369249566	1202369250756
12	1202369259240	1202369259562
12	1202369267984	1202369270113
12	1202369290493	1202369295776
12	1202369296125	1202369301999
12	1202369305856	1202369310847
12	1202369318280	1202369330157
12	1202369330600	1202369332757
12	1202369340848	1202369348355
12	1202369371124	1202369373769
12	1202369385946	1202369387292
12	1202374961156	1202374967788
12	1202374972955	1202374980752
12	1202375019647	1202375023673
12	1202375133981	1202375139784
12	1202375149452	1202375154296
12	1202375180377	1202375184298
12	1202375257153	1202375259480
12	1202375260100	1202375263966
12	1202375346662	1202375348723
12	1202375419968	1202375425221
12	1202375489861	1202375493513
12	1202375531589	1202375542278
12	1202375580654	1202375582472
12	1202375649970	1202375652521
12	1202375697660	1202375699888
12	1202375713372	1202375718224
12	1202375719355	1202375729526
12	1202375737712	1202375744871
12	1202375752660	1202375756883
12	1202375777318	1202375785845
12	1202377438360	1202377440432
12	1202392245884	1202392253102
12	1202392325446	1202392329185
12	1202392428746	1202392430692
12	1202392444569	1202392447303
12	1202392455807	1202392462432
12	1202392860630	1202392865330
12	1202392874218	1202392879145
12	1202392901890	1202392906553
12	1202392914983	1202392923554
12	1202392954222	1202392956248
12	1202392956993	1202392959165
12	1202392961934	1202392969794
12	1202393005643	1202393016507
12	1202393081709	1202393089911
12	1202393147442	1202393152290
12	1202393176446	1202393180688
12	1202393207770	1202393208986
12	1202393213310	1202393215718
12	1202393226423	1202393228438
12	1202393305885	1202393307799
12	1202393455255	1202393457569
12	1202393457696	1202393459864
12	1202393501574	1202393503252
12	1202393650332	1202393652383
12	1202393665474	1202393667708
12	1202393668403	1202393670553
12	1202393697919	1202393699758
12	1202393703435	1202393705867
12	1202393802182	1202393806576
12	1202393806924	1202393808589
12	1202393816532	1202393820999
12	1202393862570	1202393868393
12	1202393897369	1202393906534
12	1202393935133	1202393937120
12	1202394124414	1202394131394
12	1202394157915	1202394163416
12	1202394170922	1202394180171
12	1202394185880	1202394188389
12	1202394190390	1202394192643
12	1202394213877	1202394216609
12	1202394218292	1202394221377
12	1202394222660	1202394224927
12	1202394226925	1202394232437
12	1202394233986	1202394236448
12	1202394238407	1202394246164
12	1202394262742	1202394263962
12	1202394264502	1202394268141
12	1202394276468	1202394281693
12	1202394291997	1202394294128
12	1202394294830	1202394300209
12	1202394314169	1202394320349
12	1202394321111	1202394324735
12	1202394380394	1202394382309
12	1202394386833	1202394389635
12	1202394390915	1202394396290
12	1202394404452	1202394412416
12	1202394418837	1202394423185
12	1202394423545	1202394426566
12	1202394427195	1202394439843
12	1202394444709	1202394451101
12	1202394461231	1202394465808
12	1202394471232	1202394477918
12	1202394489231	1202394490424
12	1202394509759	1202394512140
12	1202394514522	1202394516901
12	1202394520739	1202394556711
12	1202394560118	1202394561989
12	1202394562203	1202394564362
12	1202394568661	1202394571288
12	1202394578705	1202394580648
12	1202394641551	1202394642710
12	1202394662556	1202394666703
12	1202394705161	1202394713685
12	1202394753113	1202394757681
12	1202394758536	1202394761142
12	1202394787210	1202394789737
12	1202394789864	1202394792969
12	1202394803375	1202394805452
12	1202394806988	1202394813318
12	1202394814200	1202394815418
12	1202394831327	1202394831590
12	1202394848498	1202394850710
12	1202394875166	1202394880344
12	1202394889694	1202394892155
12	1202394920703	1202394924458
12	1202394928373	1202394929913
12	1202394930813	1202394941818
12	1202394949838	1202394954389
12	1202394957237	1202394967137
12	1202394972176	1202394981567
12	1202394987815	1202395001611
12	1202395002197	1202395005452
12	1202395009830	1202395011892
12	1202395021736	1202395025909
12	1202395026441	1202395028668
12	1202395028804	1202395033755
12	1202395046952	1202395052680
12	1202395055508	1202395061954
12	1202395088851	1202395094336
12	1202395099303	1202395107295
12	1202395126635	1202395131289
12	1202395133299	1202395135693
12	1202395153971	1202395156551
12	1202395162558	1202395166311
12	1202395205739	1202395206945
12	1202395207819	1202395211293
12	1202395231816	1202395234275
12	1202395235880	1202395237905
12	1202395238172	1202395239880
12	1202395240660	1202395243978
12	1202395247920	1202395250351
12	1202395252323	1202395254642
12	1202395265439	1202395268569
12	1202395272223	1202395274467
12	1202395275675	1202395277925
12	1202395312678	1202395319489
12	1202395319859	1202395322585
12	1202395323777	1202395327687
12	1202395346290	1202395352973
12	1202395365773	1202395367544
12	1202395384200	1202395388885
12	1202395410593	1202395413107
12	1202395420666	1202395425611
12	1202395427478	1202395436445
12	1202395450569	1202395450974
12	1202395452509	1202395453749
12	1202421169950	1202421173252
13	1202340301635	1202340303689
13	1202340313574	1202340315689
13	1202341397529	1202341399864
13	1202341403310	1202341405719
13	1202349699868	1202349701739
13	1202353991552	1202353995609
13	1202353995754	1202354000680
13	1202361690367	1202361692527
13	1202361695873	1202361699531
13	1202369372269	1202369375593
13	1202369383748	1202369387451
13	1202392967216	1202392969408
13	1202392970102	1202392971348
13	1202392976527	1202392978831
13	1202392979573	1202392980817
13	1202392982141	1202392989211
13	1202393005501	1202393005761
13	1202393014478	1202393019637
13	1202393020458	1202393023969
13	1202393024944	1202393029823
13	1202393033489	1202393033510
13	1202393037424	1202393040153
13	1202393043458	1202393045479
13	1202393052568	1202393056534
13	1202393061111	1202393066565
13	1202393070694	1202393083677
13	1202409692820	1202409696700
14	1202353448910	1202353456370
14	1202353466595	1202353467919
14	1202353520208	1202353524141
14	1202353529963	1202353532211
14	1202353534741	1202353541271
14	1202353542694	1202353547404
14	1202368040603	1202368049242
14	1202368049375	1202368052262
14	1202368086571	1202368090921
14	1202368094996	1202368099355
14	1202368105571	1202368113372
14	1202368116242	1202368118452
14	1202375866633	1202375867866
14	1202376852615	1202376855207
14	1202379953536	1202379955728
14	1202380278374	1202380280524
14	1202381691351	1202381693312
14	1202390449491	1202390452302
14	1202390611564	1202390616767
14	1202395817590	1202395819750
14	1202395839344	1202395841635
15	1202353448296	1202353456490
15	1202353520330	1202353522754
15	1202353534589	1202353537589
15	1202353543598	1202353548280
15	1202368039945	1202368046199
15	1202368087861	1202368089107
15	1202368106619	1202368114249
15	1202368115969	1202368119348
15	1202369686956	1202369688146
15	1202370339946	1202370341864
15	1202371024323	1202371026312
15	1202375866104	1202375868369
15	1202376828849	1202376830911
15	1202376852876	1202376855508
15	1202377079551	1202377082288
15	1202377096721	1202377100215
15	1202377102946	1202377104234
15	1202379355646	1202379357600
15	1202379525178	1202379527889
15	1202379953866	1202379957855
15	1202380277847	1202380280386
15	1202381221272	1202381222975
15	1202381408608	1202381410860
15	1202381558728	1202381560844
15	1202381609337	1202381611267
15	1202381691615	1202381694733
15	1202388830783	1202388833513
15	1202389075819	1202389076757
15	1202389658592	1202389661958
15	1202389700836	1202389704929
15	1202390449217	1202390452442
15	1202390603617	1202390607636
15	1202390609471	1202390616395
15	1202390726575	1202390727789
15	1202390738116	1202390740422
15	1202391687371	1202391689770
15	1202391700298	1202391701570
15	1202391701763	1202391704601
15	1202391966324	1202391971214
15	1202392464563	1202392467618
15	1202392475124	1202392478943
15	1202394058256	1202394060491
15	1202394277175	1202394279605
15	1202394356757	1202394358671
15	1202394364997	1202394367449
15	1202394446236	1202394448435
15	1202395817194	1202395820287
15	1202395839208	1202395842166
16	1202346465393	1202346468940
16	1202353447160	1202353450454
16	1202353544790	1202353548893
16	1202368038599	1202368042105
16	1202368137119	1202368139266
16	1202370143346	1202370146690
16	1202370193551	1202370195260
16	1202376854140	1202376855330
16	1202377078520	1202377082649
16	1202377096920	1202377100857
16	1202379355652	1202379357478
16	1202380309474	1202380310871
16	1202380402604	1202380406122
16	1202386227517	1202386229636
16	1202386527410	1202386528860
16	1202386666584	1202386668649
16	1202389658294	1202389661390
16	1202390073579	1202390076945
16	1202390077954	1202390080681
16	1202390082976	1202390085406
16	1202390168844	1202390173460
16	1202390174180	1202390177779
16	1202390218413	1202390223215
16	1202390264570	1202390266607
16	1202390268200	1202390270768
16	1202390281786	1202390286673
16	1202390313520	1202390320478
16	1202390320721	1202390323804
16	1202390330528	1202390331830
16	1202390331964	1202390336338
16	1202390339954	1202390347377
16	1202390358790	1202390363594
16	1202390364168	1202390369631
16	1202390392187	1202390403585
16	1202390404462	1202390409885
16	1202390441864	1202390451774
16	1202390491120	1202390498846
16	1202390509513	1202390512729
16	1202390515520	1202390517478
16	1202390531787	1202390533659
16	1202390534701	1202390536926
16	1202390539985	1202390543229
16	1202390543369	1202390547748
16	1202390561951	1202390571137
16	1202390584246	1202390591496
16	1202390598547	1202390601252
16	1202390603383	1202390606428
16	1202390612239	1202390617866
16	1202390619955	1202390621902
16	1202390647333	1202390650153
16	1202390709128	1202390715739
16	1202390725177	1202390728253
16	1202390736645	1202390739945
16	1202390741910	1202390744472
16	1202390748175	1202390752148
16	1202390927550	1202390928758
16	1202390929246	1202390931548
16	1202390992752	1202390995910
16	1202390999468	1202391001811
16	1202391231597	1202391237465
16	1202391242168	1202391243448
16	1202391245884	1202391250398
16	1202391265876	1202391269618
16	1202391280615	1202391281891
16	1202391293236	1202391295286
16	1202391295918	1202391298476
16	1202391299182	1202391302492
16	1202391307171	1202391309279
16	1202391309948	1202391312332
16	1202391313749	1202391315787
16	1202391319160	1202391326789
16	1202391353910	1202391355157
16	1202391359383	1202391364350
16	1202391382163	1202391384283
16	1202391386196	1202391393461
16	1202391417964	1202391423138
16	1202391427964	1202391430172
16	1202391432315	1202391437534
16	1202391470126	1202391475415
16	1202391476937	1202391478906
16	1202391501575	1202391503353
16	1202391509993	1202391515167
16	1202391526868	1202391530260
16	1202391543737	1202391549215
16	1202391566424	1202391570724
16	1202391570858	1202391575489
16	1202391579204	1202391584923
16	1202391598723	1202391600964
16	1202391679302	1202391680549
16	1202391685249	1202391689901
16	1202391716784	1202391720320
16	1202391735183	1202391737327
16	1202391745165	1202391747135
16	1202391759963	1202391765736
16	1202391766117	1202391771683
16	1202391816412	1202391818588
16	1202391876658	1202391880639
16	1202391890130	1202391892732
16	1202391914235	1202391918999
16	1202391968187	1202391973659
16	1202391974649	1202391979545
16	1202392002530	1202392003796
16	1202392009290	1202392017621
16	1202392020419	1202392025164
16	1202392166405	1202392167610
16	1202392167742	1202392169985
16	1202392176561	1202392179101
16	1202392387565	1202392393421
16	1202392475396	1202392479817
16	1202394357189	1202394358392
16	1202395520832	1202395522998
16	1202395600265	1202395602263
16	1202395816809	1202395818773
16	1202401521626	1202401524690
16	1202401536183	1202401540199
16	1202401541173	1202401543349
16	1202404421211	1202404424246
16	1202407224347	1202407226465
16	1202420731211	1202420733177
16	1202421234427	1202421236549
16	1202423671901	1202423673658
17	1202340246242	1202340250350
17	1202341362690	1202341364568
17	1202341364846	1202341367668
17	1202341460628	1202341465310
17	1202341467472	1202341469696
17	1202342613887	1202342617217
17	1202342632617	1202342636118
17	1202342640286	1202342642603
17	1202346465668	1202346469768
17	1202346507200	1202346508408
17	1202352355820	1202352358237
17	1202352461788	1202352461964
17	1202352479721	1202352483886
17	1202353446624	1202353449446
17	1202353546705	1202353548692
17	1202353967700	1202353970816
17	1202353989241	1202353992890
17	1202354000808	1202354004835
17	1202354515926	1202354517995
17	1202354654312	1202354656641
17	1202361311904	1202361314509
17	1202361699967	1202361703192
17	1202368038133	1202368040903
17	1202368137234	1202368141192
17	1202368217550	1202368221115
17	1202368237733	1202368241608
17	1202368250406	1202368251675
17	1202368439198	1202368441391
17	1202368726148	1202368728200
17	1202368746124	1202368750564
17	1202368843411	1202368849994
17	1202368853574	1202368860570
17	1202368885234	1202368888434
17	1202369346335	1202369348894
17	1202369363612	1202369367635
17	1202369386486	1202369389998
17	1202370142883	1202370147390
17	1202370192931	1202370197500
17	1202370222455	1202370230343
17	1202370234787	1202370243654
17	1202370247724	1202370253615
17	1202374887102	1202374890986
17	1202374965620	1202374969305
17	1202374972440	1202374973386
17	1202375780874	1202375784394
17	1202377444892	1202377447160
17	1202385729997	1202385735136
17	1202385740195	1202385742416
17	1202385750566	1202385756814
17	1202385894618	1202385896808
17	1202385901800	1202385904540
17	1202385938917	1202385940227
17	1202385955558	1202385957276
17	1202386050121	1202386052377
17	1202386204953	1202386207733
17	1202386267692	1202386271378
17	1202386282253	1202386285247
17	1202386289259	1202386294597
17	1202386526766	1202386530237
17	1202386666231	1202386669745
17	1202390045225	1202390049986
17	1202390069994	1202390071473
17	1202390072794	1202390075285
17	1202390521594	1202390525540
17	1202390624416	1202390626527
17	1202390643576	1202390647915
17	1202391477602	1202391478779
17	1202391810274	1202391812784
17	1202391817968	1202391821286
17	1202391908931	1202391913201
17	1202392037710	1202392041133
17	1202392052435	1202392056878
17	1202392073558	1202392078582
17	1202392244342	1202392247611
17	1202392386546	1202392388473
17	1202392394659	1202392396912
17	1202392457908	1202392461979
17	1202392481929	1202392489797
17	1202392493333	1202392495510
17	1202392858838	1202392862759
17	1202392877765	1202392880206
17	1202392881883	1202392884127
17	1202392884841	1202392887653
17	1202392901372	1202392902612
17	1202392943664	1202392948147
17	1202394128210	1202394130304
17	1202394924132	1202394927323
17	1202395456726	1202395460881
17	1202395521112	1202395524180
17	1202395600100	1202395602381
17	1202400135395	1202400137704
17	1202401140677	1202401143311
17	1202401145114	1202401152397
17	1202401158156	1202401162274
17	1202401162736	1202401167878
17	1202401168964	1202401173636
17	1202401216435	1202401217829
17	1202401377282	1202401379207
17	1202401406534	1202401411172
17	1202401413518	1202401418807
17	1202401423751	1202401429242
17	1202401431965	1202401439534
17	1202401441813	1202401445897
17	1202401448839	1202401456156
17	1202401462632	1202401465621
17	1202401482601	1202401485213
17	1202401485511	1202401487667
17	1202401519626	1202401521874
17	1202401525200	1202401527443
17	1202401535641	1202401540325
17	1202401540997	1202401549679
17	1202401583475	1202401587272
17	1202401604989	1202401606305
17	1202401616758	1202401620745
17	1202401624897	1202401629199
17	1202404421300	1202404424513
17	1202404522696	1202404524732
17	1202407224306	1202407227675
17	1202407276584	1202407278688
17	1202417601803	1202417605502
17	1202420408431	1202420411290
17	1202420413684	1202420416136
17	1202420423516	1202420425573
17	1202420429625	1202420432403
17	1202420730935	1202420734409
17	1202420774961	1202420777227
17	1202420806845	1202420813708
17	1202420838362	1202420842891
17	1202420859246	1202420861280
17	1202420865932	1202420869616
17	1202420887598	1202420889562
17	1202420890141	1202420892407
17	1202420900908	1202420909764
17	1202420948510	1202420949862
17	1202420954258	1202420958221
17	1202420999506	1202421006621
17	1202421017300	1202421019551
17	1202421030223	1202421034963
17	1202421038433	1202421041113
17	1202421066100	1202421068430
17	1202421082812	1202421092284
17	1202421093298	1202421097126
17	1202421099404	1202421100768
17	1202421111130	1202421113352
17	1202421232928	1202421239364
17	1202421249481	1202421253323
17	1202421253444	1202421258343
17	1202421308521	1202421312100
17	1202423665564	1202423668136
17	1202423671176	1202423675150
17	1202423733408	1202423735676
18	1202340299966	1202340302662
18	1202341362428	1202341366139
18	1202341395567	1202341397182
18	1202341461314	1202341462477
18	1202341465811	1202341471338
18	1202342614408	1202342617573
18	1202342640868	1202342647377
18	1202344337196	1202344339437
18	1202346506953	1202346511763
18	1202352354486	1202352357881
18	1202352458107	1202352464649
18	1202352480343	1202352484250
18	1202353963465	1202353971947
18	1202353988870	1202353993460
18	1202353999139	1202354005101
18	1202354008239	1202354010498
18	1202354032753	1202354034900
18	1202354036306	1202354045181
18	1202354058302	1202354066186
18	1202354473353	1202354475371
18	1202354480722	1202354483960
18	1202354484395	1202354486496
18	1202354516228	1202354519939
18	1202354649668	1202354661329
18	1202354664763	1202354666640
18	1202356450872	1202356453182
18	1202356485215	1202356488869
18	1202361001950	1202361005734
18	1202361007899	1202361013115
18	1202361013579	1202361015735
18	1202361023642	1202361025774
18	1202361032592	1202361039996
18	1202361040989	1202361046645
18	1202361050755	1202361055769
18	1202361069653	1202361071744
18	1202361074728	1202361076643
18	1202361139983	1202361143611
18	1202361143701	1202361149280
18	1202361154505	1202361158168
18	1202361160989	1202361162217
18	1202361171422	1202361174936
18	1202361182704	1202361185483
18	1202361249990	1202361254806
18	1202361260606	1202361264545
18	1202361311978	1202361315775
18	1202361670437	1202361673921
18	1202361699351	1202361702654
18	1202361728160	1202361731957
18	1202364669223	1202364670356
18	1202364971422	1202364975275
18	1202365099276	1202365102728
18	1202368037521	1202368039168
18	1202368166390	1202368170132
18	1202368217220	1202368220729
18	1202368250266	1202368253503
18	1202368437771	1202368441605
18	1202368726307	1202368730980
18	1202368746352	1202368750779
18	1202368752150	1202368754620
18	1202368755338	1202368757934
18	1202368761963	1202368762899
18	1202368843282	1202368845908
18	1202368865452	1202368866684
18	1202368882824	1202368887876
18	1202369319218	1202369321128
18	1202369344974	1202369349554
18	1202369385996	1202369389786
18	1202370224250	1202370228136
18	1202374959954	1202374963668
18	1202374972202	1202374975986
18	1202375780600	1202375784527
18	1202377436133	1202377439384
18	1202377442639	1202377447276
18	1202392457626	1202392461840
18	1202392488713	1202392489919
18	1202392491729	1202392494213
18	1202392504504	1202392506512
18	1202392859117	1202392863560
18	1202392876334	1202392880321
18	1202392901244	1202392904710
18	1202392963806	1202392966868
18	1202392998984	1202393001302
18	1202393209416	1202393213628
18	1202394127372	1202394130928
18	1202394542232	1202394545560
18	1202394954778	1202394956860
18	1202395445479	1202395449791
18	1202401143711	1202401145410
18	1202401623616	1202401628237
18	1202409694513	1202409700673
18	1202409708544	1202409710658
18	1202409718567	1202409726411
18	1202409835318	1202409837912
18	1202409838376	1202409839581
18	1202410559257	1202410561273
18	1202410666499	1202410668452
18	1202411000657	1202411002425
18	1202411004929	1202411007166
18	1202411070984	1202411073186
18	1202411454406	1202411455542
18	1202411461973	1202411464672
18	1202411495328	1202411497446
18	1202412101410	1202412103434
18	1202412130580	1202412132273
18	1202412142253	1202412144431
18	1202412488231	1202412490277
18	1202412663169	1202412665384
18	1202412676105	1202412678197
18	1202414243228	1202414245289
18	1202414634416	1202414636232
18	1202414646678	1202414648540
18	1202415918899	1202415921586
18	1202415921698	1202415923538
18	1202415948286	1202415950533
18	1202415951557	1202415954964
18	1202415982598	1202415984685
18	1202416287896	1202416290516
18	1202416299611	1202416301204
18	1202416328499	1202416330786
18	1202416680894	1202416682654
18	1202416688727	1202416690665
18	1202416702453	1202416704684
18	1202416711650	1202416714737
18	1202416786354	1202416788298
18	1202416798309	1202416800213
18	1202416817324	1202416818846
18	1202416881570	1202416883486
18	1202417095151	1202417097288
18	1202417254306	1202417256310
18	1202417511739	1202417515583
18	1202417515707	1202417519894
18	1202417521991	1202417524243
18	1202417526702	1202417531816
18	1202417537525	1202417539840
18	1202417539978	1202417542348
18	1202417561579	1202417563399
18	1202417572986	1202417574356
18	1202417580373	1202417582549
18	1202417584701	1202417586955
18	1202417587393	1202417589644
18	1202417601395	1202417605852
18	1202420813745	1202420816755
18	1202420857306	1202420858472
18	1202420858882	1202420861413
18	1202421018891	1202421021658
18	1202421037349	1202421040843
18	1202421056696	1202421060248
18	1202421066737	1202421069420
18	1202421101823	1202421103320
18	1202421256266	1202421258217
19	1202390067609	1202390071857
20	1202368118172	1202368122868
20	1202368125801	1202368135774
20	1202390067253	1202390075838
21	1202368117247	1202368120361
21	1202368133462	1202368137480
21	1202390065783	1202390068965
21	1202390073856	1202390078832
22	1202368134770	1202368137404
22	1202380310619	1202380312723
22	1202381609951	1202381613349
22	1202381690420	1202381694606
22	1202390065576	1202390067887
22	1202390075703	1202390078698
22	1202390109501	1202390111525
22	1202390450958	1202390452982
22	1202392177730	1202392179736
23	1202371025632	1202371027772
23	1202375864623	1202375867650
23	1202376827355	1202376830662
23	1202376854738	1202376858780
23	1202377101727	1202377104252
23	1202379955280	1202379957694
23	1202380276245	1202380279683
23	1202380401620	1202380404998
23	1202381409563	1202381411628
23	1202386206809	1202386209186
23	1202386225827	1202386227878
23	1202390083652	1202390088797
23	1202390107737	1202390116191
23	1202390318457	1202390322595
23	1202390396401	1202390400818
23	1202390451462	1202390453496
23	1202390455980	1202390469980
23	1202390470665	1202390473265
23	1202390476155	1202390478144
23	1202390496222	1202390496700
23	1202390507679	1202390513526
23	1202390524762	1202390528761
23	1202390530311	1202390535355
23	1202390567497	1202390570553
23	1202390603228	1202390610191
23	1202390713746	1202390720669
23	1202390724871	1202390726215
23	1202390864529	1202390871669
23	1202390873649	1202390881263
23	1202390882766	1202390887965
23	1202390888908	1202390893135
23	1202390897989	1202390909255
23	1202390910277	1202390924934
23	1202390979406	1202390984677
23	1202390994164	1202391000447
23	1202391001939	1202391008852
23	1202391018721	1202391024249
23	1202391025445	1202391030378
23	1202391030810	1202391035590
23	1202391037172	1202391044199
23	1202391072620	1202391081621
23	1202391084608	1202391086917
23	1202391088467	1202391090795
23	1202391091980	1202391095463
23	1202391097837	1202391105370
23	1202391108259	1202391115365
23	1202391116308	1202391123408
23	1202391126850	1202391129509
23	1202391131643	1202391143196
23	1202391145279	1202391160149
23	1202391175717	1202391182239
23	1202391183292	1202391186681
23	1202391189196	1202391194843
23	1202391197740	1202391207933
23	1202391210747	1202391216386
23	1202391219224	1202391221490
23	1202391222285	1202391225892
23	1202391226813	1202391228782
23	1202391231459	1202391235594
23	1202391263444	1202391267898
23	1202391497209	1202391499501
23	1202391615704	1202391618431
23	1202391691411	1202391696195
23	1202391749156	1202391751662
23	1202391765867	1202391771412
23	1202391783350	1202391787462
23	1202391787766	1202391790266
23	1202391912462	1202391917654
23	1202391951465	1202391958724
23	1202392022643	1202392026554
23	1202392055723	1202392060727
23	1202392088585	1202392090840
23	1202392097542	1202392100975
23	1202392101535	1202392105374
23	1202392164689	1202392168693
23	1202392178930	1202392179896
23	1202392242657	1202392246698
23	1202394275909	1202394277732
23	1202394363581	1202394366860
24	1202342633640	1202342637262
24	1202346466914	1202346470568
24	1202352356709	1202352359542
24	1202353973819	1202353976428
24	1202354487430	1202354492645
24	1202354513620	1202354518132
24	1202361701374	1202361703673
24	1202368154675	1202368158278
24	1202368165114	1202368167466
24	1202368235752	1202368237600
24	1202368886338	1202368890114
24	1202369624194	1202369625367
24	1202369688930	1202369691530
24	1202370142234	1202370145637
24	1202370337482	1202370339716
24	1202371027595	1202371029459
24	1202374888274	1202374890356
24	1202374900545	1202374903501
24	1202374966703	1202374970698
24	1202376827408	1202376828634
24	1202376856271	1202376858908
24	1202377053403	1202377055703
24	1202377055827	1202377057229
24	1202377075245	1202377080672
24	1202379356978	1202379359572
24	1202379523350	1202379525151
24	1202379957284	1202379959284
24	1202386527759	1202386529886
24	1202386665128	1202386668379
24	1202388832230	1202388835111
24	1202389656182	1202389659273
24	1202389702652	1202389705655
24	1202390030626	1202390033227
24	1202390040769	1202390046269
24	1202390091287	1202390094440
24	1202390104930	1202390108356
24	1202390114321	1202390119274
24	1202390133213	1202390137776
24	1202390140935	1202390155904
24	1202390167788	1202390177899
24	1202390207213	1202390208433
24	1202390208565	1202390212327
24	1202390232346	1202390234501
24	1202390234629	1202390235845
24	1202390237454	1202390241373
24	1202390243381	1202390252358
24	1202390272423	1202390280711
24	1202390282320	1202390295475
24	1202390306825	1202390310776
24	1202390310976	1202390316759
24	1202390316883	1202390319817
24	1202390322981	1202390328549
24	1202390328863	1202390336499
24	1202390353290	1202390372648
24	1202390382528	1202390384847
24	1202390386376	1202390389183
24	1202390405247	1202390406758
24	1202390408515	1202390409752
24	1202390437391	1202390442630
24	1202390454992	1202390458493
24	1202390571745	1202390574741
24	1202390579128	1202390582704
24	1202390619829	1202390621107
24	1202390626387	1202390630552
24	1202391851221	1202391853426
24	1202392012805	1202392016977
24	1202392023807	1202392029642
24	1202392031224	1202392034825
24	1202392039900	1202392045248
24	1202392048101	1202392052716
24	1202392065582	1202392069747
24	1202392079638	1202392086127
24	1202392140708	1202392144251
24	1202392462571	1202392465490
24	1202392856187	1202392860414
24	1202392887180	1202392891680
24	1202394060226	1202394063863
24	1202394358942	1202394361591
24	1202394448860	1202394451429
24	1202395458741	1202395461526
24	1202395522379	1202395524610
24	1202395598924	1202395602148
24	1202395815112	1202395818538
24	1202395841929	1202395843974
24	1202395880786	1202395884114
24	1202400134307	1202400136761
24	1202401138383	1202401141131
24	1202401533595	1202401537499
24	1202404422781	1202404424678
24	1202404521627	1202404524554
24	1202407224926	1202407228307
24	1202407275373	1202407277453
24	1202420732740	1202420740822
24	1202420747355	1202420749356
24	1202420762602	1202420766884
24	1202420950157	1202420954691
24	1202421004683	1202421008536
24	1202421311382	1202421315887
24	1202423669916	1202423673146
25	1202340248324	1202340252407
25	1202341361264	1202341364694
25	1202341366344	1202341369147
25	1202342588412	1202342591750
25	1202342612473	1202342616673
25	1202342638724	1202342640988
25	1202346467272	1202346469142
25	1202346505909	1202346509691
25	1202352356580	1202352360346
25	1202352456261	1202352460433
25	1202352463993	1202352466857
25	1202352477412	1202352481608
25	1202353968828	1202353976289
25	1202353976563	1202353978985
25	1202354485868	1202354491314
25	1202354513844	1202354517691
25	1202361306625	1202361309747
25	1202361667923	1202361671677
25	1202361726310	1202361729676
25	1202364972829	1202364976882
25	1202368164530	1202368168296
25	1202368219177	1202368222459
25	1202368234986	1202368237357
25	1202368239358	1202368242910
25	1202368248846	1202368250973
25	1202368439499	1202368443631
25	1202368724462	1202368727970
25	1202368744130	1202368748328
25	1202368886671	1202368889456
25	1202369347635	1202369350694
25	1202369362266	1202369365880
25	1202369387950	1202369391791
25	1202370141932	1202370144375
25	1202370190519	1202370194713
25	1202370251348	1202370255965
25	1202374889478	1202374892408
25	1202374958230	1202374961616
25	1202374970564	1202374974685
25	1202375782273	1202375786618
25	1202377111845	1202377126723
25	1202377445585	1202377447560
25	1202385603274	1202385607498
25	1202385726828	1202385729858
25	1202385782908	1202385787420
25	1202385891741	1202385894341
25	1202385912143	1202385916329
25	1202385951206	1202385953920
25	1202386277924	1202386282182
25	1202386294165	1202386296391
25	1202386528464	1202386531227
25	1202390014979	1202390017129
25	1202390039885	1202390043859
25	1202390573605	1202390576965
25	1202390577507	1202390581128
25	1202390621764	1202390625740
25	1202392128221	1202392130164
25	1202392394920	1202392399598
25	1202392459227	1202392465541
25	1202392646468	1202392648313
25	1202392888252	1202392889241
25	1202392899924	1202392903804
25	1202392923727	1202392927629
25	1202392939393	1202392945777
25	1202394128682	1202394132328
25	1202395458386	1202395464533
25	1202395523658	1202395526318
25	1202395842884	1202395844915
25	1202396006265	1202396008850
25	1202396011306	1202396014860
25	1202400133708	1202400137804
25	1202401527571	1202401531219
25	1202401533764	1202401536983
25	1202401584806	1202401588166
25	1202401603257	1202401606769
25	1202401631687	1202401635374
25	1202407275776	1202407276996
25	1202415718405	1202415721517
25	1202415791370	1202415795493
25	1202420405455	1202420409420
25	1202420426651	1202420431792
25	1202420737238	1202420740963
25	1202420746202	1202420750601
25	1202420770797	1202420775547
25	1202421008812	1202421012540
25	1202421057916	1202421062699
25	1202421101147	1202421105875
25	1202421106875	1202421110869
25	1202421312215	1202421314154
25	1202421316554	1202421321448
25	1202423735268	1202423740930
25	1202423754701	1202423756847
25	1202423772153	1202423772283
25	1202423779719	1202423783731
26	1202353977473	1202353984799
26	1202361193796	1202361198391
26	1202361215698	1202361216915
26	1202361218776	1202361226683
26	1202361228864	1202361242935
26	1202361245629	1202361248434
26	1202376364964	1202376367874
26	1202376734501	1202376736418
26	1202376889971	1202376894458
26	1202377026303	1202377028453
26	1202377088332	1202377092951
26	1202377093449	1202377098152
26	1202377133604	1202377135576
26	1202377141441	1202377143379
26	1202377231162	1202377232995
26	1202377321210	1202377322911
26	1202377325332	1202377327147
26	1202377374930	1202377376210
26	1202377384741	1202377386766
26	1202377389293	1202377391647
26	1202377394667	1202377398766
26	1202377400840	1202377403945
26	1202377404254	1202377406276
26	1202377409770	1202377413991
26	1202377426108	1202377428847
26	1202377432252	1202377436873
26	1202377447444	1202377449702
26	1202377453859	1202377459867
26	1202377463251	1202377465580
26	1202377557498	1202377559719
26	1202377870975	1202377872921
26	1202378239146	1202378241289
26	1202378779451	1202378781385
26	1202378783218	1202378784245
26	1202378784975	1202378787590
26	1202380116785	1202380125811
26	1202380126117	1202380129148
26	1202380166953	1202380171180
26	1202380177672	1202380179754
26	1202380222237	1202380225723
26	1202380239918	1202380244263
26	1202380325547	1202380328106
26	1202380328309	1202380330561
26	1202380766384	1202380767545
26	1202380769556	1202380772357
26	1202380894824	1202380899688
26	1202380910822	1202380912251
26	1202380919548	1202380926450
26	1202380929125	1202380930358
26	1202380931790	1202380934265
26	1202380961413	1202380963973
26	1202380976713	1202380979690
26	1202381008903	1202381014409
26	1202381143434	1202381146453
26	1202381574263	1202381579282
26	1202382299694	1202382301990
26	1202383747232	1202383749843
26	1202384435919	1202384437892
26	1202384631917	1202384634124
26	1202384634365	1202384639450
26	1202384639693	1202384643667
26	1202384643794	1202384646355
26	1202384671274	1202384675761
26	1202384789610	1202384791998
26	1202384792419	1202384797687
26	1202384801392	1202384803456
26	1202384810720	1202384813580
26	1202384814462	1202384815721
26	1202384815961	1202384817903
26	1202384968188	1202384970588
26	1202385110631	1202385113653
26	1202385396409	1202385400595
26	1202385535473	1202385537495
26	1202385605146	1202385608475
26	1202385646976	1202385651130
26	1202385660744	1202385662582
26	1202385678517	1202385680540
26	1202385704823	1202385709386
26	1202385717996	1202385719228
26	1202385725132	1202385727233
26	1202386471984	1202386474470
26	1202386703253	1202386705311
26	1202386742730	1202386746897
26	1202386888640	1202386890994
26	1202387039548	1202387043269
26	1202387044217	1202387048941
26	1202387049973	1202387051960
26	1202387201919	1202387207201
26	1202387230779	1202387233202
26	1202387260988	1202387264150
26	1202387695609	1202387697601
26	1202387894732	1202387896743
26	1202388130674	1202388134722
26	1202388769178	1202388773713
26	1202388774148	1202388776812
26	1202388779337	1202388781747
26	1202388903799	1202388906789
26	1202388909852	1202388911110
26	1202389177159	1202389181727
26	1202390018737	1202390021261
26	1202390038659	1202390040609
26	1202390224901	1202390226463
26	1202390233837	1202390238558
26	1202390622178	1202390624138
26	1202390776714	1202390783542
26	1202391428976	1202391434658
26	1202391440648	1202391444930
26	1202391445707	1202391452514
26	1202391601420	1202391605690
26	1202391606463	1202391610324
26	1202391614131	1202391617865
26	1202391619214	1202391620260
26	1202391623381	1202391625424
26	1202391626507	1202391631774
26	1202391637972	1202391642808
26	1202391650455	1202391652863
26	1202391906588	1202391909176
26	1202392364572	1202392368987
26	1202392387958	1202392390466
26	1202392457488	1202392465330
26	1202392648447	1202392657973
26	1202392666393	1202392668359
26	1202392668747	1202392671940
26	1202392684640	1202392686939
26	1202392709806	1202392711101
26	1202392828246	1202392830210
26	1202392910930	1202392917747
26	1202392917878	1202392921245
26	1202395597652	1202395599700
26	1202395600639	1202395602728
26	1202395682129	1202395684537
26	1202395709761	1202395712465
26	1202395811172	1202395815600
26	1202395844406	1202395846917
26	1202395852296	1202395852503
26	1202395872105	1202395876974
26	1202395921592	1202395926219
26	1202395965716	1202395970404
26	1202396012146	1202396016784
26	1202409700412	1202409710362
26	1202412663441	1202412665953
26	1202412680601	1202412683135
26	1202412847392	1202412865379
26	1202413663773	1202413676102
26	1202415709114	1202415713231
26	1202415797725	1202415801694
26	1202415917903	1202415919983
26	1202420739634	1202420743235
27	1202380311526	1202380313716
27	1202380324323	1202380327513
27	1202380400682	1202380404400
27	1202381610649	1202381611797
27	1202381690936	1202381693530
27	1202386208600	1202386210975
27	1202386223914	1202386226465
27	1202392041400	1202392044324
27	1202392089385	1202392091184
27	1202392091341	1202392098292
27	1202392103318	1202392110583
27	1202392162361	1202392164431
27	1202392178427	1202392181880
27	1202392241573	1202392245483
28	1202380325183	1202380327981
28	1202380380830	1202380383624
28	1202392040861	1202392043557
28	1202392087471	1202392092336
28	1202392096556	1202392100168
28	1202392102544	1202392106600
28	1202392109430	1202392113936
28	1202392120843	1202392127340
29	1202354489283	1202354490850
29	1202371391402	1202371393911
29	1202371419284	1202371428108
29	1202371697780	1202371703914
29	1202371767898	1202371771391
29	1202376857374	1202376859365
29	1202380326627	1202380332474
29	1202380380640	1202380382532
29	1202390620455	1202390624827
29	1202390624963	1202390627786
29	1202392028690	1202392032528
29	1202392111273	1202392114725
29	1202392138173	1202392140148
29	1202392660391	1202392666190
29	1202392670657	1202392672982
29	1202392710974	1202392715932
30	1202340250102	1202340252216
30	1202340317818	1202340319346
30	1202341367845	1202341370514
30	1202341393653	1202341394952
30	1202342589947	1202342592190
30	1202342611903	1202342614270
30	1202342634708	1202342637686
30	1202342637828	1202342641656
30	1202346468260	1202346471632
30	1202346504930	1202346507619
30	1202352357163	1202352360405
30	1202352464882	1202352467377
30	1202354489187	1202354492317
30	1202361400525	1202361404251
30	1202361666862	1202361670690
30	1202361702415	1202361705293
30	1202361725937	1202361729424
30	1202364973640	1202364978776
30	1202365096797	1202365100276
30	1202368155827	1202368158533
30	1202368163780	1202368166198
30	1202368219617	1202368222585
30	1202368234176	1202368236524
30	1202368241834	1202368243579
30	1202368247821	1202368250700
30	1202368441231	1202368443764
30	1202368723102	1202368727243
30	1202368743274	1202368746840
30	1202368887458	1202368890336
30	1202369361208	1202369364968
30	1202370189633	1202370193781
30	1202370252429	1202370256921
30	1202371028327	1202371031170
30	1202371390954	1202371394613
30	1202371422406	1202371423678
30	1202371424217	1202371428244
30	1202371696812	1202371700396
30	1202371769436	1202371772836
30	1202374889731	1202374892690
30	1202374896809	1202374902698
30	1202374957299	1202374959207
30	1202374967925	1202374972768
30	1202375783150	1202375786755
30	1202375862516	1202375865278
30	1202376824865	1202376827701
30	1202376857248	1202376859918
30	1202376978897	1202376991666
30	1202376992787	1202376997319
30	1202377050481	1202377057173
30	1202377098916	1202377101552
30	1202377128485	1202377130628
30	1202377453600	1202377459643
30	1202379358844	1202379361142
30	1202379957373	1202379960511
30	1202380151282	1202380153738
30	1202380274291	1202380277546
30	1202380329783	1202380334220
30	1202380379340	1202380381306
30	1202381224630	1202381227958
30	1202381411480	1202381414666
30	1202381555948	1202381558492
30	1202385942298	1202385944554
30	1202385958471	1202385959278
30	1202386270884	1202386280802
30	1202386293897	1202386297188
30	1202386529109	1202386531843
30	1202386660616	1202386668887
30	1202387172971	1202387178869
30	1202388833245	1202388836622
30	1202388961830	1202388962653
30	1202389071428	1202389073361
30	1202389655217	1202389659137
30	1202389703844	1202389706714
30	1202390025225	1202390029468
30	1202390030436	1202390036561
30	1202390037269	1202390040478
30	1202392024896	1202392027383
30	1202392038845	1202392042444
30	1202392045520	1202392048889
30	1202392114863	1202392117255
30	1202392135534	1202392142114
30	1202392460309	1202392463665
30	1202392648738	1202392655264
30	1202392657435	1202392660671
30	1202392661456	1202392667787
30	1202392712616	1202392717816
30	1202392789848	1202392792336
30	1202392802601	1202392806582
30	1202392806857	1202392812446
30	1202392820450	1202392825838
30	1202392826793	1202392831998
30	1202392834460	1202392835753
30	1202392836191	1202392841351
30	1202392852197	1202392858410
30	1202392888951	1202392891985
30	1202392899200	1202392902163
30	1202394129542	1202394132636
30	1202394360105	1202394364101
30	1202394450223	1202394453513
30	1202394651421	1202394652262
30	1202394685428	1202394686892
30	1202395462888	1202395465243
30	1202395881748	1202395885519
30	1202401137417	1202401138988
30	1202401528586	1202401531339
30	1202401532131	1202401535769
30	1202404422737	1202404426277
30	1202404520885	1202404524248
30	1202407226222	1202407229668
30	1202407274332	1202407277730
30	1202415719597	1202415722799
30	1202415785363	1202415788946
30	1202415789876	1202415795607
30	1202420403893	1202420405119
30	1202421059101	1202421061884
31	1202340288558	1202340291325
31	1202340294313	1202340301418
31	1202340321761	1202340328323
31	1202341357880	1202341362224
31	1202352358269	1202352362435
31	1202352474445	1202352476452
31	1202361406288	1202361411112
31	1202361636571	1202361643815
31	1202364976604	1202364980765
31	1202365095111	1202365098215
31	1202368384413	1202368391210
31	1202368432407	1202368435625
31	1202368741580	1202368745646
31	1202368888630	1202368893203
31	1202368913160	1202368916449
31	1202368939356	1202368944122
31	1202368945673	1202368949133
31	1202369256552	1202369259424
31	1202369349335	1202369352896
31	1202369390131	1202369394898
31	1202369691652	1202369694538
31	1202370139796	1202370144116
31	1202370257331	1202370262451
31	1202370332809	1202370338518
31	1202371030634	1202371033378
31	1202372209362	1202372213783
31	1202373185699	1202373188689
31	1202373708779	1202373712704
31	1202374955707	1202374958770
31	1202375861272	1202375864896
31	1202376325454	1202376328369
31	1202376822971	1202376826826
31	1202376858550	1202376862463
31	1202377097942	1202377100374
31	1202377129331	1202377133138
31	1202377134304	1202377140337
31	1202377149475	1202377162241
31	1202377162616	1202377168946
31	1202377451259	1202377455601
31	1202377589653	1202377591818
31	1202377915766	1202377918391
31	1202378115959	1202378118706
31	1202379358854	1202379361676
31	1202379520528	1202379522965
31	1202379958548	1202379961713
31	1202380272715	1202380275406
31	1202380344441	1202380347401
31	1202380378596	1202380380950
31	1202381225866	1202381228279
31	1202381412666	1202381416895
31	1202381554361	1202381557363
31	1202382918519	1202382921595
31	1202385192710	1202385196708
31	1202385544801	1202385553219
31	1202385801201	1202385803210
31	1202385887369	1202385890683
31	1202385944115	1202385951921
31	1202385959696	1202385961484
31	1202385966857	1202385973800
31	1202386042957	1202386048624
31	1202386295207	1202386299353
31	1202386529613	1202386532699
31	1202386659612	1202386662993
31	1202387050950	1202387054658
31	1202387171859	1202387174395
31	1202388834475	1202388837252
31	1202389069891	1202389072188
31	1202389717264	1202389719381
31	1202390012187	1202390015367
31	1202390025734	1202390030877
31	1202390499134	1202390501209
31	1202390730771	1202390733270
31	1202391450718	1202391453533
31	1202391593484	1202391598602
31	1202392129485	1202392131449
31	1202392497144	1202392505830
31	1202392530105	1202392535268
31	1202392535605	1202392542412
31	1202392621246	1202392624278
31	1202392810644	1202392814815
31	1202392817653	1202392821429
31	1202394271724	1202394274421
31	1202394451601	1202394454521
31	1202394649709	1202394651622
31	1202394686599	1202394689353
31	1202395525460	1202395529396
31	1202395596502	1202395599308
31	1202395882608	1202395884775
31	1202395967192	1202395969967
31	1202396029814	1202396034145
31	1202396092189	1202396094869
31	1202396318874	1202396321234
31	1202400128629	1202400131799
31	1202401118222	1202401139973
31	1202401529233	1202401534299
31	1202401586740	1202401590971
31	1202401600613	1202401604137
31	1202401633613	1202401635511
31	1202401636485	1202401637778
31	1202401638280	1202401644659
31	1202404423463	1202404426411
31	1202404519713	1202404522110
31	1202407227431	1202407233595
31	1202407273517	1202407275852
31	1202415720352	1202415722989
31	1202415783667	1202415786735
31	1202420388851	1202420392125
31	1202420395919	1202420398928
31	1202420399429	1202420404439
31	1202420766290	1202420771436
31	1202421320334	1202421325115
31	1202423783331	1202423785343
32	1202340250760	1202340253716
32	1202340288367	1202340290535
32	1202340319245	1202340322553
32	1202341368873	1202341372427
32	1202342590162	1202342593380
32	1202342611101	1202342614692
32	1202342636522	1202342639906
32	1202346469503	1202346471838
32	1202346504348	1202346507735
32	1202352465761	1202352468688
32	1202354490248	1202354492189
32	1202354501853	1202354506205
32	1202361641558	1202361644443
32	1202361665826	1202361669463
32	1202361703321	1202361706835
32	1202361724374	1202361727697
32	1202364977523	1202364980172
32	1202368156555	1202368158710
32	1202368220601	1202368222713
32	1202368233213	1202368236167
32	1202368242722	1202368245714
32	1202368247122	1202368250838
32	1202368433237	1202368436715
32	1202368442431	1202368445730
32	1202368669712	1202368672203
32	1202368672345	1202368674485
32	1202368678602	1202368683352
32	1202368721731	1202368726466
32	1202368741209	1202368743780
32	1202368914965	1202368916686
32	1202368935710	1202368939510
32	1202368943557	1202368947324
32	1202369257867	1202369260690
32	1202369349671	1202369353161
32	1202369360520	1202369363942
32	1202370188901	1202370191167
32	1202370258237	1202370262937
32	1202370275654	1202370280774
32	1202370287401	1202370293849
32	1202371390494	1202371392722
32	1202371426909	1202371430177
32	1202371695867	1202371699772
32	1202371770114	1202371773616
32	1202372209111	1202372212471
32	1202373708470	1202373710612
32	1202374890481	1202374895832
32	1202374896337	1202374899770
32	1202375784662	1202375788314
32	1202376326618	1202376329452
32	1202376351180	1202376353855
32	1202376978477	1202376982974
32	1202377452560	1202377456133
32	1202377456871	1202377461273
32	1202377589359	1202377591935
32	1202377916556	1202377920189
32	1202378115776	1202378117333
32	1202380128872	1202380130815
32	1202380149766	1202380152914
32	1202382919309	1202382921243
32	1202385192101	1202385195289
32	1202385548587	1202385550877
32	1202385802914	1202385804196
32	1202386696324	1202386700790
32	1202387001413	1202387006987
32	1202387050358	1202387052869
32	1202387172830	1202387174901
32	1202387175681	1202387180611
32	1202387199617	1202387201663
32	1202389654434	1202389657790
32	1202389704671	1202389708340
32	1202389716680	1202389719666
32	1202391450464	1202391451650
32	1202392025853	1202392027762
32	1202392038325	1202392040247
32	1202392130430	1202392133115
32	1202392136110	1202392138570
32	1202392622840	1202392624329
32	1202392633589	1202392638880
32	1202392647776	1202392653665
32	1202392733690	1202392739171
32	1202392745712	1202392750715
32	1202392788649	1202392791284
32	1202392818105	1202392821780
32	1202392890140	1202392893362
32	1202392893584	1202392897788
32	1202392898425	1202392901116
32	1202394130430	1202394133985
32	1202395463485	1202395465514
32	1202395595701	1202395597905
32	1202395966385	1202395969499
32	1202396015498	1202396017724
32	1202396028541	1202396031785
32	1202396093878	1202396095277
33	1202380312450	1202380316102
33	1202380322994	1202380326317
33	1202380382282	1202380385138
33	1202380399517	1202380403670
33	1202381611418	1202381615873
33	1202381688869	1202381691893
33	1202386209344	1202386212233
33	1202386222611	1202386225423
33	1202392042604	1202392046439
33	1202392072376	1202392075990
33	1202392105563	1202392109241
33	1202392159853	1202392164893
33	1202392179442	1202392183138
33	1202392240318	1202392243301
34	1202380313430	1202380315980
34	1202380383121	1202380385833
34	1202381612275	1202381614699
34	1202381687887	1202381690623
34	1202386210636	1202386213195
34	1202386221178	1202386224339
34	1202392043175	1202392045927
34	1202392056315	1202392063362
34	1202392073705	1202392076758
34	1202392158487	1202392163503
34	1202392180281	1202392182970
34	1202392238884	1202392242100
36	1202380313256	1202380315236
37	1202380314980	1202380317280
37	1202380321825	1202380323871
37	1202380384963	1202380386733
37	1202380396939	1202380399880
37	1202381686977	1202381690291
37	1202392044971	1202392046143
37	1202392053988	1202392058760
37	1202392075872	1202392077823
37	1202392089849	1202392091850
37	1202392114584	1202392127501
37	1202392134446	1202392135798
37	1202392182609	1202392183275
37	1202392208915	1202392213274
37	1202392237652	1202392241708
