1	1205795851898	1205795856238
1	1205795873924	1205795877262
1	1205796827912	1205796831544
1	1205796860648	1205796865860
1	1205797172963	1205797175216
1	1205797456920	1205797458912
1	1205797875456	1205797877454
1	1205798039728	1205798042615
1	1205825598398	1205825600921
1	1205825602142	1205825606113
1	1205825610581	1205825618394
1	1205825618691	1205825620855
1	1205825625204	1205825627407
1	1205825630871	1205825632179
1	1205825633439	1205825641409
1	1205825693425	1205825696905
1	1205825700312	1205825702457
1	1205825760772	1205825762979
1	1205825820307	1205825825493
1	1205825829916	1205825835353
1	1205825839951	1205825842440
1	1205825858257	1205825860737
1	1205825863891	1205825868408
1	1205825872534	1205825874675
1	1205825891833	1205825898216
1	1205825898619	1205825901362
1	1205825971795	1205825973394
1	1205825981253	1205825985743
1	1205825985937	1205825991396
1	1205825991601	1205825996397
1	1205825998575	1205826001353
1	1205826003253	1205826008590
1	1205826030877	1205826036373
1	1205826063859	1205826068991
1	1205826074535	1205826077156
1	1205826082376	1205826084508
1	1205826086403	1205826092459
1	1205826094242	1205826099654
1	1205826105312	1205826111714
1	1205826115377	1205826120404
1	1205826132509	1205826135613
1	1205826143853	1205826148848
1	1205826164671	1205826169275
1	1205826178993	1205826184423
1	1205826187447	1205826191605
1	1205826200888	1205826206367
1	1205826223143	1205826225304
1	1205826226947	1205826231331
1	1205826231470	1205826232721
1	1205826233675	1205826236835
1	1205826240741	1205826244786
1	1205826257152	1205826259481
1	1205826266256	1205826269135
1	1205826308153	1205826313135
1	1205826314140	1205826316878
1	1205826336566	1205826341648
1	1205826427662	1205826434856
1	1205826465791	1205826467775
1	1205826568466	1205826573889
1	1205826577780	1205826583303
1	1205826592640	1205826596216
1	1205826601677	1205826608585
1	1205826629183	1205826631957
1	1205826646721	1205826648446
1	1205826710749	1205826719718
1	1205826722697	1205826726747
1	1205826735807	1205826746783
1	1205826783112	1205826787109
1	1205826793516	1205826799518
1	1205826800562	1205826804826
1	1205826932485	1205826935350
1	1205832523998	1205832526660
1	1205834694388	1205834695576
1	1205834695878	1205834698646
1	1205836837214	1205836838398
1	1205838116925	1205838122774
1	1205838166486	1205838170211
1	1205838509537	1205838514267
1	1205838516722	1205838519238
1	1205838530945	1205838533161
1	1205838556459	1205838558424
1	1205838670974	1205838672189
1	1205838689385	1205838703570
1	1205838713309	1205838717641
1	1205838724368	1205838729182
1	1205838729981	1205838734946
1	1205838736639	1205838738157
1	1205838745393	1205838749507
1	1205838755871	1205838760232
1	1205838762758	1205838766811
1	1205838778705	1205838782121
1	1205838792420	1205838796786
1	1205838801194	1205838805119
1	1205838806394	1205838810906
1	1205838818318	1205838820373
1	1205838827122	1205838830185
1	1205838836825	1205838839625
1	1205838846170	1205838849921
1	1205838854414	1205838855323
1	1205838859969	1205838862926
1	1205838887989	1205838891679
1	1205838894367	1205838896344
1	1205838906513	1205838908618
1	1205838945639	1205838947487
1	1205838955112	1205838957212
1	1205838958375	1205838959671
1	1205838965884	1205838967263
1	1205838976906	1205838978522
1	1205839002468	1205839004307
1	1205839022404	1205839024561
1	1205839041662	1205839043949
1	1205839078492	1205839080503
1	1205839144178	1205839148884
1	1205839152985	1205839155428
1	1205839192961	1205839193330
1	1205839212602	1205839217595
1	1205839220360	1205839221652
1	1205839225828	1205839235355
1	1205839378368	1205839382384
1	1205839384569	1205839386923
1	1205839403430	1205839408157
1	1205839409975	1205839412315
1	1205839491838	1205839493920
1	1205839498860	1205839501702
1	1205839587720	1205839589811
1	1205839612770	1205839615107
1	1205839616587	1205839619161
1	1205839866319	1205839868591
1	1205839869541	1205839872439
1	1205840016135	1205840019174
1	1205840085469	1205840088448
1	1205840089990	1205840092660
1	1205840094155	1205840096691
1	1205840229942	1205840231980
1	1205840250546	1205840252491
1	1205840264758	1205840266998
1	1205840290957	1205840293311
1	1205840293910	1205840296146
1	1205840301373	1205840302641
1	1205840312361	1205840314531
1	1205840314856	1205840317707
1	1205840474853	1205840476410
1	1205840535305	1205840538494
1	1205840539118	1205840545207
1	1205840551549	1205840554234
1	1205840595317	1205840597509
1	1205840608415	1205840610139
1	1205840623256	1205840624524
1	1205840672576	1205840675439
1	1205840676881	1205840682108
1	1205840715796	1205840720934
1	1205840793328	1205840796190
1	1205840815605	1205840820221
1	1205840937749	1205840941300
1	1205840953889	1205840957251
1	1205840960433	1205840962291
1	1205840963579	1205840965882
1	1205840976310	1205840978593
1	1205841004308	1205841006261
1	1205841008415	1205841010484
1	1205841049945	1205841052657
1	1205841058515	1205841060768
1	1205841169567	1205841172375
1	1205841174689	1205841179812
1	1205841182488	1205841185401
1	1205841186813	1205841188109
1	1205841188321	1205841191487
1	1205841215388	1205841218547
1	1205841277970	1205841282149
1	1205841328708	1205841331273
1	1205841423849	1205841423870
1	1205841426818	1205841429376
1	1205841451519	1205841454278
1	1205841457280	1205841458565
1	1205841459108	1205841461158
1	1205841491251	1205841492395
1	1205841562948	1205841570940
1	1205841720704	1205841721944
1	1205841757348	1205841760110
1	1205841760263	1205841768563
1	1205841773589	1205841784811
1	1205841784852	1205841817527
1	1205841818714	1205841843394
1	1205841843588	1205841851296
1	1205841851838	1205841854202
1	1205841857669	1205841857758
1	1205841862987	1205841865282
1	1205841871625	1205841877181
1	1205841877453	1205841897523
1	1205841898937	1205841946819
1	1205841946955	1205842035106
1	1205842035666	1205842038124
1	1205842038548	1205842040955
1	1205842064519	1205842066303
1	1205842089432	1205842091424
1	1205842092350	1205842095637
1	1205842111167	1205842112443
1	1205842115417	1205842119209
1	1205842119342	1205842121664
1	1205842129112	1205842133188
1	1205842133450	1205842136869
1	1205842147873	1205842153912
1	1205842180533	1205842182913
1	1205842198394	1205842199774
1	1205842210171	1205842212652
1	1205842222616	1205842224787
1	1205842227741	1205842229719
1	1205842230880	1205842232222
1	1205842233788	1205842235630
1	1205842236385	1205842238659
1	1205842254693	1205842257944
1	1205842300680	1205842301945
1	1205842303487	1205842305728
1	1205842343793	1205842351655
1	1205842452566	1205842473346
1	1205842497808	1205842504755
1	1205842540368	1205842543948
1	1205842544735	1205842552623
1	1205842590842	1205842596541
1	1205842724426	1205842726422
1	1205842862707	1205842867238
1	1205842868453	1205842872947
1	1205842874863	1205842876771
1	1205842883265	1205842887378
1	1205842903813	1205842906332
1	1205842936300	1205842938450
1	1205842939878	1205842941150
1	1205843787813	1205843790584
1	1205843793344	1205843800354
1	1205843802662	1205843804865
1	1205843805273	1205843807442
1	1205843824597	1205843831921
1	1205843837971	1205843842764
1	1205844327164	1205844333422
1	1205844335564	1205844338142
1	1205844338409	1205844339729
1	1205844425981	1205844438672
1	1205844463988	1205844466708
1	1205844520276	1205844523311
1	1205844565907	1205844568731
1	1205844569120	1205844570151
1	1205844601166	1205844607609
1	1205844613475	1205844620218
1	1205844633414	1205844633414
1	1205844636418	1205844638611
1	1205844782848	1205844790168
1	1205844796647	1205844799309
1	1205844803308	1205844812187
1	1205844817496	1205844819562
1	1205844822363	1205844824680
1	1205844974257	1205844980341
1	1205844983813	1205844986450
1	1205845016229	1205845020964
1	1205845023488	1205845028231
1	1205845029368	1205845033809
1	1205845043833	1205845049817
1	1205845052386	1205845055263
1	1205845056828	1205845058939
1	1205845076662	1205845080652
1	1205845082580	1205845084862
1	1205845085147	1205845090950
1	1205845097979	1205845101718
1	1205845105304	1205845111682
1	1205845111995	1205845118873
1	1205845119795	1205845123297
1	1205845132889	1205845137799
1	1205845143135	1205845145299
1	1205845146531	1205845149986
1	1205845173493	1205845179824
1	1205847213990	1205847216140
1	1205847228682	1205847230547
1	1205847231251	1205847239753
1	1205847240827	1205847244121
1	1205847245154	1205847248386
1	1205847249848	1205847257569
1	1205847581459	1205847583490
1	1205854319924	1205854324800
2	1205794806131	1205794818294
2	1205794825287	1205794825739
2	1205794911771	1205794915295
2	1205794918143	1205794920165
2	1205794929862	1205794931863
2	1205794932111	1205794937855
2	1205795031943	1205795037614
2	1205795052337	1205795053325
2	1205795058263	1205795064966
2	1205795149431	1205795154199
2	1205795243590	1205795247678
2	1205795249940	1205795256210
2	1205795258564	1205795263921
2	1205795275518	1205795277876
2	1205795295202	1205795296474
2	1205795310792	1205795312862
2	1205795318344	1205795322213
2	1205795324706	1205795330181
2	1205795336531	1205795342626
2	1205795342755	1205795350696
2	1205795351626	1205795356599
2	1205795361188	1205795364503
2	1205795374696	1205795380539
2	1205795393122	1205795398895
2	1205795399195	1205795401909
2	1205795413422	1205795418704
2	1205795421586	1205795424322
2	1205795458576	1205795463500
2	1205795524198	1205795526681
2	1205795527856	1205795530420
2	1205795533442	1205795543345
2	1205795611573	1205795613755
2	1205795684150	1205795686103
2	1205795711197	1205795714764
2	1205795742950	1205795746390
2	1205795798410	1205795799671
2	1205795844975	1205795848865
2	1205795861157	1205795866313
2	1205795868973	1205795870841
2	1205795895846	1205795900781
2	1205795917471	1205795920961
2	1205795933749	1205795940534
2	1205795952686	1205795956495
2	1205795964527	1205795966881
2	1205795973519	1205795977344
2	1205796097472	1205796103627
2	1205796153868	1205796157787
2	1205796232120	1205796236721
2	1205796267558	1205796270876
2	1205796512874	1205796515486
2	1205796548480	1205796550402
2	1205796551465	1205796553126
2	1205796837141	1205796841985
2	1205796843715	1205796849147
2	1205796858325	1205796860190
2	1205796867190	1205796868494
2	1205796874591	1205796876582
2	1205796884236	1205796886638
2	1205796911363	1205796913514
2	1205796927498	1205796929853
2	1205796961149	1205796963564
2	1205796963838	1205796965158
2	1205796965850	1205796968362
2	1205797025819	1205797029843
2	1205797068465	1205797070312
2	1205797114682	1205797118819
2	1205797148296	1205797151744
2	1205797188667	1205797190846
2	1205797203490	1205797207805
2	1205797221263	1205797224108
2	1205797446765	1205797452816
2	1205797468227	1205797471413
2	1205797500932	1205797504943
2	1205797532832	1205797534975
2	1205797542404	1205797546775
2	1205797552461	1205797559131
2	1205797577309	1205797581263
2	1205797582185	1205797584954
2	1205797589616	1205797592974
2	1205797627322	1205797633571
2	1205797639308	1205797642464
2	1205797642686	1205797645875
2	1205797655482	1205797659423
2	1205797720857	1205797723709
2	1205797753922	1205797758419
2	1205797788595	1205797792651
2	1205797847918	1205797850252
2	1205797858275	1205797863143
2	1205797893192	1205797895357
2	1205797941330	1205797945350
2	1205797975823	1205797978325
2	1205798006268	1205798008460
2	1205798008724	1205798010966
2	1205798012108	1205798014244
2	1205798014675	1205798018417
2	1205798033447	1205798035342
2	1205826059598	1205826063349
2	1205826203741	1205826206783
2	1205826208125	1205826210316
2	1205826339388	1205826341648
2	1205826426190	1205826428305
2	1205826570660	1205826572606
2	1205826575733	1205826577918
2	1205826726407	1205826728496
2	1205826733628	1205826735299
2	1205826745962	1205826747990
2	1205826754734	1205826758258
2	1205826758384	1205826760535
2	1205826765393	1205826768883
2	1205826775559	1205826777874
2	1205826785213	1205826789383
2	1205826790635	1205826794524
2	1205826803786	1205826809809
2	1205826816418	1205826820114
2	1205826827694	1205826830797
2	1205826833511	1205826837433
2	1205826837587	1205826839865
2	1205826844630	1205826847656
2	1205826849185	1205826852592
2	1205826862788	1205826865543
2	1205826882667	1205826886570
2	1205826887440	1205826889868
2	1205826903585	1205826906472
2	1205826908892	1205826911107
2	1205826937341	1205826939335
2	1205835169756	1205835171988
2	1205835766350	1205835769444
2	1205838197590	1205838199568
2	1205842350754	1205842352738
2	1205844324772	1205844326625
2	1205844461625	1205844465495
2	1205844617477	1205844619303
2	1205844621152	1205844624588
2	1205844792725	1205844796509
2	1205844976737	1205844978451
2	1205844981308	1205844985527
2	1205845009597	1205845013845
2	1205845095245	1205845098249
2	1205845125805	1205845127954
2	1205845129599	1205845133304
2	1205845170728	1205845172531
2	1205845950999	1205845951873
2	1205846114199	1205846116140
2	1205847219196	1205847220382
2	1205847414173	1205847416888
2	1205847562981	1205847564854
2	1205847605313	1205847610297
2	1205847613313	1205847619769
2	1205847621649	1205847624184
2	1205847624722	1205847628863
2	1205847629794	1205847632889
2	1205847635616	1205847640245
2	1205847642501	1205847644955
2	1205847645761	1205847649886
2	1205866929809	1205866931738
2	1205867034914	1205867037210
2	1205867048939	1205867050987
2	1205867068819	1205867071625
2	1205867073498	1205867076515
2	1205867082508	1205867085572
2	1205867088125	1205867089325
2	1205867092917	1205867096411
2	1205867112491	1205867114524
2	1205867122186	1205867130302
2	1205867145481	1205867147891
2	1205867674947	1205867682928
2	1205868458104	1205868460486
2	1205868461358	1205868463697
2	1205868546759	1205868548871
2	1205868642797	1205868645987
2	1205868684707	1205868689805
2	1205868690549	1205868693497
2	1205868715368	1205868719253
2	1205868883766	1205868894117
2	1205868944933	1205868948133
2	1205869042400	1205869049120
2	1205869050990	1205869053222
2	1205869089416	1205869096453
2	1205869115616	1205869118104
2	1205869165362	1205869169923
2	1205869342357	1205869342916
2	1205869386234	1205869391659
2	1205869565326	1205869567556
2	1205869682136	1205869685613
2	1205869765612	1205869776907
2	1205869861660	1205869864981
2	1205869868733	1205869871405
2	1205869999260	1205870000462
2	1205870002538	1205870005364
2	1205870069596	1205870074476
2	1205870192939	1205870196481
2	1205870291863	1205870294241
2	1205870455390	1205870460414
2	1205870723365	1205870728754
2	1205871202459	1205871208293
2	1205871637298	1205871641550
2	1205872152326	1205872155635
2	1205872275880	1205872278390
2	1205872577169	1205872578387
2	1205872579592	1205872581729
2	1205872599928	1205872601193
2	1205872602540	1205872604809
2	1205873050754	1205873054390
2	1205873471840	1205873475958
2	1205874104237	1205874109213
2	1205874271297	1205874275727
2	1205874281274	1205874283605
2	1205874681259	1205874686536
2	1205874752591	1205874753825
2	1205874755607	1205874757808
2	1205874758192	1205874760246
2	1205875221303	1205875225392
2	1205875497570	1205875501358
2	1205875525892	1205875527183
2	1205875535475	1205875541180
2	1205875556286	1205875564413
2	1205875756128	1205875758923
2	1205875760872	1205875762931
2	1205875876153	1205875877358
2	1205876810949	1205876815697
2	1205876929883	1205876933655
2	1205877267366	1205877271543
2	1205877470766	1205877477666
2	1205878113604	1205878116503
2	1205878116804	1205878121523
2	1205878445588	1205878449480
2	1205878765304	1205878770134
2	1205879584954	1205879587254
2	1205880288281	1205880291825
2	1205880361450	1205880363694
3	1205796269761	1205796277531
3	1205796280988	1205796287873
3	1205797553760	1205797557615
3	1205797581803	1205797591240
3	1205797625210	1205797630836
3	1205797640983	1205797646281
3	1205797686817	1205797692226
3	1205798009197	1205798012988
3	1205826033765	1205826040596
3	1205826053543	1205826062971
3	1205826204533	1205826209319
3	1205826339868	1205826344299
3	1205826375257	1205826379892
3	1205826398140	1205826400368
3	1205826407942	1205826411951
3	1205826419447	1205826424171
3	1205826424427	1205826428785
3	1205826571651	1205826574401
3	1205826574541	1205826577483
3	1205826726891	1205826730540
3	1205826732999	1205826735794
3	1205826746407	1205826750474
3	1205826756262	1205826760175
3	1205826766956	1205826770317
3	1205826776655	1205826780754
3	1205826786588	1205826792724
3	1205826805461	1205826810425
3	1205826822340	1205826825537
3	1205826825999	1205826830101
3	1205826835675	1205826837871
3	1205826846267	1205826851350
3	1205826857513	1205826864840
3	1205826869411	1205826874261
3	1205826875573	1205826879834
3	1205826880293	1205826886285
3	1205826891734	1205826899483
3	1205826900179	1205826906162
3	1205826909480	1205826916104
3	1205830179216	1205830185655
3	1205830187446	1205830188713
3	1205830189736	1205830194864
3	1205830195628	1205830201570
3	1205835764979	1205835770967
3	1205838198214	1205838202698
3	1205844438235	1205844449459
3	1205844460989	1205844464504
3	1205844620496	1205844623355
3	1205844787278	1205844794921
3	1205844977397	1205844983529
3	1205845006706	1205845011997
3	1205845090296	1205845097263
3	1205845126477	1205845131735
3	1205845168434	1205845172773
3	1205853112896	1205853117121
3	1205867013616	1205867027599
3	1205867029427	1205867038626
3	1205871202660	1205871204189
3	1205874270796	1205874274310
7	1205794866980	1205794868271
7	1205794928856	1205794930743
7	1205795230675	1205795233423
7	1205795312998	1205795319485
7	1205795461888	1205795468969
7	1205795565304	1205795567233
7	1205795590742	1205795595146
7	1205795680347	1205795684604
7	1205795850794	1205795856570
7	1205795874356	1205795881366
7	1205796276802	1205796281505
7	1205796310790	1205796317421
7	1205796429731	1205796440102
7	1205796478393	1205796479671
7	1205796481178	1205796483632
7	1205796511315	1205796521285
7	1205796542820	1205796552464
7	1205796562801	1205796577559
7	1205796583222	1205796588837
7	1205796592878	1205796596880
7	1205796602493	1205796608409
7	1205796613321	1205796620446
7	1205796623702	1205796628985
7	1205796630877	1205796642972
7	1205796646972	1205796652450
7	1205796665382	1205796670647
7	1205796673662	1205796678846
7	1205796680403	1205796686558
7	1205796687618	1205796692132
7	1205796693108	1205796697100
7	1205796697920	1205796699233
7	1205796699907	1205796702141
7	1205796705748	1205796710455
7	1205796711746	1205796713566
7	1205796739632	1205796745533
7	1205796747160	1205796749594
7	1205796769349	1205796771760
7	1205796775987	1205796778593
7	1205796780793	1205796785778
7	1205796786580	1205796795145
7	1205796799360	1205796806605
7	1205796807996	1205796811675
7	1205796819107	1205796821507
7	1205796825372	1205796830704
7	1205796831510	1205796837320
7	1205796844345	1205796855175
7	1205797070312	1205797078652
7	1205797107960	1205797114216
7	1205797170935	1205797173980
7	1205797193829	1205797198921
7	1205797226934	1205797231630
7	1205797258753	1205797265489
7	1205797273571	1205797275542
7	1205797297995	1205797316426
7	1205797344716	1205797348733
7	1205797355908	1205797358646
7	1205797366714	1205797371135
7	1205797377411	1205797384592
7	1205797505552	1205797509840
7	1205797519171	1205797524244
7	1205797524684	1205797533357
7	1205797539144	1205797544453
7	1205797548108	1205797549430
7	1205797549847	1205797552843
7	1205797573154	1205797577807
7	1205797636298	1205797639612
7	1205797647533	1205797652499
7	1205797668113	1205797674545
7	1205797702694	1205797711933
7	1205797719127	1205797724434
7	1205797765689	1205797768328
7	1205797800448	1205797803566
7	1205797853202	1205797857684
7	1205797857811	1205797869142
7	1205797873988	1205797876918
7	1205797888422	1205797890334
7	1205797919116	1205797921532
7	1205797943626	1205797943666
7	1205797945101	1205797950186
7	1205797978989	1205797983814
7	1205797984147	1205797987124
7	1205798033447	1205798038184
7	1205798038544	1205798040581
7	1205798042436	1205798044469
7	1205798050552	1205798052726
7	1205798053544	1205798054856
7	1205798062138	1205798064144
7	1205826236289	1205826238243
7	1205830577505	1205830579903
7	1205830582170	1205830583473
7	1205830585434	1205830588565
7	1205830589444	1205830595364
7	1205830611795	1205830618671
7	1205830638654	1205830643274
7	1205830643405	1205830645961
7	1205830654977	1205830657763
7	1205830658391	1205830659698
7	1205831346176	1205831353295
7	1205831742314	1205831743510
7	1205831747502	1205831750329
7	1205831751775	1205831756861
7	1205831930730	1205831933560
7	1205831942350	1205831943654
7	1205832029485	1205832031316
7	1205832517815	1205832521163
7	1205832521359	1205832526538
7	1205832529721	1205832535580
7	1205832612333	1205832615265
7	1205833047460	1205833055206
7	1205833055821	1205833064674
7	1205833065465	1205833069993
7	1205833281931	1205833283151
7	1205833286347	1205833291180
7	1205833291617	1205833294686
7	1205833351424	1205833357324
7	1205833385611	1205833387710
7	1205833486839	1205833491455
7	1205833503525	1205833505629
7	1205833544265	1205833549761
7	1205833957112	1205833959508
7	1205834149736	1205834154915
7	1205834691571	1205834699242
7	1205834710501	1205834715121
7	1205835168551	1205835171405
7	1205835281211	1205835285375
7	1205835760923	1205835766507
7	1205835769582	1205835777437
7	1205835801938	1205835806299
7	1205835912118	1205835915778
7	1205835917141	1205835918457
7	1205835918573	1205835921598
7	1205835923248	1205835930413
7	1205835939715	1205835941134
7	1205835941527	1205835944992
7	1205835946461	1205835955237
7	1205835956695	1205835961466
7	1205836260353	1205836262817
7	1205836347572	1205836348814
7	1205836400861	1205836403191
7	1205836403515	1205836409392
7	1205836563705	1205836565894
7	1205836568708	1205836572475
7	1205836572983	1205836575763
7	1205836575923	1205836580920
7	1205836595176	1205836600824
7	1205836631449	1205836635263
7	1205836802241	1205836804442
7	1205836804562	1205836811623
7	1205836814193	1205836818479
7	1205836821352	1205836824194
7	1205836824659	1205836827848
7	1205836829198	1205836843452
7	1205836847903	1205836853992
7	1205845953284	1205845958635
7	1205845959997	1205845975322
7	1205846007572	1205846018939
7	1205846115661	1205846120108
7	1205846296451	1205846304819
7	1205847033512	1205847036325
7	1205847247708	1205847256265
7	1205847259842	1205847263802
7	1205847266112	1205847268564
7	1205847320605	1205847325804
7	1205847327517	1205847329710
7	1205847396298	1205847401767
7	1205847401959	1205847411531
7	1205847411651	1205847415187
7	1205847569187	1205847576149
7	1205847577869	1205847582956
7	1205847629645	1205847638588
7	1205847642757	1205847648439
7	1205849059139	1205849063246
7	1205849063628	1205849065918
7	1205849174460	1205849182737
7	1205849379439	1205849384528
7	1205849522890	1205849532218
7	1205849845936	1205849854639
7	1205850080666	1205850082913
7	1205850083138	1205850088252
7	1205850095541	1205850097886
7	1205850325673	1205850327873
7	1205850339550	1205850343703
7	1205850347692	1205850351579
7	1205850372434	1205850375149
7	1205850376134	1205850379947
7	1205850485537	1205850488883
7	1205850718983	1205850720839
7	1205850746442	1205850749154
7	1205850851556	1205850853954
7	1205851280349	1205851281579
7	1205851287367	1205851289899
7	1205851362767	1205851364303
7	1205851366854	1205851371151
7	1205851371950	1205851379853
7	1205851412104	1205851413393
7	1205851415719	1205851450249
7	1205866948865	1205866950283
7	1205866953802	1205866958284
7	1205866989335	1205866992540
7	1205866998193	1205867002421
7	1205867432852	1205867439670
7	1205868237594	1205868238798
7	1205868251419	1205868253369
7	1205868940657	1205868944432
7	1205869083906	1205869089666
7	1205869090394	1205869095852
7	1205869099946	1205869109881
7	1205869110181	1205869123954
7	1205869837847	1205869842299
7	1205869842848	1205869847643
7	1205870204124	1205870206988
7	1205870208198	1205870210712
7	1205870215405	1205870217987
7	1205870686263	1205870688474
7	1205870739593	1205870740846
7	1205871373677	1205871375727
7	1205871404666	1205871407399
7	1205871489559	1205871493410
7	1205871494562	1205871499448
7	1205871776146	1205871778856
7	1205871778984	1205871782452
7	1205871792557	1205871794906
7	1205872128579	1205872134741
7	1205872143455	1205872155496
7	1205872277409	1205872281909
7	1205872284430	1205872288715
7	1205872622493	1205872624625
7	1205873075680	1205873097757
7	1205873476201	1205873481835
7	1205873489738	1205873493968
7	1205873496164	1205873498887
7	1205874011187	1205874016826
7	1205874038935	1205874042867
7	1205874645282	1205874660682
7	1205874667951	1205874676255
7	1205874684284	1205874686661
7	1205874692290	1205874697454
7	1205874792904	1205874795822
7	1205874868722	1205874873320
7	1205874874615	1205874876508
7	1205874878706	1205874881868
7	1205874883757	1205874886180
7	1205875055475	1205875059605
7	1205875061436	1205875067629
7	1205875085818	1205875088282
7	1205875089412	1205875094938
7	1205875126751	1205875131893
7	1205875136455	1205875141522
7	1205876037266	1205876044181
7	1205876053287	1205876058776
7	1205876524974	1205876528670
7	1205876925511	1205876931672
7	1205877272939	1205877283217
7	1205877284457	1205877286812
7	1205877504898	1205877507317
7	1205878693946	1205878695938
7	1205879299365	1205879300574
7	1205879301565	1205879303666
7	1205879571587	1205879573701
7	1205879580392	1205879582640
7	1205880078772	1205880080703
7	1205880081470	1205880084274
7	1205880852424	1205880864183
7	1205880924752	1205880928354
7	1205880979299	1205880987107
7	1205880992484	1205880997810
8	1205795318286	1205795323233
8	1205795459260	1205795463616
8	1205796285471	1205796288213
8	1205796511910	1205796514872
8	1205796515326	1205796519132
8	1205796547706	1205796556418
8	1205796836872	1205796840949
8	1205796845719	1205796851330
8	1205796851510	1205796860781
8	1205796865381	1205796870642
8	1205796873485	1205796877673
8	1205796883870	1205796890337
8	1205796893103	1205796903142
8	1205796911643	1205796914452
8	1205796926841	1205796932812
8	1205796936890	1205796949153
8	1205796949874	1205796952877
8	1205796956113	1205796958461
8	1205796962900	1205796994457
8	1205796994541	1205797000768
8	1205797004636	1205797006723
8	1205797010554	1205797015175
8	1205797015510	1205797018620
8	1205797023593	1205797033419
8	1205797067912	1205797071449
8	1205797090640	1205797095597
8	1205797100639	1205797103752
8	1205797113633	1205797119915
8	1205797147810	1205797152785
8	1205797183663	1205797187109
8	1205797188478	1205797192412
8	1205797203327	1205797207969
8	1205797222799	1205797226817
8	1205797446413	1205797449240
8	1205797463720	1205797472350
8	1205797499406	1205797504681
8	1205797531892	1205797536925
8	1205797541805	1205797545427
8	1205797551760	1205797555636
8	1205797576569	1205797580569
8	1205797593958	1205797600150
8	1205797628729	1205797632856
8	1205797638254	1205797641802
8	1205797654577	1205797658905
8	1205797685631	1205797689298
8	1205797712468	1205797716519
8	1205797719821	1205797723917
8	1205797737798	1205797739143
8	1205797752802	1205797758673
8	1205797788139	1205797795537
8	1205797846930	1205797849232
8	1205797857167	1205797860891
8	1205797880763	1205797884842
8	1205797893552	1205797896733
8	1205797940729	1205797957843
8	1205797958860	1205797963348
8	1205797965846	1205797969448
8	1205797970176	1205797980644
8	1205797982242	1205797987425
8	1205798016406	1205798018283
8	1205798033284	1205798041658
8	1205798064992	1205798068603
8	1205798069199	1205798078318
8	1205826769759	1205826773162
8	1205826778436	1205826782578
8	1205826819704	1205826824103
8	1205826855558	1205826858905
8	1205826937199	1205826940627
8	1205830199267	1205830201122
8	1205830595533	1205830598436
8	1205830609660	1205830613628
8	1205835169503	1205835174309
8	1205835279280	1205835282787
8	1205835763870	1205835771940
8	1205836856525	1205836860806
8	1205838114769	1205838116669
8	1205838204751	1205838206897
8	1205838465528	1205838467981
8	1205838488984	1205838491865
8	1205838671951	1205838674495
8	1205838687541	1205838691252
8	1205842350160	1205842354213
8	1205842449475	1205842452914
8	1205843841315	1205843845766
8	1205844324309	1205844327445
8	1205845152127	1205845156490
8	1205845164296	1205845167407
8	1205845179238	1205845181510
8	1205845949340	1205845952472
8	1205846014758	1205846018939
8	1205846113759	1205846117656
8	1205847205758	1205847208574
8	1205847256849	1205847259703
8	1205847414199	1205847418248
8	1205847562688	1205847570717
8	1205847646681	1205847650417
8	1205849057373	1205849061597
8	1205849178462	1205849182472
8	1205849376789	1205849381807
8	1205851452649	1205851456524
8	1205854322631	1205854325950
8	1205866927166	1205866929117
8	1205866934691	1205866938443
8	1205866945100	1205866953625
8	1205866954351	1205866962547
8	1205866967599	1205866972248
8	1205867049945	1205867052949
8	1205867067482	1205867071746
8	1205867075954	1205867077811
8	1205867080361	1205867085698
8	1205868944656	1205868949326
8	1205869044948	1205869054805
8	1205870726580	1205870729770
8	1205871201215	1205871203869
8	1205872152158	1205872156822
8	1205872274661	1205872279857
8	1205874106950	1205874109997
8	1205874270343	1205874272490
8	1205876930158	1205876934637
8	1205877266733	1205877271209
8	1205878767428	1205878770775
8	1205879569187	1205879572287
9	1205795319728	1205795323532
9	1205795458432	1205795462803
9	1205796285903	1205796289688
9	1205796511313	1205796515112
9	1205796853758	1205796858168
9	1205796867759	1205796876438
9	1205796895355	1205796899392
9	1205796928892	1205796932373
9	1205797028639	1205797038754
9	1205797039190	1205797041726
9	1205797048994	1205797051742
9	1205797052320	1205797056978
9	1205797066392	1205797070985
9	1205797189499	1205797191683
9	1205797202172	1205797205700
9	1205797881964	1205797884588
9	1205797892319	1205797895752
9	1205797950484	1205797955416
9	1205798034326	1205798038786
9	1205798067277	1205798069327
9	1205798074511	1205798076542
9	1205826342357	1205826345773
9	1205826938709	1205826940743
9	1205830177241	1205830182301
9	1205830199583	1205830203764
9	1205830595816	1205830599422
9	1205830609204	1205830611166
9	1205835170655	1205835173945
9	1205835278767	1205835281718
9	1205836857767	1205836859707
9	1205842351377	1205842353559
9	1205843842904	1205843844977
9	1205846015715	1205846017660
9	1205846113319	1205846115661
9	1205847257930	1205847259978
9	1205847564584	1205847566846
9	1205849056751	1205849058860
9	1205849179237	1205849181372
9	1205849376117	1205849378476
9	1205851453474	1205851455614
9	1205853111264	1205853119585
9	1205854315886	1205854319789
9	1205866927862	1205866931209
9	1205866936397	1205866940769
9	1205866943789	1205866946914
9	1205866959327	1205866972915
9	1205867050508	1205867055477
9	1205867056193	1205867072101
9	1205867115203	1205867125659
9	1205868945762	1205868948933
9	1205869044410	1205869047878
9	1205870727599	1205870729770
9	1205871200586	1205871204386
9	1205872153195	1205872156678
9	1205872273989	1205872276286
9	1205874107626	1205874111254
9	1205874269785	1205874273390
9	1205876931501	1205876935310
9	1205877265247	1205877269766
9	1205878768648	1205878770651
9	1205879568509	1205879571781
10	1205838850397	1205838853375
10	1205838873954	1205838876698
10	1205838907443	1205838909154
10	1205841758627	1205841761157
10	1205841980495	1205841983830
10	1205842095559	1205842097759
10	1205842385813	1205842394804
10	1205842414235	1205842420762
10	1205842423351	1205842426679
10	1205842440800	1205842445374
10	1205842658277	1205842663159
10	1205842664299	1205842667133
10	1205842671319	1205842674672
10	1205842692268	1205842694198
10	1205842694337	1205842695546
10	1205842697231	1205842699299
10	1205842756872	1205842759676
10	1205842783603	1205842786211
10	1205842838702	1205842843784
10	1205843392263	1205843396988
10	1205843995793	1205844003805
10	1205844202989	1205844205852
10	1205844206544	1205844208887
10	1205844221435	1205844226668
10	1205844241390	1205844243239
10	1205844271485	1205844276459
10	1205844287273	1205844292728
10	1205844407301	1205844409582
10	1205844419806	1205844422227
10	1205844493879	1205844497784
10	1205844501258	1205844514453
10	1205844524933	1205844528464
10	1205844545794	1205844551265
10	1205844553820	1205844560367
10	1205844561551	1205844569765
10	1205844575730	1205844583871
10	1205844588271	1205844591864
10	1205844611924	1205844616596
10	1205844617349	1205844618605
10	1205844618749	1205844620774
10	1205844621479	1205844623472
10	1205844624288	1205844629421
10	1205844640228	1205844640249
10	1205844696753	1205844713126
10	1205844715941	1205844718356
10	1205844719107	1205844722382
10	1205844729495	1205844731571
10	1205844731756	1205844734170
10	1205844737820	1205844746569
10	1205844749981	1205844759510
10	1205844775998	1205844780938
10	1205844787604	1205844795255
10	1205844799443	1205844808262
10	1205844817685	1205844820452
10	1205844862551	1205844865582
10	1205845037390	1205845041823
10	1205845429190	1205845430887
10	1205845745363	1205845750613
10	1205845756888	1205845758509
10	1205845759136	1205845762101
10	1205845765294	1205845774445
10	1205845779924	1205845787152
10	1205845835747	1205845842595
10	1205845844910	1205845846129
10	1205845846443	1205845849296
10	1205845875718	1205845877864
10	1205845877992	1205845883106
10	1205845917106	1205845919310
10	1205845935374	1205845940444
10	1205846018593	1205846024114
10	1205846108727	1205846111244
10	1205846115491	1205846124654
10	1205846126568	1205846128860
10	1205846129584	1205846132637
10	1205846138716	1205846140608
10	1205846184916	1205846187882
10	1205846191644	1205846192974
10	1205846203237	1205846205583
10	1205846744328	1205846746344
10	1205846756328	1205846758791
10	1205846765231	1205846775210
10	1205846796558	1205846798972
10	1205846806383	1205846809501
10	1205846812383	1205846816708
10	1205846817975	1205846820395
10	1205846838204	1205846849548
10	1205846851553	1205846864384
10	1205846865342	1205846883810
10	1205846902749	1205846904362
10	1205846921817	1205846924626
10	1205846925649	1205846927781
10	1205846929992	1205846934384
10	1205847091713	1205847092883
10	1205847104681	1205847110744
10	1205847119997	1205847121952
10	1205847192321	1205847194608
10	1205847218687	1205847221210
10	1205847228447	1205847232374
10	1205847719180	1205847723231
10	1205847733144	1205847737991
10	1205848070965	1205848075913
10	1205848113260	1205848114950
10	1205848125341	1205848125489
10	1205848136508	1205848140467
10	1205848142699	1205848144731
10	1205848372380	1205848375285
10	1205848810542	1205848814684
10	1205848906177	1205848909231
10	1205848940619	1205848943502
10	1205849175634	1205849178195
10	1205849378598	1205849380438
10	1205851294763	1205851297263
10	1205851326483	1205851331122
10	1205852975941	1205852978650
10	1205853125553	1205853127715
10	1205853406165	1205853408684
10	1205854338337	1205854340760
10	1205855581201	1205855583220
10	1205855599998	1205855603339
10	1205855608714	1205855611572
10	1205855626568	1205855629487
10	1205856311282	1205856314122
10	1205863595986	1205863598391
10	1205863608642	1205863611215
10	1205864339105	1205864341389
11	1205842153528	1205842160867
11	1205842166875	1205842172104
11	1205842172694	1205842179977
11	1205842182147	1205842187705
11	1205842187830	1205842189797
11	1205842196914	1205842199646
11	1205842200774	1205842205998
11	1205842209983	1205842213643
11	1205842228602	1205842231765
11	1205842235243	1205842237366
11	1205842239208	1205842254301
11	1205842259280	1205842262356
11	1205842264822	1205842267156
11	1205842269439	1205842275433
11	1205842275655	1205842278643
11	1205842279786	1205842282967
11	1205842283502	1205842300224
11	1205842301316	1205842306392
11	1205842307668	1205842316359
11	1205842316486	1205842323293
11	1205842324946	1205842341552
11	1205842348459	1205842353153
11	1205842354792	1205842360193
11	1205842361136	1205842373699
11	1205842374687	1205842377484
11	1205842392717	1205842399578
11	1205842399782	1205842404578
11	1205842405122	1205842410432
11	1205842411469	1205842417825
11	1205842437171	1205842441489
11	1205842828698	1205842829825
11	1205842830146	1205842832366
11	1205842916144	1205842918127
11	1205843293353	1205843295223
11	1205843300526	1205843305253
11	1205843390438	1205843395471
11	1205844205268	1205844206362
11	1205844220109	1205844224546
11	1205844242715	1205844246428
11	1205844255267	1205844260460
11	1205844269911	1205844274170
11	1205844497224	1205844505908
11	1205844506372	1205844512576
11	1205844515569	1205844520141
11	1205844520573	1205844522704
11	1205844523323	1205844525719
11	1205844526804	1205844529164
11	1205844547329	1205844554410
11	1205844568137	1205844569996
11	1205844576895	1205844582206
11	1205844583582	1205844585543
11	1205844589589	1205844603946
11	1205844604824	1205844626831
11	1205844627493	1205844635731
11	1205844715779	1205844719236
11	1205844720252	1205844722191
11	1205844734678	1205844736683
11	1205844755753	1205844763914
11	1205844768347	1205844777259
11	1205844789560	1205844794968
11	1205844809335	1205844810503
11	1205844872432	1205844873609
11	1205844885464	1205844887455
11	1205844888913	1205844891290
11	1205845039900	1205845041998
11	1205845169926	1205845176350
11	1205845177434	1205845179388
11	1205845185517	1205845187431
11	1205845194577	1205845196604
11	1205845203762	1205845206140
11	1205845479848	1205845481456
11	1205845492448	1205845494904
11	1205845620255	1205845622528
11	1205845623578	1205845625881
11	1205845745634	1205845748747
11	1205845758288	1205845760187
11	1205845840937	1205845842817
11	1205845914208	1205845916398
11	1205845916986	1205845918190
11	1205845918386	1205845920261
11	1205845920483	1205845922593
11	1205845922738	1205845926796
11	1205845927226	1205845929309
11	1205846128197	1205846130959
11	1205846133431	1205846135553
11	1205846140375	1205846145100
11	1205846156383	1205846159126
11	1205846161126	1205846163966
11	1205846180324	1205846182277
11	1205846186499	1205846188514
11	1205846262162	1205846263354
11	1205846294352	1205846296315
11	1205846314497	1205846316218
11	1205846323602	1205846325880
11	1205846367576	1205846369614
11	1205846381920	1205846383114
11	1205846484871	1205846487483
11	1205846491202	1205846492930
11	1205846586394	1205846588518
11	1205846622921	1205846624919
11	1205846631343	1205846634868
11	1205846714636	1205846716151
11	1205846744842	1205846746628
11	1205846748600	1205846752504
11	1205846753630	1205846762833
11	1205846765974	1205846766755
11	1205846884318	1205846886828
11	1205846891202	1205846892424
11	1205847066504	1205847068230
11	1205847068448	1205847071272
11	1205847119255	1205847122556
11	1205847205100	1205847207568
11	1205847230107	1205847235338
11	1205847238716	1205847241693
11	1205847256683	1205847260416
11	1205847264404	1205847266512
11	1205847283432	1205847287672
11	1205847295126	1205847299737
11	1205847311875	1205847316224
11	1205847342783	1205847349366
11	1205847367417	1205847379166
11	1205847380406	1205847382476
11	1205847387928	1205847392320
11	1205847412975	1205847415544
11	1205847423542	1205847428867
11	1205847430321	1205847432749
11	1205847487220	1205847489286
11	1205847560935	1205847562121
11	1205847608683	1205847610571
11	1205847610917	1205847613313
11	1205847731600	1205847735359
11	1205847743879	1205847747807
11	1205847749277	1205847755467
11	1205847803530	1205847806362
11	1205847867648	1205847869424
11	1205847879553	1205847884266
11	1205848018337	1205848020452
11	1205848020654	1205848023116
11	1205848055829	1205848066931
11	1205848071757	1205848078899
11	1205848081705	1205848083860
11	1205848090940	1205848094830
11	1205848094950	1205848099465
11	1205848100931	1205848104113
11	1205848117800	1205848120924
11	1205848144976	1205848147663
11	1205855501639	1205855505664
11	1205855510199	1205855518537
11	1205855601937	1205855611734
11	1205855645103	1205855648371
11	1205856214776	1205856217592
11	1205856218450	1205856220866
11	1205856224796	1205856236210
11	1205856244451	1205856246625
11	1205856249737	1205856251962
11	1205856254502	1205856258284
11	1205856262852	1205856265259
11	1205856266555	1205856269476
11	1205856269615	1205856270833
11	1205856276211	1205856283110
11	1205856283379	1205856287127
11	1205856288147	1205856293917
11	1205856300901	1205856308241
11	1205856308401	1205856315587
11	1205856343667	1205856348844
11	1205856352737	1205856356940
11	1205856362669	1205856366471
11	1205856366750	1205856367976
11	1205856373934	1205856375164
11	1205856381167	1205856382961
11	1205856402288	1205856404667
11	1205856405387	1205856407625
11	1205856430596	1205856433249
11	1205856459300	1205856469852
12	1205842211395	1205842213833
12	1205844568857	1205844570642
12	1205844679580	1205844683361
12	1205844733129	1205844737306
12	1205844809335	1205844814381
12	1205844839489	1205844843355
12	1205844888121	1205844891197
12	1205845154962	1205845163233
12	1205845178412	1205845183967
12	1205845184739	1205845186913
12	1205845202605	1205845206434
12	1205846182252	1205846184142
12	1205848100365	1205848116294
13	1205854343951	1205854347531
13	1205863063531	1205863063982
13	1205863064171	1205863067390
14	1205796287309	1205796289539
14	1205838686428	1205838690702
14	1205844322809	1205844324772
14	1205847204463	1205847206388
14	1205847415689	1205847417905
14	1205847648573	1205847653383
14	1205851291859	1205851294763
14	1205853110594	1205853112738
14	1205870728249	1205870730364
14	1205874108599	1205874110691
14	1205876933135	1205876937676
14	1205877262802	1205877266984
14	1205878769352	1205878771527
15	1205795321440	1205795326192
15	1205795456847	1205795460366
15	1205796287564	1205796291315
15	1205796509528	1205796513222
15	1205797190577	1205797194339
15	1205797200893	1205797203168
15	1205797883579	1205797885419
15	1205797891242	1205797893909
15	1205798076802	1205798078741
15	1205825589980	1205825591142
15	1205826939701	1205826943701
15	1205830176341	1205830178726
15	1205830200586	1205830204399
15	1205830597718	1205830598905
15	1205830607793	1205830610852
15	1205835171709	1205835174309
15	1205836858892	1205836860640
15	1205838113467	1205838115293
15	1205838673333	1205838675254
15	1205838686428	1205838689687
15	1205841905235	1205841908281
15	1205842352873	1205842354644
15	1205842447650	1205842449618
15	1205843844444	1205843845632
15	1205844322968	1205844324612
15	1205845162550	1205845164591
15	1205846016255	1205846018753
15	1205846112332	1205846114844
15	1205847204308	1205847206391
15	1205847259711	1205847260864
15	1205847416208	1205847419528
15	1205847561324	1205847565708
15	1205847649886	1205847652642
15	1205849055585	1205849059139
15	1205849179713	1205849180930
15	1205849374999	1205849377898
15	1205849539710	1205849541417
15	1205849620682	1205849624487
15	1205850582728	1205850586865
15	1205850588465	1205850591954
15	1205850599339	1205850603461
15	1205850890500	1205850895352
15	1205850899991	1205850903235
15	1205851292111	1205851295763
15	1205851454638	1205851456387
15	1205853110543	1205853112258
15	1205853116577	1205853120191
15	1205854314238	1205854317614
15	1205854325331	1205854327422
15	1205866926184	1205866928425
15	1205868946629	1205868949188
15	1205869043531	1205869046583
15	1205870728500	1205870732394
15	1205871199442	1205871202713
15	1205872154312	1205872157919
15	1205872272510	1205872276999
15	1205874108879	1205874112683
15	1205874268635	1205874271727
15	1205876933393	1205876937676
15	1205877260784	1205877265513
15	1205878769610	1205878773283
15	1205879567514	1205879570867
16	1205795322770	1205795325786
16	1205795456484	1205795458573
16	1205796509182	1205796511184
16	1205797191404	1205797193311
16	1205797199993	1205797202600
16	1205797883358	1205797885419
16	1205797890802	1205797892918
16	1205798076542	1205798078318
16	1205830201244	1205830203907
16	1205835172132	1205835175536
16	1205835277365	1205835280483
16	1205838850937	1205838852495
16	1205841901823	1205841905929
16	1205841906311	1205841908766
16	1205841963678	1205841966842
16	1205842338922	1205842341108
16	1205842347401	1205842350434
16	1205842382940	1205842386381
16	1205842426799	1205842427977
16	1205842784833	1205842786835
16	1205843994410	1205843996220
16	1205844205582	1205844207155
16	1205844693360	1205844697148
16	1205844743113	1205844748187
16	1205845082268	1205845089933
16	1205845155617	1205845157476
16	1205846016823	1205846018939
16	1205846186662	1205846188686
16	1205846202557	1205846203778
16	1205846714964	1205846718739
16	1205846741215	1205846744718
16	1205846879226	1205846882367
16	1205846901359	1205846903418
16	1205846945136	1205846949732
16	1205846974329	1205846977173
16	1205846983243	1205846985710
16	1205847106557	1205847110744
16	1205847117969	1205847119562
16	1205847560766	1205847561944
16	1205847718323	1205847720422
16	1205847721648	1205847723899
16	1205848069574	1205848071298
16	1205848149771	1205848151995
16	1205848166171	1205848168618
16	1205848357846	1205848359985
16	1205848813214	1205848816610
16	1205848905204	1205848907289
16	1205848942450	1205848946212
16	1205849055461	1205849057246
16	1205849176790	1205849178987
16	1205849179947	1205849181162
16	1205849374642	1205849377746
16	1205849617144	1205849624215
16	1205849882740	1205849886472
16	1205850197934	1205850199974
16	1205850215313	1205850219858
16	1205850585654	1205850591351
16	1205850596839	1205850602485
16	1205850940157	1205850943509
16	1205851292573	1205851295589
16	1205851329963	1205851333445
16	1205853407721	1205853409762
16	1205854334833	1205854335917
16	1205855660836	1205855664989
16	1205856211995	1205856214638
16	1205856217583	1205856225688
16	1205856286830	1205856288767
16	1205863597428	1205863598623
16	1205864340139	1205864342125
16	1205868947125	1205868950416
16	1205870729106	1205870731268
16	1205872154744	1205872158934
16	1205872272130	1205872275523
16	1205877260194	1205877263678
17	1205838849938	1205838852349
17	1205841723471	1205841725689
17	1205841762274	1205841764531
17	1205841934885	1205841939432
17	1205842135814	1205842140982
17	1205842151993	1205842155181
17	1205842203210	1205842206789
17	1205842208772	1205842212128
17	1205842215777	1205842217948
17	1205842220791	1205842224596
17	1205842253151	1205842257173
17	1205842257332	1205842260904
17	1205842290398	1205842294614
17	1205842299407	1205842302693
17	1205842338304	1205842342134
17	1205842347887	1205842349911
17	1205842373151	1205842377206
17	1205842382538	1205842386578
17	1205842426272	1205842430117
17	1205842436430	1205842438962
17	1205843302394	1205843306216
17	1205843389504	1205843392911
17	1205844205268	1205844208767
17	1205844218811	1205844222612
17	1205844243369	1205844246793
17	1205844253655	1205844257955
17	1205844259344	1205844262818
17	1205844268181	1205844272384
17	1205844496366	1205844498627
17	1205844499667	1205844503470
17	1205846878952	1205846882933
17	1205846901121	1205846903558
17	1205846945343	1205846949411
17	1205847231483	1205847234230
17	1205847255833	1205847258237
17	1205847348154	1205847351756
17	1205847362654	1205847366846
17	1205847717724	1205847721511
17	1205847721886	1205847724770
17	1205847730147	1205847733744
17	1205847750718	1205847753421
17	1205848059881	1205848063639
17	1205848068730	1205848070825
17	1205848159424	1205848173379
17	1205848180154	1205848182486
17	1205848185628	1205848187959
17	1205848813296	1205848816988
17	1205849177904	1205849179947
17	1205849880639	1205849886341
17	1205850065712	1205850067695
17	1205850145230	1205850147748
17	1205850196542	1205850200688
17	1205850212601	1205850220782
17	1205850595863	1205850599920
17	1205853123857	1205853127212
17	1205855500158	1205855502717
17	1205855579280	1205855581846
17	1205855628412	1205855631256
17	1205855648546	1205855650677
17	1205855650826	1205855653176
17	1205855653740	1205855655794
17	1205856212290	1205856215506
17	1205856225964	1205856235495
17	1205856286562	1205856290695
17	1205856347487	1205856351825
17	1205856352388	1205856358710
17	1205864340393	1205864342243
17	1205870025563	1205870029203
17	1205870046798	1205870054394
17	1205870057767	1205870067422
17	1205870067940	1205870078207
17	1205877004801	1205877006693
18	1205841681677	1205841683572
18	1205841719831	1205841727513
18	1205841760652	1205841764835
18	1205842210904	1205842212867
18	1205842215967	1205842220283
18	1205842220656	1205842223419
18	1205842253813	1205842259152
18	1205847255977	1205847260144
18	1205847348127	1205847351876
18	1205848112708	1205848116838
18	1205854347531	1205854349191
18	1205856243320	1205856245352
18	1205856431713	1205856437339
18	1205856441685	1205856443302
18	1205856452529	1205856456103
18	1205856482530	1205856484651
18	1205863059560	1205863063531
19	1205844781638	1205844783254
19	1205854285639	1205854287400
20	1205829546779	1205829553586
20	1205829565226	1205829568417
20	1205829569366	1205829578629
20	1205829582722	1205829588152
20	1205829594628	1205829611831
20	1205829611986	1205829617135
20	1205829617366	1205829618664
20	1205829624102	1205829625278
20	1205829651193	1205829658598
20	1205829661134	1205829663664
20	1205829672441	1205829680165
20	1205829680613	1205829689605
20	1205829692104	1205829694562
20	1205829701191	1205829713124
20	1205830262170	1205830263345
20	1205830526977	1205830529104
20	1205830529491	1205830530779
20	1205830552647	1205830553913
20	1205830597103	1205830598253
20	1205830675442	1205830677838
20	1205830677953	1205830680534
20	1205830722858	1205830724972
20	1205830928447	1205830932916
20	1205831076487	1205831079897
20	1205831113443	1205831115703
20	1205831116894	1205831119698
20	1205831158507	1205831160854
20	1205831177656	1205831179213
20	1205831232442	1205831235649
20	1205831326106	1205831328358
20	1205831333188	1205831335697
20	1205831449195	1205831450404
20	1205831458855	1205831461377
20	1205831723433	1205831726864
20	1205831744999	1205831748449
20	1205831751118	1205831753655
20	1205831761731	1205831768852
20	1205831768974	1205831771247
20	1205831779977	1205831783892
20	1205832406485	1205832407687
20	1205832408435	1205832414828
20	1205833295748	1205833299181
20	1205834368413	1205834370775
20	1205834408675	1205834411663
20	1205834452470	1205834453698
20	1205834461363	1205834464954
20	1205834841302	1205834849577
20	1205834851157	1205834859464
20	1205834864672	1205834868992
20	1205834886178	1205834887606
20	1205835030232	1205835032743
20	1205835409887	1205835418950
20	1205840210522	1205840210901
20	1205841461158	1205841465104
20	1205841472883	1205841475809
20	1205841479588	1205841489618
20	1205841626456	1205841628455
20	1205841635380	1205841637550
20	1205841638318	1205841640986
20	1205841647119	1205841650351
20	1205841680171	1205841688274
20	1205841689857	1205841691204
20	1205842227459	1205842229919
20	1205842540916	1205842546978
20	1205842547402	1205842555592
20	1205842560425	1205842568978
20	1205842685860	1205842692492
20	1205842869150	1205842871973
20	1205843107812	1205843113954
20	1205843122146	1205843127877
20	1205843192979	1205843197511
20	1205843752559	1205843756849
20	1205843758583	1205843761393
20	1205843890138	1205843891987
20	1205843961828	1205843963912
20	1205844148583	1205844150579
20	1205844267204	1205844276854
20	1205844322568	1205844331234
20	1205844342578	1205844344936
20	1205844345741	1205844348519
20	1205844349627	1205844356363
20	1205844498168	1205844503212
20	1205844504458	1205844510250
20	1205844771590	1205844773834
20	1205844781454	1205844784865
20	1205845383628	1205845388766
20	1205845418215	1205845423478
20	1205845573520	1205845582258
20	1205845695665	1205845701245
20	1205845703679	1205845704938
20	1205845711480	1205845713685
20	1205845714937	1205845718136
20	1205845724159	1205845727949
20	1205845729564	1205845731912
20	1205845733206	1205845740657
20	1205845741442	1205845750261
20	1205845752186	1205845754541
20	1205845778388	1205845779652
20	1205845785319	1205845790363
20	1205845800885	1205845803394
20	1205845816888	1205845819282
20	1205845852216	1205845855756
20	1205845884178	1205845891701
20	1205846189582	1205846197621
20	1205846260646	1205846265733
20	1205846272397	1205846275277
20	1205846276577	1205846279225
20	1205846356550	1205846358550
20	1205846398432	1205846403920
20	1205846415895	1205846417531
20	1205846452324	1205846461382
20	1205846461625	1205846463839
20	1205846471276	1205846473268
20	1205847103101	1205847110744
20	1205847308571	1205847316362
20	1205847371330	1205847374517
20	1205847447962	1205847450579
20	1205847459306	1205847460613
20	1205847550431	1205847552262
20	1205847560935	1205847562326
20	1205847636881	1205847639935
20	1205847672663	1205847675181
20	1205847732721	1205847734155
20	1205847765829	1205847768252
20	1205847966237	1205847973616
20	1205848086598	1205848092663
20	1205848143564	1205848148800
20	1205848187924	1205848189361
20	1205848310663	1205848316185
20	1205848348594	1205848352552
20	1205848354175	1205848356477
20	1205848977975	1205848985603
20	1205848999144	1205849001474
20	1205849161957	1205849170538
20	1205849514942	1205849526243
20	1205849532498	1205849540457
20	1205849614710	1205849616368
20	1205849845789	1205849848367
20	1205850244340	1205850247445
20	1205850248229	1205850251781
20	1205850955668	1205850960250
20	1205850988253	1205850994936
20	1205851133486	1205851136541
20	1205851154223	1205851157691
20	1205851174902	1205851181381
20	1205851201704	1205851206526
20	1205851209917	1205851210366
20	1205851289538	1205851293761
20	1205851341947	1205851347490
20	1205851348905	1205851350183
20	1205851429939	1205851438258
20	1205851499221	1205851509925
20	1205851637745	1205851639964
20	1205851645707	1205851648175
20	1205851678713	1205851687234
20	1205851692217	1205851695128
20	1205851741554	1205851743972
20	1205851797124	1205851799912
20	1205851858815	1205851869283
20	1205851887401	1205851893912
20	1205851924876	1205851931902
20	1205851937467	1205851947106
20	1205852500472	1205852509604
20	1205852712810	1205852717374
20	1205852726991	1205852732634
20	1205852992946	1205852999642
20	1205853006790	1205853011643
20	1205853036120	1205853039841
20	1205853040680	1205853043316
20	1205853089476	1205853094676
20	1205853100440	1205853106521
20	1205853114931	1205853121301
20	1205853495464	1205853496653
20	1205853695342	1205853696540
20	1205854221520	1205854226168
20	1205854229392	1205854230661
20	1205854235837	1205854241645
20	1205854242141	1205854244514
20	1205854246735	1205854248157
20	1205854253490	1205854257641
20	1205854259461	1205854262282
20	1205854267722	1205854276162
20	1205854277250	1205854286332
20	1205854286760	1205854291176
20	1205854300285	1205854302478
20	1205854310833	1205854314597
20	1205876975981	1205876978840
20	1205876980801	1205876985784
21	1205829545890	1205829548732
21	1205829551482	1205829554264
21	1205829564670	1205829566982
21	1205829601451	1205829610299
21	1205830113742	1205830117278
21	1205830138733	1205830142654
21	1205831751974	1205831756143
21	1205831760649	1205831764359
21	1205835413610	1205835418818
21	1205840198135	1205840201154
21	1205840211476	1205840214629
21	1205841459714	1205841463158
21	1205841473537	1205841477957
21	1205841478349	1205841481938
21	1205842564217	1205842569197
21	1205842680898	1205842685540
21	1205843108913	1205843112358
21	1205844325789	1205844330991
21	1205844341198	1205844345624
21	1205844350243	1205844355279
21	1205844497693	1205844500563
21	1205844505704	1205844511100
21	1205844666236	1205844674280
21	1205844770251	1205844773265
21	1205844781946	1205844786320
21	1205845383362	1205845390525
21	1205845417871	1205845425696
21	1205845571497	1205845577905
21	1205845885249	1205845890510
21	1205846188104	1205846192974
21	1205848350177	1205848352393
21	1205848354324	1205848359813
21	1205848976373	1205848980940
21	1205849144939	1205849148808
21	1205849153587	1205849157443
21	1205849164795	1205849169721
21	1205849513452	1205849518792
21	1205849522380	1205849528582
21	1205849531547	1205849534707
21	1205849543565	1205849547794
21	1205849568569	1205849572824
21	1205849574709	1205849582735
21	1205849842834	1205849852191
21	1205850243178	1205850246527
21	1205850249128	1205850252874
21	1205850296828	1205850302185
21	1205850558910	1205850565502
21	1205850954488	1205850958438
21	1205851290218	1205851294843
21	1205851340994	1205851344536
21	1205851431509	1205851437379
21	1205851497294	1205851502369
21	1205851941382	1205851946142
21	1205852499321	1205852502343
21	1205853008487	1205853015198
21	1205853032511	1205853038944
21	1205853101872	1205853105760
21	1205853115354	1205853120959
21	1205854288354	1205854293834
21	1205854298842	1205854302325
21	1205854312697	1205854314732
21	1205876972521	1205876977198
21	1205876982613	1205876988736
22	1205829544958	1205829547616
22	1205829562966	1205829565469
22	1205830139333	1205830142291
22	1205831753797	1205831756661
22	1205831759751	1205831763189
22	1205835415412	1205835423840
22	1205838491242	1205838492358
22	1205838674425	1205838676127
22	1205838685590	1205838689525
22	1205840197609	1205840200104
22	1205840212507	1205840215216
22	1205841458832	1205841461940
22	1205841474774	1205841481403
22	1205842565922	1205842568839
22	1205842680387	1205842683825
22	1205844327606	1205844330582
22	1205844340243	1205844343295
22	1205844351767	1205844355891
22	1205844496221	1205844499590
22	1205844507444	1205844510662
22	1205844665349	1205844668304
22	1205844671256	1205844675447
22	1205844768131	1205844772229
22	1205844783128	1205844786166
22	1205844958545	1205844960744
22	1205845382742	1205845383966
22	1205845387258	1205845389763
22	1205845416146	1205845419509
22	1205845421858	1205845426414
22	1205845492219	1205845497114
22	1205845501225	1205845505829
22	1205845539868	1205845546603
22	1205845570541	1205845574805
22	1205845887393	1205845890125
22	1205846187469	1205846190197
22	1205847107582	1205847111949
22	1205848355906	1205848358602
22	1205848975161	1205848978317
22	1205849144271	1205849148400
22	1205849154296	1205849158452
22	1205849166117	1205849169204
22	1205849174817	1205849178343
22	1205849454794	1205849456875
22	1205849512393	1205849515332
22	1205849518792	1205849520528
22	1205849523320	1205849526194
22	1205849530708	1205849533291
22	1205849565136	1205849569548
22	1205849579499	1205849585599
22	1205849615211	1205849617420
22	1205849621972	1205849625804
22	1205849848553	1205849852313
22	1205849876106	1205849878681
22	1205850231902	1205850238306
22	1205850241905	1205850245489
22	1205850250368	1205850253812
22	1205850262564	1205850265503
22	1205850295945	1205850298977
22	1205850299191	1205850304372
22	1205850319129	1205850328950
22	1205850332916	1205850340761
22	1205850354292	1205850356855
22	1205850360905	1205850362272
22	1205850404510	1205850406890
22	1205850407218	1205850409833
22	1205850410617	1205850413279
22	1205850422153	1205850426638
22	1205850428306	1205850429338
22	1205850436366	1205850438776
22	1205850443517	1205850448548
22	1205850484995	1205850492251
22	1205850505838	1205850508168
22	1205850513626	1205850517850
22	1205850524791	1205850527608
22	1205850554431	1205850556535
22	1205850558113	1205850560835
22	1205850562396	1205850565370
22	1205850579297	1205850584595
22	1205850589757	1205850593948
22	1205850603889	1205850606489
22	1205850610184	1205850616202
22	1205850643994	1205850650315
22	1205850653309	1205850658242
22	1205850664249	1205850668696
22	1205850675598	1205850677458
22	1205850677680	1205850680390
22	1205850690150	1205850692695
22	1205850808863	1205850810903
22	1205850845115	1205850850312
22	1205850855657	1205850861111
22	1205850861249	1205850865979
22	1205850901677	1205850905961
22	1205850914882	1205850920339
22	1205850920554	1205850930817
22	1205850954696	1205850956105
22	1205851332845	1205851336880
22	1205851339743	1205851343159
22	1205851434793	1205851437869
22	1205851454322	1205851459277
22	1205851459530	1205851474357
22	1205851476991	1205851485862
22	1205851496361	1205851499480
22	1205851942716	1205851946689
22	1205852498672	1205852501510
22	1205852978353	1205852979906
22	1205853011515	1205853015486
22	1205853031413	1205853035564
22	1205854290786	1205854295154
22	1205854296969	1205854300541
22	1205854326905	1205854328888
22	1205855660572	1205855662758
22	1205855663612	1205855665525
22	1205855749307	1205855751769
22	1205856074158	1205856079110
22	1205856107182	1205856110102
22	1205856144360	1205856149478
22	1205876935436	1205876938912
22	1205876971443	1205876974968
22	1205876985253	1205876989354
23	1205795323886	1205795327191
23	1205796289275	1205796290489
23	1205829544249	1205829546624
23	1205829553716	1205829556182
23	1205829562103	1205829564101
23	1205830110927	1205830113999
23	1205830139888	1205830142291
23	1205830173286	1205830176654
23	1205831754409	1205831756285
23	1205831759751	1205831762161
23	1205835419523	1205835423356
23	1205840196908	1205840199622
23	1205840213669	1205840215887
23	1205841458105	1205841461128
23	1205841983700	1205841987644
23	1205842133707	1205842137460
23	1205842340258	1205842344364
23	1205842346647	1205842349776
23	1205842445802	1205842449122
23	1205842566589	1205842569533
23	1205842679172	1205842681947
23	1205844328293	1205844331457
23	1205844339439	1205844342424
23	1205844352954	1205844356247
23	1205844496783	1205844497952
23	1205844664499	1205844667342
23	1205844746353	1205844749460
23	1205844768131	1205844769921
23	1205844807647	1205844809732
23	1205844814227	1205844818472
23	1205844827124	1205844833268
23	1205844836905	1205844844805
23	1205844847115	1205844849652
23	1205844856984	1205844864707
23	1205844865769	1205844876750
23	1205844877798	1205844882885
23	1205844896436	1205844902182
23	1205844902612	1205844904955
23	1205844918776	1205844922698
23	1205844923452	1205844942202
23	1205844942212	1205844950731
23	1205844951416	1205844962308
23	1205844962920	1205844981654
23	1205844982961	1205844986908
23	1205844995734	1205845002693
23	1205845004179	1205845034532
23	1205845040941	1205845046395
23	1205845049665	1205845057522
23	1205845063152	1205845072529
23	1205845077277	1205845084236
23	1205845087619	1205845090790
23	1205845110258	1205845115195
23	1205845118461	1205845119829
23	1205845161162	1205845163743
23	1205845380896	1205845384582
23	1205845422958	1205845431731
23	1205845434545	1205845439275
23	1205845441429	1205845444442
23	1205845445711	1205845451780
23	1205845465639	1205845471383
23	1205845486714	1205845489979
23	1205845490193	1205845494157
23	1205845494424	1205845497456
23	1205845887631	1205845891810
23	1205846113127	1205846116140
23	1205846129205	1205846132397
23	1205846145492	1205846146770
23	1205846146896	1205846151146
23	1205846185889	1205846188910
23	1205847107861	1205847110744
23	1205847202825	1205847205638
23	1205847650633	1205847655788
23	1205848884175	1205848886519
23	1205848886852	1205848892257
23	1205848945770	1205848960627
23	1205848973713	1205848977975
23	1205849166691	1205849169914
23	1205849174318	1205849178801
23	1205849454540	1205849456657
23	1205849511485	1205849514424
23	1205849524605	1205849527104
23	1205849529444	1205849532498
23	1205849565492	1205849567605
23	1205849581499	1205849585773
23	1205849614729	1205849616956
23	1205849849711	1205849852730
23	1205849877881	1205849880486
23	1205850236249	1205850244709
23	1205850251336	1205850253407
23	1205850259725	1205850262839
23	1205850263136	1205850268919
23	1205850269315	1205850273876
23	1205850278431	1205850287100
23	1205850287406	1205850297196
23	1205850301305	1205850311170
23	1205850316963	1205850320587
23	1205850329151	1205850331824
23	1205850332198	1205850336693
23	1205850339145	1205850348713
23	1205850361804	1205850367556
23	1205850379947	1205850385817
23	1205850388457	1205850395728
23	1205850395965	1205850399664
23	1205850409252	1205850415713
23	1205850423711	1205850426128
23	1205850427130	1205850429693
23	1205850436713	1205850445924
23	1205850445932	1205850452791
23	1205850455468	1205850461723
23	1205850462573	1205850469949
23	1205850470536	1205850475364
23	1205850475484	1205850478146
23	1205850486361	1205850488514
23	1205850490205	1205850495896
23	1205850498776	1205850500765
23	1205850500928	1205850507641
23	1205850564734	1205850567107
23	1205850590868	1205850596175
23	1205850604610	1205850606410
23	1205850607558	1205850609314
23	1205850613306	1205850622215
23	1205850628545	1205850636436
23	1205850650475	1205850655699
23	1205850662249	1205850665764
23	1205850668152	1205850672152
23	1205850677802	1205850682672
23	1205850685745	1205850688192
23	1205850688321	1205850692979
23	1205850696975	1205850698403
23	1205850720484	1205850726535
23	1205850734943	1205850740572
23	1205850773593	1205850775688
23	1205850778930	1205850781871
23	1205850789194	1205850795285
23	1205850818834	1205850820118
23	1205850820237	1205850826832
23	1205850830713	1205850835109
23	1205850842780	1205850844390
23	1205850849933	1205850855913
23	1205850866125	1205850871862
23	1205850880971	1205850884789
23	1205850929503	1205850931590
23	1205850953237	1205850954743
23	1205851334710	1205851336743
23	1205851338289	1205851342670
23	1205851435487	1205851438775
23	1205851446744	1205851450122
23	1205851452518	1205851454638
23	1205851480462	1205851482431
23	1205851943750	1205851947962
23	1205852497341	1205852500133
23	1205852978368	1205852980274
23	1205853102316	1205853105987
23	1205854293252	1205854297487
23	1205854332305	1205854335749
23	1205855655322	1205855661850
23	1205855663488	1205855677388
23	1205855677580	1205855680567
23	1205855680700	1205855739211
23	1205855739690	1205855744667
23	1205855745172	1205855751338
23	1205855751632	1205855753788
23	1205855755468	1205855765697
23	1205855765885	1205855795206
23	1205855814869	1205855816151
23	1205855960724	1205855968961
23	1205855972109	1205856007910
23	1205856009975	1205856028594
23	1205856028978	1205856035603
23	1205856035761	1205856042185
23	1205856044792	1205856078798
23	1205856081878	1205856083853
23	1205856089925	1205856097410
23	1205856132527	1205856137271
23	1205856137398	1205856159990
23	1205856161327	1205856175841
23	1205856175980	1205856177297
23	1205856178736	1205856185618
23	1205856186778	1205856188924
23	1205856189688	1205856191860
23	1205856192296	1205856212290
23	1205863606174	1205863608511
23	1205869042551	1205869044160
23	1205874110186	1205874111876
23	1205876968894	1205876972836
23	1205876987861	1205876992259
23	1205876999354	1205877001431
23	1205878771305	1205878772256
24	1205795324830	1205795328494
24	1205795453376	1205795457740
24	1205796290149	1205796293269
24	1205796506960	1205796509890
24	1205797193449	1205797196374
24	1205797197578	1205797200652
24	1205797885114	1205797888455
24	1205797888989	1205797890942
24	1205798080366	1205798083125
24	1205825587774	1205825589522
24	1205826346836	1205826348586
24	1205826941925	1205826944647
24	1205830109727	1205830112486
24	1205830172333	1205830174657
24	1205830202394	1205830205661
24	1205830567596	1205830568772
24	1205830605288	1205830608888
24	1205835173945	1205835176841
24	1205835275150	1205835278326
24	1205835421299	1205835424730
24	1205836861126	1205836863775
24	1205838847907	1205838851867
24	1205840196340	1205840198383
24	1205841457412	1205841459242
24	1205841769117	1205841775458
24	1205841776382	1205841783956
24	1205841899878	1205841903385
24	1205841908161	1205841910841
24	1205841945532	1205841947552
24	1205842141731	1205842144803
24	1205842150992	1205842154187
24	1205842354784	1205842357412
24	1205842374807	1205842377838
24	1205842381182	1205842384783
24	1205842427477	1205842430953
24	1205842434616	1205842438176
24	1205843388338	1205843391470
24	1205843846880	1205843850657
24	1205843993323	1205843995673
24	1205844206544	1205844210280
24	1205844218226	1205844220233
24	1205844252127	1205844256566
24	1205844260660	1205844262954
24	1205844267204	1205844269350
24	1205844691326	1205844694332
24	1205844793428	1205844797725
24	1205844805112	1205844808852
24	1205845157161	1205845159860
24	1205845945579	1205845947549
24	1205846017899	1205846020818
24	1205846110544	1205846112450
24	1205846148894	1205846152176
24	1205846184700	1205846186923
24	1205846191394	1205846195104
24	1205846198942	1205846203910
24	1205846711496	1205846714799
24	1205846896568	1205846901893
24	1205846947158	1205846951877
24	1205846967971	1205846975408
24	1205846985160	1205846988575
24	1205847417905	1205847420778
24	1205847559224	1205847562981
24	1205847752128	1205847755665
24	1205848187281	1205848188914
24	1205848814661	1205848819322
24	1205848828408	1205848834590
24	1205848840497	1205848842667
24	1205848851518	1205848856288
24	1205848866279	1205848868409
24	1205849053323	1205849056441
24	1205849177684	1205849179947
24	1205849180421	1205849182617
24	1205849372598	1205849377898
24	1205849838827	1205849843207
24	1205849880358	1205849886213
24	1205849997435	1205849998981
24	1205850025749	1205850028404
24	1205850129546	1205850130727
24	1205850213347	1205850214541
24	1205850216228	1205850224778
24	1205850500724	1205850504133
24	1205850594102	1205850598665
24	1205851445341	1205851448166
24	1205851455929	1205851458461
24	1205851945381	1205851948231
24	1205853118764	1205853121157
24	1205853122673	1205853124803
24	1205853408812	1205853410902
24	1205855497978	1205855501894
24	1205855650167	1205855655586
24	1205855783705	1205855787427
24	1205855790586	1205855793520
24	1205855794738	1205855803799
24	1205855804157	1205855806600
24	1205855807279	1205855811859
24	1205855813724	1205855815736
24	1205855816339	1205855870290
24	1205855870655	1205855906320
24	1205855906948	1205855953611
24	1205855954254	1205855960212
24	1205855983570	1205855986579
24	1205856005240	1205856007264
24	1205856008487	1205856016867
24	1205856433524	1205856436494
24	1205864341597	1205864342885
24	1205866922774	1205866925674
24	1205868948648	1205868952158
24	1205869041121	1205869044370
24	1205870008523	1205870017628
24	1205870022711	1205870026129
24	1205870028378	1205870033379
24	1205870039615	1205870047857
24	1205870077431	1205870083341
24	1205870730512	1205870733316
24	1205871197698	1205871199753
24	1205872156429	1205872159321
24	1205872269433	1205872272644
24	1205874110967	1205874114460
24	1205874266539	1205874269610
24	1205876965919	1205876971193
24	1205876990640	1205876995756
24	1205877255875	1205877259790
24	1205878771819	1205878774999
24	1205879565232	1205879568991
25	1205841678832	1205841682753
25	1205841762612	1205841766786
25	1205841899116	1205841903335
25	1205842150716	1205842154506
25	1205842207241	1205842208960
25	1205842374934	1205842376599
25	1205842434472	1205842437741
25	1205843303773	1205843307506
25	1205844217975	1205844219185
25	1205844244409	1205844248309
25	1205844252127	1205844255692
25	1205844267437	1205844269911
25	1205844492773	1205844495613
25	1205846182422	1205846186662
25	1205846711131	1205846714964
25	1205846880917	1205846883810
25	1205846893852	1205846897199
25	1205846899717	1205846901678
25	1205846985379	1205846989216
25	1205847233449	1205847244505
25	1205847248548	1205847253577
25	1205847254237	1205847258237
25	1205847260144	1205847264950
25	1205847272151	1205847274287
25	1205847274685	1205847277456
25	1205847279258	1205847280822
25	1205847281778	1205847284381
25	1205847298785	1205847301421
25	1205847349486	1205847353673
25	1205847358811	1205847362576
25	1205847364671	1205847366717
25	1205847392845	1205847395435
25	1205847618897	1205847621221
25	1205847647374	1205847649463
25	1205847715113	1205847718668
25	1205847723579	1205847729290
25	1205848007552	1205848012140
25	1205848063316	1205848064561
25	1205848065851	1205848068920
25	1205848188168	1205848191608
25	1205849052987	1205849054711
25	1205849178987	1205849180930
25	1205849837750	1205849840860
25	1205849841268	1205849843346
25	1205849861189	1205849863231
25	1205849880232	1205849884629
25	1205850218403	1205850220500
25	1205850222354	1205850224574
25	1205850353521	1205850355896
25	1205850424124	1205850426280
25	1205850441709	1205850446674
25	1205855630546	1205855632457
25	1205855641599	1205855653380
25	1205855826455	1205855827652
25	1205855839505	1205855842530
25	1205856233781	1205856236697
25	1205856283244	1205856286698
25	1205856469626	1205856470836
25	1205856484389	1205856490253
25	1205864341509	1205864344203
25	1205876964847	1205876967975
25	1205876992485	1205876994883
25	1205877007698	1205877009519
25	1205877254408	1205877259542
26	1205846881325	1205846883671
26	1205846888580	1205846896384
26	1205847235958	1205847238125
26	1205847242903	1205847244641
26	1205847247920	1205847252400
26	1205847279924	1205847284530
26	1205847308431	1205847310972
26	1205847629194	1205847630908
26	1205847644189	1205847646231
26	1205847669934	1205847671907
26	1205856263334	1205856272209
27	1205826362463	1205826367239
27	1205826372662	1205826376695
27	1205838674710	1205838676502
27	1205838684729	1205838688460
27	1205838877615	1205838881405
27	1205838904215	1205838906174
27	1205841468523	1205841471997
27	1205841486419	1205841490263
27	1205841761511	1205841763843
27	1205841780943	1205841783520
27	1205841948266	1205841951356
27	1205841960770	1205841963529
27	1205842085875	1205842088242
27	1205842126128	1205842130279
27	1205842342295	1205842344584
27	1205842344911	1205842348236
27	1205842786479	1205842788556
27	1205842806489	1205842808719
27	1205843328816	1205843336515
27	1205844673810	1205844676468
27	1205844679247	1205844682955
27	1205844747881	1205844751288
27	1205844766808	1205844770377
27	1205844818204	1205844821646
27	1205844823910	1205844828336
27	1205844903980	1205844906191
27	1205844915175	1205844920202
27	1205844960550	1205844962644
27	1205844986665	1205844994557
27	1205845001205	1205845005235
27	1205845089623	1205845092735
27	1205845107968	1205845111833
27	1205845118588	1205845122723
27	1205845148920	1205845155365
27	1205845166411	1205845171328
27	1205845272555	1205845275924
27	1205845283763	1205845287507
27	1205846114571	1205846117146
27	1205846120670	1205846124389
27	1205847108360	1205847112331
27	1205847116853	1205847118738
27	1205849129314	1205849132326
27	1205849142624	1205849146939
27	1205849156410	1205849164607
27	1205849173971	1205849176308
27	1205849378120	1205849381201
27	1205849449804	1205849453874
27	1205849457235	1205849460104
27	1205849515620	1205849518998
27	1205849525876	1205849530856
27	1205849536874	1205849539429
27	1205849563991	1205849567417
27	1205849594791	1205849601569
27	1205849607515	1205849617840
27	1205849623172	1205849627811
27	1205849706549	1205849708676
27	1205849708896	1205849714779
27	1205849806998	1205849810556
27	1205849884399	1205849886923
27	1205849892301	1205849895731
27	1205849983374	1205849985105
27	1205850024407	1205850026992
27	1205850084410	1205850086718
27	1205850197396	1205850198578
27	1205850215184	1205850216383
27	1205850216898	1205850220782
27	1205850221940	1205850225552
27	1205850904193	1205850909279
27	1205850912132	1205850918838
27	1205852978885	1205852981493
27	1205853012966	1205853020928
27	1205853030341	1205853036260
27	1205853094434	1205853098202
27	1205854327558	1205854332924
27	1205855724101	1205855725900
27	1205855747881	1205855749946
27	1205856079110	1205856081411
27	1205856094796	1205856096717
27	1205856115678	1205856117928
27	1205856119714	1205856123278
27	1205856127515	1205856129745
27	1205856145750	1205856147928
27	1205856148515	1205856151728
27	1205863598746	1205863600529
27	1205863604625	1205863607161
27	1205876937386	1205876942857
27	1205876952339	1205876955631
28	1205826361900	1205826366802
28	1205826373286	1205826376205
28	1205831755661	1205831764255
28	1205841467947	1205841471836
28	1205841487180	1205841490263
28	1205841778785	1205841783264
28	1205841947391	1205841949178
28	1205841985260	1205841990588
28	1205842057691	1205842062561
28	1205842107151	1205842111701
28	1205842120916	1205842127451
28	1205842127582	1205842130154
28	1205842130770	1205842137108
28	1205842341685	1205842346812
28	1205842807212	1205842809683
28	1205843312645	1205843318892
28	1205843326875	1205843330896
28	1205843332853	1205843336656
28	1205844513118	1205844519823
28	1205844522843	1205844524329
28	1205844530391	1205844532830
28	1205844537629	1205844543610
28	1205844679921	1205844682767
28	1205844784912	1205844787150
28	1205845149704	1205845155207
28	1205845167288	1205845171106
28	1205845271477	1205845275210
28	1205845284522	1205845287883
28	1205846121452	1205846124258
28	1205847651583	1205847653765
28	1205849128584	1205849131568
28	1205849174460	1205849177904
28	1205849377464	1205849380948
28	1205849807624	1205849810556
28	1205849840585	1205849843962
28	1205849844245	1205849848530
28	1205849848689	1205849858121
28	1205849870146	1205849871412
28	1205849871535	1205849882145
28	1205850024667	1205850028969
28	1205850078507	1205850084796
28	1205850222742	1205850225218
28	1205850252681	1205850262317
28	1205850272565	1205850275763
28	1205850276407	1205850281669
28	1205853095544	1205853103466
28	1205855657924	1205855661672
28	1205855663737	1205855668487
28	1205855676464	1205855676791
28	1205855684321	1205855686442
28	1205855701298	1205855717421
28	1205855720710	1205855729274
28	1205855738759	1205855742864
28	1205855752876	1205855756845
28	1205855956615	1205855962360
28	1205855999541	1205856003403
28	1205856021456	1205856023711
28	1205856056365	1205856058585
28	1205856059487	1205856071510
28	1205856078926	1205856080761
28	1205856081206	1205856084279
28	1205856088572	1205856089791
28	1205856092482	1205856094796
28	1205856121977	1205856126145
28	1205856128237	1205856134421
28	1205856135451	1205856137655
28	1205856145616	1205856153326
28	1205856153727	1205856162170
28	1205856386539	1205856390634
28	1205856430463	1205856433798
28	1205870005909	1205870009573
28	1205876954657	1205876958272
28	1205876997769	1205877001472
29	1205797886626	1205797888422
29	1205826361265	1205826363834
29	1205826374147	1205826376801
29	1205830171496	1205830173446
29	1205841466775	1205841468795
29	1205841488178	1205841491135
29	1205841766643	1205841769753
29	1205842129267	1205842131156
29	1205842568338	1205842570513
29	1205843309936	1205843315214
29	1205843315998	1205843319348
29	1205843323899	1205843329431
29	1205843334877	1205843336975
29	1205844384759	1205844387864
29	1205844419681	1205844425307
29	1205844435206	1205844438511
29	1205844438672	1205844444693
29	1205844493577	1205844496509
29	1205844538642	1205844541797
29	1205844785556	1205844794445
29	1205845169372	1205845171485
29	1205845296797	1205845300101
29	1205845301494	1205845305285
29	1205845327561	1205845336214
29	1205845889549	1205845892119
29	1205846122424	1205846125686
29	1205846126686	1205846128981
29	1205846192724	1205846195716
29	1205846197181	1205846200655
29	1205847653383	1205847654960
29	1205849127416	1205849130356
29	1205849175125	1205849177684
29	1205849376370	1205849379439
29	1205849808570	1205849811377
29	1205849834793	1205849842352
29	1205849876880	1205849880105
29	1205850026113	1205850028603
29	1205850030539	1205850033338
29	1205850034189	1205850036502
29	1205850379649	1205850383293
29	1205850453736	1205850463504
29	1205850484141	1205850488514
29	1205850489266	1205850491239
29	1205850493529	1205850495768
29	1205850496931	1205850498278
29	1205850499662	1205850501796
29	1205850516785	1205850520451
29	1205850521332	1205850525351
29	1205850544156	1205850546228
29	1205855911876	1205855918516
29	1205855919283	1205855922904
29	1205855937657	1205855941554
29	1205855943681	1205855947320
29	1205855948276	1205855950250
29	1205869040453	1205869042551
29	1205870004150	1205870007853
29	1205870020514	1205870024648
29	1205876956884	1205876961291
29	1205876994659	1205876999935
30	1205795326925	1205795330537
30	1205795451949	1205795455641
30	1205796505740	1205796506960
30	1205797194791	1205797199270
30	1205797886343	1205797890194
30	1205798081465	1205798084945
30	1205826347620	1205826350323
30	1205826360632	1205826364719
30	1205826374717	1205826377554
30	1205826943701	1205826944462
30	1205829542141	1205829545222
30	1205830108631	1205830112327
30	1205830141352	1205830143912
30	1205830170400	1205830173580
30	1205830203335	1205830208387
30	1205830601190	1205830603514
30	1205830604144	1205830606364
30	1205835175270	1205835178967
30	1205835274937	1205835275957
30	1205835422553	1205835426852
30	1205838110710	1205838112953
30	1205838847287	1205838849579
30	1205840195802	1205840197867
30	1205840214764	1205840218657
30	1205841455966	1205841459988
30	1205841466261	1205841469367
30	1205841489983	1205841491939
30	1205841677807	1205841681317
30	1205841764221	1205841769371
30	1205841929483	1205841932288
30	1205842129556	1205842132172
30	1205842143107	1205842153528
30	1205842375648	1205842383940
30	1205842432381	1205842438191
30	1205842443394	1205842446438
30	1205842568620	1205842572615
30	1205842677220	1205842680742
30	1205842809289	1205842811434
30	1205843308146	1205843314185
30	1205843316897	1205843320550
30	1205843322617	1205843328421
30	1205843335426	1205843337639
30	1205843387479	1205843390742
30	1205843848497	1205843850470
30	1205843987226	1205843997371
30	1205844207296	1205844210858
30	1205844213675	1205844221563
30	1205844245111	1205844255400
30	1205844261874	1205844270185
30	1205844318990	1205844320711
30	1205844330719	1205844333565
30	1205844337117	1205844341354
30	1205844386360	1205844389707
30	1205844392770	1205844394759
30	1205844398116	1205844409125
30	1205844418339	1205844425534
30	1205844436450	1205844441998
30	1205844442228	1205844446149
30	1205844492912	1205844495957
30	1205844540121	1205844542706
30	1205844588839	1205844592503
30	1205844662346	1205844665863
30	1205844681720	1205844684577
30	1205844689778	1205844693692
30	1205844790562	1205844793883
30	1205845158612	1205845161665
30	1205845169651	1205845173680
30	1205845269674	1205845273744
30	1205845297666	1205845304514
30	1205845328751	1205845333791
30	1205845889847	1205845893463
30	1205846020818	1205846022689
30	1205846109191	1205846114844
30	1205846986483	1205846989522
30	1205847200745	1205847203881
30	1205847250736	1205847257793
30	1205847262180	1205847265201
30	1205847350672	1205847355656
30	1205847358453	1205847364205
30	1205847419150	1205847422672
30	1205847558886	1205847563338
30	1205847653112	1205847658361
30	1205847753541	1205847762752
30	1205847998544	1205848007354
30	1205848188168	1205848191769
30	1205848817317	1205848820794
30	1205848825200	1205848830351
30	1205849126813	1205849129741
30	1205849168859	1205849171627
30	1205849172867	1205849179947
30	1205849181162	1205849183167
30	1205849371349	1205849378295
30	1205849509505	1205849513121
30	1205849526334	1205849530856
30	1205849809390	1205849812179
30	1205849834154	1205849837616
30	1205849877756	1205849880908
30	1205849881139	1205849885197
30	1205850215724	1205850219306
30	1205850219984	1205850225680
30	1205850325214	1205850327219
30	1205850328354	1205850330954
30	1205850352927	1205850356855
30	1205850359246	1205850365739
30	1205850378406	1205850381606
30	1205850516734	1205850526366
30	1205850555733	1205850559931
30	1205851437998	1205851441104
30	1205851444188	1205851447702
30	1205851946558	1205851950385
30	1205852495768	1205852499323
30	1205853119937	1205853124293
30	1205855487715	1205855492429
30	1205855495548	1205855499659
30	1205855574301	1205855578665
30	1205863056601	1205863058356
30	1205866923234	1205866924682
30	1205868949876	1205868953454
30	1205869039707	1205869042544
30	1205870030818	1205870037692
30	1205870081995	1205870084922
30	1205871196597	1205871199977
30	1205872157667	1205872161391
30	1205872268421	1205872272130
30	1205874112942	1205874115617
30	1205874265647	1205874268800
30	1205876958490	1205876964711
30	1205876966196	1205876968637
30	1205878772952	1205878776520
30	1205879564270	1205879567387
31	1205795328231	1205795331233
31	1205795449485	1205795453561
31	1205795676236	1205795679755
31	1205795683932	1205795687451
31	1205795807736	1205795809609
31	1205796292758	1205796297316
31	1205796501547	1205796508200
31	1205798105213	1205798109958
31	1205799963778	1205799969487
31	1205823502987	1205823504221
31	1205825585763	1205825587575
31	1205826944591	1205826947775
31	1205829114432	1205829118101
31	1205829528448	1205829535799
31	1205829538408	1205829540503
31	1205829540833	1205829546157
31	1205830107186	1205830110107
31	1205830549991	1205830553724
31	1205832519330	1205832521475
31	1205834835446	1205834837490
31	1205835176521	1205835179421
31	1205835272231	1205835275373
31	1205836863438	1205836865540
31	1205837870654	1205837873509
31	1205838109786	1205838112110
31	1205838147485	1205838152150
31	1205838210431	1205838212750
31	1205838460423	1205838461643
31	1205838845695	1205838849803
31	1205839778512	1205839785808
31	1205839791284	1205839796205
31	1205840216349	1205840220534
31	1205841447783	1205841452350
31	1205841551260	1205841553209
31	1205841658889	1205841663378
31	1205841896407	1205841899532
31	1205841911109	1205841914682
31	1205841927823	1205841931167
31	1205842135659	1205842138339
31	1205842357104	1205842360527
31	1205842441729	1205842444474
31	1205842569909	1205842573786
31	1205842675500	1205842678422
31	1205842811338	1205842813943
31	1205843336261	1205843338981
31	1205843385799	1205843388656
31	1205843849786	1205843852397
31	1205843986338	1205843988339
31	1205844316434	1205844319455
31	1205844444750	1205844449274
31	1205844489951	1205844494575
31	1205844590985	1205844597453
31	1205844597591	1205844602713
31	1205844661514	1205844663931
31	1205845171645	1205845175668
31	1205845175789	1205845183679
31	1205845184613	1205845186605
31	1205845268359	1205845272452
31	1205845891840	1205845917223
31	1205845917446	1205845920483
31	1205845929513	1205845935142
31	1205845942808	1205845945861
31	1205845967511	1205845985437
31	1205846019933	1205846022555
31	1205846023746	1205846028204
31	1205846045656	1205846048174
31	1205846073271	1205846074544
31	1205846082784	1205846090457
31	1205846107823	1205846112682
31	1205846305306	1205846307353
31	1205846573572	1205846576800
31	1205846694729	1205846696828
31	1205846709171	1205846713287
31	1205846987342	1205846989954
31	1205847199585	1205847201838
31	1205847263404	1205847265927
31	1205847420244	1205847423104
31	1205847556818	1205847561454
31	1205847654469	1205847658766
31	1205847759753	1205847762930
31	1205847996177	1205848000794
31	1205848189210	1205848193208
31	1205848865524	1205848868201
31	1205849049623	1205849053935
31	1205849177904	1205849183805
31	1205849369142	1205849373581
31	1205849374449	1205849377234
31	1205849508591	1205849511304
31	1205849817297	1205849820605
31	1205849829434	1205849842352
31	1205849879420	1205849882611
31	1205849888675	1205849895919
31	1205850132928	1205850138617
31	1205850217558	1205850229607
31	1205850318870	1205850322555
31	1205850598544	1205850600651
31	1205850696509	1205850704929
31	1205850757496	1205850763119
31	1205850850124	1205850854440
31	1205850870924	1205850874674
31	1205850880752	1205850882207
31	1205850883306	1205850885666
31	1205850886908	1205850890938
31	1205850944496	1205850947185
31	1205850965761	1205850971339
31	1205850992333	1205850996805
31	1205851203596	1205851206902
31	1205851457805	1205851459861
31	1205851947678	1205851951501
31	1205852483583	1205852485887
31	1205852494666	1205852496973
31	1205852512214	1205852514170
31	1205853412407	1205853420950
31	1205854357972	1205854363138
31	1205855475876	1205855488167
31	1205855503537	1205855507142
31	1205855569399	1205855571853
31	1205856495513	1205856499906
31	1205864346132	1205864347237
31	1205865643148	1205865645956
31	1205866917568	1205866925164
31	1205868951116	1205868956757
31	1205869038625	1205869041239
31	1205869230317	1205869233469
31	1205869275104	1205869278236
31	1205869279941	1205869285877
31	1205869988795	1205869994848
31	1205870732700	1205870736290
31	1205871193154	1205871199258
31	1205871343493	1205871347437
31	1205871752371	1205871755602
31	1205872159473	1205872162891
31	1205872266394	1205872269678
31	1205874113321	1205874117178
31	1205874262330	1205874268520
31	1205878773925	1205878777252
31	1205879560370	1205879566731
32	1205795675826	1205795679631
32	1205795683461	1205795686238
32	1205795807888	1205795811813
32	1205798085388	1205798087288
32	1205798091879	1205798095753
32	1205798103572	1205798107916
32	1205799960587	1205799965959
32	1205823506743	1205823509242
32	1205826348282	1205826351919
32	1205826359882	1205826364348
32	1205826375773	1205826377688
32	1205829113789	1205829117279
32	1205830142150	1205830144188
32	1205830206585	1205830210191
32	1205830550245	1205830552189
32	1205832519973	1205832521649
32	1205835425193	1205835427401
32	1205836620342	1205836626306
32	1205836647761	1205836649896
32	1205836663835	1205836671344
32	1205837870239	1205837872890
32	1205838018343	1205838022248
32	1205838052302	1205838059119
32	1205838145293	1205838152648
32	1205839775424	1205839780145
32	1205839780898	1205839782194
32	1205839791557	1205839796500
32	1205840194127	1205840197439
32	1205841449145	1205841452170
32	1205841455396	1205841457708
32	1205841466103	1205841468228
32	1205841490497	1205841497472
32	1205841549705	1205841552125
32	1205841659979	1205841662901
32	1205842134821	1205842138563
32	1205844332441	1205844334318
32	1205844336437	1205844340475
32	1205844387203	1205844389520
32	1205844541314	1205844547510
32	1205844554292	1205844554445
32	1205844682955	1205844685943
32	1205844689240	1205844691581
32	1205845911290	1205845913648
32	1205845932291	1205845934159
32	1205845940678	1205845943404
32	1205845946137	1205845947417
32	1205845947822	1205845949967
32	1205845969315	1205845971488
32	1205845980360	1205845982296
32	1205846022421	1205846025843
32	1205846305990	1205846309178
32	1205846572841	1205846576559
32	1205846695561	1205846697473
32	1205846708955	1205846710994
32	1205848818931	1205848821985
32	1205848823509	1205848827892
32	1205848866405	1205848868932
32	1205848869117	1205848871304
32	1205848871656	1205848873928
32	1205849047117	1205849056211
32	1205849060200	1205849063502
32	1205849070876	1205849075488
32	1205849125791	1205849130128
32	1205849810266	1205849813300
32	1205849816443	1205849820475
32	1205849834172	1205849836284
32	1205850320727	1205850322740
32	1205850558242	1205850560293
32	1205850572650	1205850580647
32	1205850585676	1205850591210
32	1205850592943	1205850600859
32	1205850680870	1205850698999
32	1205850703620	1205850706878
32	1205850740869	1205850746313
32	1205850755710	1205850763272
32	1205850782937	1205850784751
32	1205850872788	1205850874165
32	1205850879415	1205850885348
32	1205850897170	1205850904472
32	1205850925624	1205850935565
32	1205850943728	1205850946361
32	1205850993483	1205851002665
32	1205851003111	1205851009145
32	1205851202962	1205851206713
32	1205851439351	1205851442832
32	1205851443659	1205851445658
32	1205852484363	1205852487486
32	1205865643821	1205865646880
32	1205869229864	1205869233343
32	1205869282194	1205869285213
32	1205869987539	1205869992598
32	1205871343241	1205871346359
32	1205871561295	1205871564429
32	1205871752105	1205871755854
33	1205826363424	1205826367984
33	1205826370651	1205826375422
33	1205838492573	1205838495362
33	1205838504105	1205838505994
33	1205838675389	1205838677230
33	1205838684668	1205838686258
33	1205841469688	1205841473224
33	1205841485366	1205841489215
33	1205841762471	1205841768685
33	1205841770913	1205841774844
33	1205841781326	1205841793501
33	1205841810653	1205841811279
33	1205841811711	1205841816966
33	1205841836159	1205841842120
33	1205841871488	1205841875404
33	1205841875912	1205841883930
33	1205841897643	1205841900348
33	1205841903505	1205841908432
33	1205841908967	1205841910227
33	1205841916293	1205841918682
33	1205841931685	1205841934385
33	1205841952293	1205841954517
33	1205841955518	1205841960605
33	1205841963955	1205841967529
33	1205841967961	1205841977498
33	1205841979800	1205841987414
33	1205841987876	1205841993535
33	1205842084710	1205842087581
33	1205842091737	1205842102543
33	1205842124780	1205842128620
33	1205842787297	1205842790784
33	1205842805685	1205842807763
33	1205844674959	1205844680774
33	1205844749109	1205844753324
33	1205844764873	1205844767885
33	1205844820146	1205844825444
33	1205844906678	1205844910765
33	1205844914276	1205844916441
33	1205844988283	1205844990396
33	1205845091142	1205845095474
33	1205845106884	1205845109328
33	1205845119829	1205845124383
33	1205845129758	1205845136243
33	1205845147944	1205845150982
33	1205845154206	1205845157799
33	1205845165283	1205845168266
33	1205845272924	1205845277190
33	1205845282271	1205845285436
33	1205846115661	1205846121990
33	1205847110744	1205847113509
33	1205847114999	1205847117729
33	1205849130486	1205849133936
33	1205849141375	1205849144803
33	1205849162588	1205849170162
33	1205849172982	1205849175887
33	1205849378877	1205849381983
33	1205849440285	1205849443556
33	1205849448468	1205849451700
33	1205849457884	1205849462146
33	1205849513701	1205849517206
33	1205849528256	1205849533935
33	1205849535447	1205849538731
33	1205849547148	1205849550849
33	1205849562872	1205849565766
33	1205849597542	1205849602921
33	1205849604629	1205849608505
33	1205849624759	1205849629778
33	1205849703618	1205849708534
33	1205849711388	1205849716287
33	1205849806236	1205849808884
33	1205852980247	1205852983523
33	1205853092482	1205853096847
33	1205863599578	1205863601939
33	1205863603619	1205863606301
33	1205876940546	1205876945666
33	1205876949291	1205876954961
34	1205826364483	1205826373418
34	1205838675845	1205838677822
34	1205841470452	1205841473673
34	1205841484292	1205841487570
34	1205841772589	1205841774726
34	1205841787653	1205841789547
34	1205841822902	1205841826592
34	1205841834491	1205841838281
34	1205841876457	1205841878158
34	1205841989452	1205841993535
34	1205841995133	1205841997574
34	1205842026190	1205842028116
34	1205842030508	1205842035783
34	1205842047295	1205842049959
34	1205842051792	1205842055294
34	1205842062992	1205842067159
34	1205842078545	1205842080886
34	1205842081130	1205842086869
34	1205842090936	1205842095401
34	1205842096819	1205842101178
34	1205842105632	1205842107845
34	1205842124908	1205842127322
34	1205842791369	1205842791879
34	1205842795888	1205842798662
34	1205842799488	1205842801848
34	1205842804238	1205842807856
34	1205844675720	1205844680935
34	1205844749765	1205844753608
34	1205844764302	1205844766687
34	1205844821110	1205844825322
34	1205844907123	1205844911255
34	1205844912515	1205844916573
34	1205845091907	1205845095592
34	1205845104900	1205845108996
34	1205845121120	1205845124613
34	1205845129174	1205845132641
34	1205845133275	1205845137528
34	1205845138402	1205845141830
34	1205845147186	1205845151414
34	1205845154392	1205845157636
34	1205845164467	1205845168964
34	1205845273588	1205845276738
34	1205845281582	1205845284903
34	1205846116348	1205846121280
34	1205847110744	1205847113189
34	1205847114392	1205847117892
34	1205849131298	1205849134166
34	1205849140849	1205849144564
34	1205849167229	1205849170322
34	1205849171747	1205849176188
34	1205849379820	1205849382902
34	1205849432769	1205849445247
34	1205849447908	1205849451458
34	1205849459341	1205849462479
34	1205849465637	1205849468805
34	1205849468985	1205849471429
34	1205849512228	1205849517206
34	1205849547588	1205849550714
34	1205849561970	1205849565904
34	1205849599446	1205849608165
34	1205849625966	1205849630453
34	1205849636951	1205849653827
34	1205849701689	1205849705809
34	1205849713293	1205849716839
34	1205849805378	1205849808884
34	1205852980394	1205852988306
34	1205853085665	1205853090998
34	1205853092676	1205853094434
34	1205863599871	1205863605475
34	1205876941282	1205876945538
34	1205876947915	1205876952528
36	1205826366747	1205826373983
36	1205838493478	1205838495526
36	1205838503236	1205838504863
36	1205838676261	1205838678177
36	1205838683149	1205838685870
36	1205841470979	1205841474477
36	1205841483760	1205841486967
36	1205841772311	1205841774188
36	1205841788171	1205841791627
36	1205841815458	1205841820427
36	1205841823643	1205841826384
36	1205841833797	1205841835621
36	1205841989892	1205841995467
36	1205841996245	1205841997413
36	1205842010249	1205842020272
36	1205842047465	1205842049345
36	1205842059619	1205842061298
36	1205842062561	1205842064641
36	1205842064770	1205842094576
36	1205842097413	1205842129556
36	1205844676973	1205844680615
36	1205844750137	1205844753324
36	1205844764420	1205844766255
36	1205844907637	1205844911483
36	1205844912645	1205844915954
36	1205845092479	1205845094343
36	1205845105553	1205845107406
36	1205845121587	1205845123631
36	1205845129168	1205845132420
36	1205845146885	1205845150846
36	1205845164173	1205845168557
36	1205845274179	1205845275790
36	1205845281777	1205845283571
36	1205847110744	1205847112867
36	1205847114529	1205847117593
36	1205849131748	1205849135764
36	1205849140170	1205849144271
36	1205849167509	1205849169469
36	1205849172324	1205849175125
36	1205849380218	1205849382470
36	1205849437472	1205849444204
36	1205849447455	1205849451580
36	1205849459416	1205849462681
36	1205849512654	1205849516556
36	1205849548548	1205849551140
36	1205849562161	1205849565354
36	1205849599598	1205849609621
36	1205849626755	1205849629940
36	1205849701367	1205849705238
36	1205849713448	1205849718369
36	1205849804986	1205849808884
36	1205863602895	1205863606301
36	1205876942588	1205876951893
37	1205826365270	1205826367991
37	1205826370516	1205826373123
37	1205838502199	1205838504637
37	1205838677651	1205838678311
37	1205838682598	1205838685176
37	1205841471555	1205841476612
37	1205841482294	1205841486263
37	1205841824150	1205841826222
37	1205842073513	1205842075167
37	1205844750993	1205844753180
37	1205844753532	1205844756976
37	1205844764310	1205844766589
37	1205844909239	1205844910995
37	1205844912514	1205844914111
37	1205845123323	1205845126784
37	1205845128752	1205845131527
37	1205845145845	1205845150618
37	1205845162803	1205845167812
37	1205845274966	1205845276602
37	1205847111949	1205847117425
37	1205849132765	1205849136997
37	1205849138810	1205849144564
37	1205849168701	1205849173731
37	1205849381322	1205849384650
37	1205849393365	1205849395691
37	1205849410820	1205849412542
37	1205849420159	1205849423987
37	1205849426788	1205849436408
37	1205849446347	1205849450348
37	1205849460664	1205849461866
37	1205849464159	1205849466491
37	1205849470599	1205849472595
37	1205849472773	1205849474976
37	1205849475207	1205849477236
37	1205849502302	1205849504165
37	1205849508902	1205849514593
37	1205849549447	1205849552770
37	1205849559892	1205849564152
37	1205849628574	1205849637815
37	1205849650154	1205849655552
37	1205849655736	1205849671551
37	1205849691737	1205849696588
37	1205849699273	1205849702528
37	1205849715485	1205849724444
37	1205849725293	1205849731272
37	1205849732954	1205849737290
37	1205849737796	1205849744103
37	1205849749673	1205849752759
37	1205849753512	1205849755335
37	1205849755608	1205849762723
37	1205849763186	1205849767144
37	1205849773479	1205849779200
37	1205849779566	1205849781742
37	1205849783609	1205849785262
37	1205849786205	1205849788711
37	1205849789711	1205849798574
37	1205849800172	1205849807290
37	1205876944596	1205876950173
