1	1201952435993	1201952442530
2	1201952435263	1201952437362
2	1201952442182	1201952446175
2	1201952454565	1201952455868
2	1201952485715	1201952490624
2	1201952494126	1201952495415
2	1201952501857	1201952504851
7	1201952440560	1201952443696
7	1201952492160	1201952493277
8	1201952434999	1201952438239
8	1201952439562	1201952447886
8	1201952489209	1201952494481
8	1201952495982	1201952497323
8	1201952503309	1201952509824
9	1201952445713	1201952448981
9	1201952461348	1201952466188
9	1201952475692	1201952478551
10	1201974509889	1201974512243
10	1201975942858	1201975945137
10	1201976251849	1201976254337
10	1201976302717	1201976305525
10	1201976318861	1201976321703
10	1201978669530	1201978671582
10	1201978834127	1201978836628
10	1201980336241	1201980338647
10	1201980371373	1201980373833
10	1201981152569	1201981154849
10	1201981168669	1201981171102
10	1201982832290	1201982834287
10	1201984761200	1201984764824
10	1201985132529	1201985135447
11	1201974509228	1201974513296
11	1201975936138	1201975940277
11	1201975943394	1201975949171
11	1201976252209	1201976256469
11	1201976259548	1201976269115
11	1201976283745	1201976285677
11	1201976287105	1201976289577
11	1201976294175	1201976294470
11	1201976312461	1201976322150
11	1201976373183	1201976374372
11	1201976386702	1201976390154
11	1201976479695	1201976481648
11	1201976482152	1201976484506
11	1201976517343	1201976519921
11	1201976624109	1201976626375
11	1201976693793	1201976695849
11	1201976704849	1201976706494
11	1201976706722	1201976710939
11	1201976750702	1201976753685
11	1201981153119	1201981156506
11	1201981168165	1201981171399
11	1201982832660	1201982836788
11	1201984760928	1201984765645
11	1201985132929	1201985136786
11	1201987275425	1201987277264
11	1201987290733	1201987293157
11	1201987298709	1201987300931
11	1201987394646	1201987398414
12	1201970193319	1201970194995
12	1201974220496	1201974223144
12	1201974231330	1201974237818
12	1201974506919	1201974510673
12	1201975962736	1201975965340
12	1201976295935	1201976316942
12	1201976317891	1201976351665
12	1201976356753	1201976365883
12	1201976366793	1201976375982
12	1201976387562	1201976391328
12	1201976473937	1201976480932
12	1201976519251	1201976520427
12	1201976520957	1201976531799
12	1201976623333	1201976626805
12	1201976664317	1201976668242
12	1201976752642	1201976757246
12	1201976798220	1201976803117
12	1201976812227	1201976817115
12	1201976836929	1201976844160
12	1201978470464	1201978474371
12	1201978484780	1201978504532
12	1201978593425	1201978596475
12	1201978600708	1201978605406
12	1201987372371	1201987375349
13	1201970194182	1201970197626
13	1201970198160	1201970199394
13	1201974221706	1201974225527
13	1201974228435	1201974232920
13	1201974510152	1201974513401
13	1201975963936	1201975967286
13	1201976841663	1201976845555
13	1201978469136	1201978472264
13	1201978501626	1201978505161
13	1201978592223	1201978595861
13	1201978602512	1201978605636
13	1201987259497	1201987261664
13	1201987371368	1201987375314
14	1201949671102	1201949673510
14	1201952436631	1201952439999
14	1201952505634	1201952507800
14	1201970299832	1201970301251
14	1201970303105	1201970306980
14	1201970312292	1201970316281
14	1201970318433	1201970320604
14	1201970337334	1201970339610
14	1201970345727	1201970347818
14	1201970354164	1201970358934
15	1201949669805	1201949673485
15	1201952434133	1201952436503
15	1201952436999	1201952439123
15	1201952505320	1201952508496
15	1201952508912	1201952510964
15	1201970298552	1201970301811
15	1201970356483	1201970360809
16	1201970297731	1201970300398
16	1201976259386	1201976261444
16	1201976269600	1201976275875
16	1201976287379	1201976297154
16	1201976303962	1201976306329
16	1201976310968	1201976313499
16	1201978670501	1201978672432
16	1201978832668	1201978834799
16	1201980337653	1201980339701
16	1201980369427	1201980371911
16	1201981167517	1201981170794
16	1201984759778	1201984761786
16	1201985133816	1201985136106
17	1201974235505	1201974236742
17	1201976253379	1201976265337
17	1201976268776	1201976273716
17	1201976286755	1201976297922
17	1201978481564	1201978483527
17	1201978500362	1201978502406
17	1201978600490	1201978602918
17	1201981154174	1201981156258
17	1201981167392	1201981170910
17	1201982833752	1201982837102
17	1201984763132	1201984767158
17	1201987373841	1201987377948
17	1201987388388	1201987390614
17	1201987394943	1201987398389
17	1201987485844	1201987487912
18	1201970200594	1201970202789
18	1201970244808	1201970248213
18	1201970249676	1201970253451
18	1201970260659	1201970262569
18	1201971545650	1201971547494
18	1201972658655	1201972661412
18	1201973477919	1201973480898
18	1201973485724	1201973487646
18	1201973502760	1201973505119
18	1201973505296	1201973507477
18	1201974219188	1201974223515
18	1201974506162	1201974509493
18	1201975962446	1201975965755
18	1201978472114	1201978476115
18	1201978482434	1201978483171
18	1201978500170	1201978503499
18	1201978594707	1201978605814
18	1201987258228	1201987261346
18	1201987373513	1201987377551
18	1201987379871	1201987382314
18	1201987383642	1201987389580
18	1201987393147	1201987395951
19	1201949713951	1201949716904
19	1201952541836	1201952544991
20	1201949677770	1201949679872
20	1201949713959	1201949716440
20	1201952425116	1201952427474
20	1201952430201	1201952436279
20	1201952507372	1201952510442
20	1201952511298	1201952514758
20	1201952524846	1201952529584
20	1201952542969	1201952546686
20	1201952570968	1201952576312
21	1201949671797	1201949676430
21	1201949676600	1201949680675
21	1201949714111	1201949717212
21	1201952424160	1201952438622
21	1201952506732	1201952509433
21	1201952510288	1201952512904
21	1201952527379	1201952532494
21	1201952541823	1201952548213
21	1201952570723	1201952572826
21	1201952573856	1201952576936
22	1201949715281	1201949717338
22	1201952424858	1201952427679
22	1201952543748	1201952549301
22	1201952569862	1201952572118
22	1201952574836	1201952577855
22	1201970357643	1201970360158
22	1201976305254	1201976307230
23	1201949668449	1201949672227
23	1201952545443	1201952547699
23	1201952575426	1201952578586
23	1201971542425	1201971545915
23	1201976304992	1201976307544
23	1201976309972	1201976311873
23	1201978671170	1201978674196
23	1201980338812	1201980341314
23	1201980368334	1201980370501
23	1201984758698	1201984760656
23	1201984764489	1201984767863
24	1201952419884	1201952421975
24	1201952546728	1201952548525
24	1201952563378	1201952571153
24	1201971542943	1201971546172
24	1201972661652	1201972664818
24	1201973126891	1201973129615
24	1201973474253	1201973476971
24	1201974236934	1201974240204
24	1201974502470	1201974506501
24	1201974507395	1201974511144
24	1201975937948	1201975941358
24	1201975942741	1201975948997
24	1201976250746	1201976253656
24	1201976292855	1201976296304
24	1201978473301	1201978477115
24	1201978830904	1201978834664
24	1201984774897	1201984776141
24	1201985135156	1201985138694
24	1201987260806	1201987261960
24	1201987416807	1201987420143
24	1201987483935	1201987488395
24	1201987544463	1201987548893
24	1201987556961	1201987559258
25	1201952563843	1201952569471
25	1201970191116	1201970193236
25	1201970202333	1201970205785
25	1201970210562	1201970214680
25	1201972661568	1201972665304
25	1201973007312	1201973009718
25	1201973012925	1201973014174
25	1201973475386	1201973480424
25	1201974194983	1201974202532
25	1201974204583	1201974218919
25	1201974237392	1201974241300
25	1201974506529	1201974511377
25	1201975938326	1201975940533
25	1201975945841	1201975947917
25	1201975960770	1201975962558
25	1201976293111	1201976296455
25	1201978474106	1201978476989
25	1201978479775	1201978483799
25	1201981155475	1201981157578
25	1201982835446	1201982841479
25	1201982841613	1201982843948
25	1201982846655	1201982850230
25	1201982851582	1201982854982
25	1201982855520	1201982860972
25	1201982862369	1201982865161
25	1201982889873	1201982894179
25	1201982895529	1201982900882
25	1201982901354	1201982902652
25	1201982903512	1201982908414
25	1201984775887	1201984777975
25	1201987256915	1201987259139
25	1201987395391	1201987399320
26	1201970217412	1201970220897
26	1201970221326	1201970223384
26	1201970227105	1201970229277
26	1201973476669	1201973480586
26	1201973519309	1201973521923
26	1201973522402	1201973524576
26	1201973677310	1201973678497
26	1201973681497	1201973685291
26	1201973685829	1201973690677
26	1201973695240	1201973697638
26	1201974177802	1201974181766
26	1201974207294	1201974212455
26	1201974215236	1201974219788
26	1201974497562	1201974511608
26	1201981155979	1201981158648
26	1201981160445	1201981161593
26	1201981162922	1201981167797
26	1201982836514	1201982838731
26	1201982847734	1201982853372
26	1201984776475	1201984778871
26	1201984791574	1201984793360
26	1201984801314	1201984803261
27	1201949715779	1201949719182
27	1201950449534	1201950453143
27	1201950593765	1201950597435
27	1201952421212	1201952425862
27	1201952546538	1201952553484
27	1201952558517	1201952561701
27	1201970358531	1201970362314
27	1201971540997	1201971544874
27	1201972663599	1201972665770
27	1201973129997	1201973134603
27	1201973461286	1201973465968
27	1201973471677	1201973475665
27	1201976305958	1201976308449
27	1201976308716	1201976311661
27	1201978672949	1201978675683
27	1201978749480	1201978753412
27	1201980339839	1201980343150
27	1201980366614	1201980369681
27	1201984757351	1201984761480
27	1201984765332	1201984771496
27	1201984772755	1201984775773
28	1201949313367	1201949316469
28	1201949390689	1201949394934
28	1201949404769	1201949406824
28	1201949716532	1201949720189
28	1201949721476	1201949726321
28	1201949757966	1201949766368
28	1201949987277	1201949989815
28	1201950449581	1201950451712
28	1201950594361	1201950597563
28	1201952420921	1201952425660
28	1201952560777	1201952563717
28	1201952567873	1201952571878
28	1201972662899	1201972665939
28	1201973128686	1201973132172
28	1201973462656	1201973465453
28	1201978750222	1201978753188
28	1201982905289	1201982907829
28	1201984765491	1201984766191
28	1201984773811	1201984776307
29	1201949311526	1201949314323
29	1201949328352	1201949330375
29	1201949331971	1201949336326
29	1201949354764	1201949360691
29	1201949368628	1201949375394
29	1201949387649	1201949394802
29	1201949987426	1201949990283
29	1201950447846	1201950450668
29	1201950596177	1201950598359
29	1201952577696	1201952579558
29	1201975942980	1201975944340
29	1201978751132	1201978753696
29	1201987510627	1201987513803
30	1201949310301	1201949314241
30	1201949328978	1201949333883
30	1201949988261	1201949992215
30	1201950596457	1201950599733
30	1201952418400	1201952423794
30	1201952556306	1201952558291
30	1201952578935	1201952580690
30	1201970190113	1201970192123
30	1201973005276	1201973007804
30	1201973012653	1201973019357
30	1201973125513	1201973129455
30	1201973464408	1201973467272
30	1201974192753	1201974196134
30	1201974239750	1201974242116
30	1201974493551	1201974498398
30	1201974501848	1201974504391
30	1201974506804	1201974508860
30	1201975939743	1201975945669
30	1201975946244	1201975950655
30	1201975959786	1201975963600
30	1201976249643	1201976253166
30	1201976293765	1201976297562
30	1201978474499	1201978477683
30	1201978479786	1201978481888
30	1201978751936	1201978753980
30	1201978826718	1201978832826
30	1201987256378	1201987261827
30	1201987396351	1201987398959
30	1201987509420	1201987514854
30	1201987514967	1201987524534
30	1201987527654	1201987530880
30	1201987531531	1201987532807
30	1201987536251	1201987538562
30	1201987541251	1201987552250
30	1201987552646	1201987555611
30	1201987564488	1201987567104
31	1201949269544	1201949271222
31	1201949305663	1201949315472
31	1201949989551	1201949992929
31	1201950210390	1201950214349
31	1201950791380	1201950795350
31	1201950991989	1201950994989
31	1201951187308	1201951192791
31	1201951281733	1201951289594
31	1201952565434	1201952568519
31	1201952667414	1201952671831
31	1201952785198	1201952787232
31	1201953316973	1201953319369
31	1201953320308	1201953322252
31	1201970185811	1201970189306
31	1201972976172	1201972981243
31	1201974240448	1201974248639
31	1201975947365	1201975956532
31	1201976244518	1201976250497
31	1201976294641	1201976298178
31	1201978752898	1201978755381
31	1201978825288	1201978828241
31	1201984818104	1201984825670
31	1201984846783	1201984848921
31	1201984875386	1201984881428
31	1201985137366	1201985139576
31	1201987562897	1201987564231
31	1201987564344	1201987576688
31	1201987578732	1201987582823
31	1201987586167	1201987591697
32	1201949268776	1201949270857
32	1201950442178	1201950444990
32	1201950445750	1201950449312
32	1201950598157	1201950599883
32	1201950791122	1201950794912
32	1201950992937	1201950996411
32	1201951186780	1201951188727
32	1201951284248	1201951286614
32	1201952417500	1201952421587
32	1201952579266	1201952581885
32	1201952666819	1201952670955
32	1201973003247	1201973005637
32	1201973017122	1201973021104
32	1201973124598	1201973126450
32	1201974191117	1201974193613
32	1201974243356	1201974246286
32	1201974492156	1201974496612
32	1201975959156	1201975962332
32	1201978475827	1201978477889
32	1201987254907	1201987256115
32	1201987396991	1201987400520
32	1201987499265	1201987513355
33	1201950450892	1201950454784
33	1201950592917	1201950596687
33	1201970359466	1201970363642
33	1201971539823	1201971542817
33	1201972664501	1201972668788
33	1201973131891	1201973134163
33	1201973459948	1201973465834
33	1201973470554	1201973473726
33	1201976306952	1201976310125
33	1201978672922	1201978676336
33	1201978748208	1201978751422
33	1201980340687	1201980344105
33	1201980365354	1201980368943
33	1201982906849	1201982909419
33	1201984756400	1201984760614
33	1201984766740	1201984774781
34	1201950451429	1201950454438
34	1201950495247	1201950497877
34	1201950514596	1201950516597
34	1201950518686	1201950527671
34	1201950529283	1201950533719
34	1201950592225	1201950595535
34	1201970360558	1201970365959
34	1201970366976	1201970368411
34	1201970372459	1201970374787
34	1201970376880	1201970381402
34	1201970383428	1201970389931
34	1201970390186	1201970405751
34	1201970414346	1201970416404
34	1201970419580	1201970424236
34	1201970426435	1201970432612
34	1201970433939	1201970438717
34	1201970439225	1201970443914
34	1201970457472	1201970464872
34	1201970465338	1201970466953
34	1201970473197	1201970475783
34	1201970477107	1201970480484
34	1201970480867	1201970489696
34	1201970495980	1201970498814
34	1201970515657	1201970517781
34	1201970530603	1201970533396
34	1201970561503	1201970565409
34	1201970611284	1201970612445
34	1201970612745	1201970615349
34	1201970652845	1201970656403
34	1201970693130	1201970697593
34	1201970765769	1201970768268
34	1201970836891	1201970838509
34	1201970839676	1201970842217
34	1201970890709	1201970897209
34	1201970898428	1201970903353
34	1201970994143	1201970996147
34	1201970996455	1201970999224
34	1201971024438	1201971026710
34	1201971030579	1201971032408
34	1201971034390	1201971036157
34	1201971042634	1201971044542
34	1201971067328	1201971069814
34	1201971072206	1201971076881
34	1201971204844	1201971205978
34	1201971212195	1201971213392
34	1201971253733	1201971254886
34	1201971256352	1201971261632
34	1201971262352	1201971265176
34	1201971290776	1201971294938
34	1201971302962	1201971306711
34	1201971308246	1201971310366
34	1201971310478	1201971312790
34	1201971533304	1201971541831
34	1201972665460	1201972671971
34	1201972675497	1201972678982
34	1201972693969	1201972696234
34	1201972977441	1201972979184
34	1201972991161	1201972993529
34	1201973089724	1201973091478
34	1201973128967	1201973139582
34	1201973145653	1201973156770
34	1201973164819	1201973170606
34	1201973178118	1201973189161
34	1201973190181	1201973191489
34	1201973192129	1201973199743
34	1201973200388	1201973207520
34	1201973209491	1201973212744
34	1201973215707	1201973222270
34	1201973222442	1201973226442
34	1201973227546	1201973230494
34	1201973232363	1201973239329
34	1201973240234	1201973246798
34	1201973247808	1201973258240
34	1201973260463	1201973270136
34	1201973271130	1201973286658
34	1201973288444	1201973301679
34	1201973302658	1201973309177
34	1201973309769	1201973316658
34	1201973325560	1201973346702
34	1201973392723	1201973395154
34	1201973406901	1201973417966
34	1201973421863	1201973433427
34	1201973440899	1201973447975
34	1201973448413	1201973451357
34	1201973453572	1201973463380
34	1201973466352	1201973472798
34	1201978673596	1201978680321
34	1201978701810	1201978703503
34	1201978708335	1201978713233
34	1201978714214	1201978718569
34	1201978746184	1201978749914
34	1201980341532	1201980347449
34	1201980351482	1201980361996
34	1201980362127	1201980368188
34	1201982908513	1201982911388
34	1201982951245	1201982958967
34	1201982984450	1201982985651
34	1201983105725	1201983107487
34	1201983220384	1201983221562
34	1201983702340	1201983704396
34	1201983723548	1201983725576
34	1201983857723	1201983859759
34	1201983860596	1201983862942
34	1201983893317	1201983897743
34	1201984003918	1201984006140
34	1201984011825	1201984014189
34	1201984059900	1201984062116
34	1201984062249	1201984065805
34	1201984090393	1201984092331
34	1201984093170	1201984095324
34	1201984102545	1201984105916
34	1201984160965	1201984167341
34	1201984170951	1201984172140
34	1201984309921	1201984312459
34	1201984350225	1201984354685
34	1201984384551	1201984386441
34	1201984417393	1201984419205
34	1201984470808	1201984475528
34	1201984495140	1201984497379
34	1201984672574	1201984674360
34	1201984693203	1201984694963
34	1201984747501	1201984749561
34	1201984754208	1201984761648
34	1201984771683	1201984773576
36	1201950452598	1201950458687
36	1201950467668	1201950472296
36	1201950473885	1201950484200
36	1201950484686	1201950491220
36	1201950492191	1201950500445
36	1201950500687	1201950510518
36	1201950512240	1201950516480
36	1201950516738	1201950526427
36	1201950529588	1201950536676
36	1201950551726	1201950556370
36	1201950560424	1201950562487
36	1201950564432	1201950570646
36	1201950591222	1201950595255
37	1201950475967	1201950477117
37	1201950492502	1201950495378
37	1201950505931	1201950507105
37	1201950532572	1201950537248
37	1201950537561	1201950540737
37	1201950550371	1201950556176
37	1201950565685	1201950570895
37	1201950590422	1201950594509
