32	1205676019408	1205676021262
32	1205676033756	1205676037235
32	1205676224694	1205676228472
32	1205676245474	1205676247750
32	1205676325975	1205676329619
32	1205676346171	1205676348326
32	1205676407746	1205676411308
32	1205676518830	1205676522718
32	1205682052627	1205682055765
32	1205682057374	1205682062520
32	1205682096501	1205682098435
32	1205682102874	1205682106247
32	1205682146490	1205682150151
32	1205682549356	1205682553335
32	1205687643356	1205687646756
32	1205687767577	1205687770253
32	1205687773233	1205687777171
32	1205688273185	1205688277390
32	1205689580642	1205689584318
32	1205690966974	1205690970772
32	1205691203959	1205691206673
32	1205692154811	1205692157574
3	1205676533105	1205676539967
3	1205682127838	1205682144373
8	1205682127144	1205682128422
9	1205676531854	1205676535875
9	1205676538190	1205676542876
9	1205682126783	1205682130625
9	1205682141217	1205682145995
10	1205676220824	1205676223529
10	1205676546687	1205676548760
10	1205676608511	1205676609687
10	1205676610145	1205676613250
10	1205676681656	1205676689120
10	1205676704509	1205676710121
10	1205676712617	1205676715655
10	1205676755326	1205676759746
10	1205678331746	1205678333415
10	1205678401983	1205678404277
10	1205678475821	1205678477869
10	1205678601597	1205678604614
10	1205678699506	1205678701568
10	1205678851556	1205678853916
10	1205679330903	1205679338590
10	1205679373480	1205679375571
10	1205679376170	1205679382776
10	1205679393176	1205679398135
10	1205679455776	1205679458389
10	1205679529177	1205679531578
10	1205679586446	1205679591181
10	1205679591871	1205679593747
10	1205679611902	1205679617260
10	1205679619130	1205679621642
10	1205679719531	1205679721677
10	1205679761360	1205679763984
10	1205679765228	1205679767525
10	1205680019307	1205680027127
10	1205680305661	1205680313898
10	1205680343863	1205680347820
10	1205680351280	1205680356546
10	1205680393698	1205680398633
10	1205680670379	1205680677119
11	1205676248941	1205676254465
11	1205676271368	1205676279698
11	1205676304813	1205676307452
11	1205676322879	1205676328568
11	1205676358582	1205676358943
11	1205676367191	1205676371135
11	1205676371350	1205676376707
11	1205676378252	1205676380385
11	1205676382363	1205676384610
11	1205676385411	1205676389339
11	1205676396826	1205676399839
11	1205676400109	1205676410101
11	1205676550830	1205676552783
11	1205676557439	1205676559654
11	1205676564426	1205676576478
11	1205676576754	1205676583178
11	1205676588377	1205676597264
11	1205676607583	1205676609413
11	1205676610655	1205676613368
11	1205676681470	1205676684716
11	1205676687445	1205676693344
11	1205676701177	1205676707239
11	1205676754734	1205676761478
11	1205676825230	1205676826392
11	1205676920375	1205676925863
11	1205676939627	1205676945795
11	1205676990972	1205676992890
11	1205676993418	1205677000221
11	1205677010245	1205677014850
11	1205677037946	1205677043531
11	1205677055529	1205677060447
11	1205677085963	1205677090205
11	1205677112622	1205677118495
11	1205677242849	1205677244616
11	1205677257574	1205677259937
11	1205677334581	1205677336644
11	1205677385508	1205677387994
11	1205677403818	1205677405794
11	1205677405957	1205677407169
11	1205677412801	1205677415721
11	1205677446396	1205677449357
11	1205677460478	1205677461983
11	1205677489405	1205677493182
11	1205677530598	1205677534945
11	1205677697978	1205677700792
11	1205677701198	1205677702880
11	1205677703208	1205677705632
11	1205677733389	1205677738431
11	1205677740947	1205677744884
11	1205677745845	1205677749899
11	1205677842344	1205677845140
11	1205677885175	1205677889115
11	1205677925681	1205677926865
11	1205678069774	1205678071659
11	1205678204277	1205678209195
11	1205678221253	1205678223283
11	1205678224448	1205678226468
11	1205678269537	1205678272551
11	1205678306255	1205678316103
11	1205678332120	1205678336592
11	1205678359543	1205678368104
11	1205678384183	1205678385401
11	1205678389652	1205678392907
11	1205678393388	1205678404151
11	1205678407481	1205678409358
11	1205678422265	1205678427141
11	1205678435107	1205678437765
11	1205678439943	1205678443786
11	1205678445417	1205678446649
11	1205678464840	1205678470261
11	1205678472673	1205678477736
11	1205678600361	1205678602396
11	1205678602549	1205678604470
11	1205678692969	1205678697611
11	1205678699763	1205678702209
11	1205678709499	1205678713872
11	1205678746928	1205678748984
11	1205678851556	1205678852512
11	1205678853200	1205678856224
11	1205679329721	1205679339208
11	1205679387821	1205679390258
11	1205679404290	1205679405498
11	1205679406142	1205679408576
11	1205679412282	1205679416145
11	1205679502138	1205679503940
11	1205679619257	1205679621100
11	1205679624415	1205679624809
11	1205679656786	1205679661770
11	1205679763465	1205679767900
11	1205680062635	1205680064728
11	1205680344930	1205680346809
11	1205680395635	1205680400526
11	1205680674346	1205680686113
11	1205682073903	1205682076443
11	1205682076839	1205682088303
11	1205682088660	1205682098298
11	1205682106434	1205682113286
11	1205682114309	1205682116317
11	1205682121369	1205682128220
11	1205682156792	1205682166298
11	1205682168614	1205682172542
11	1205682174935	1205682177355
11	1205682177624	1205682180551
12	1205676209482	1205676211287
12	1205676264399	1205676278260
12	1205676288394	1205676290249
12	1205676290635	1205676298979
12	1205676299721	1205676302929
12	1205676305490	1205676307124
12	1205676309756	1205676328710
12	1205676329834	1205676339277
12	1205676340458	1205676344760
12	1205676345686	1205676356614
12	1205676395176	1205676397333
12	1205676404399	1205676405592
12	1205676407626	1205676409496
12	1205676414124	1205676416941
12	1205676422149	1205676429942
12	1205676443610	1205676445160
12	1205676460216	1205676464498
12	1205676508888	1205676511235
12	1205676518158	1205676520487
12	1205676571549	1205676572733
12	1205676582121	1205676583313
12	1205676592167	1205676593349
12	1205676594746	1205676596859
12	1205676621162	1205676623682
12	1205676634207	1205676639265
12	1205676640695	1205676642703
12	1205676649451	1205676654230
12	1205676676472	1205676678315
12	1205676680585	1205676683718
12	1205676691448	1205676695867
12	1205676701667	1205676703982
12	1205676713749	1205676717103
12	1205676746679	1205676749370
12	1205676755670	1205676761662
12	1205676770369	1205676775601
12	1205676786160	1205676791900
12	1205676794478	1205676796203
12	1205676806742	1205676810315
12	1205676824444	1205676828804
12	1205676890694	1205676893552
12	1205676894895	1205676897984
12	1205676919258	1205676925700
12	1205676931244	1205676933938
12	1205676939408	1205676948769
12	1205676949876	1205676958319
12	1205676964460	1205676967502
12	1205676978350	1205676983130
12	1205677020961	1205677025757
12	1205677045568	1205677047835
12	1205677063666	1205677066156
12	1205677134226	1205677135393
12	1205677187109	1205677190771
12	1205677193475	1205677195475
12	1205677269764	1205677273133
12	1205677305333	1205677308833
12	1205677343953	1205677350399
12	1205677515346	1205677519138
12	1205677520780	1205677521959
12	1205677621131	1205677622861
12	1205677629482	1205677631831
12	1205677632544	1205677634198
12	1205677645381	1205677650847
12	1205677651797	1205677653109
12	1205677662482	1205677664572
12	1205677700468	1205677704136
12	1205677705472	1205677707704
12	1205677749444	1205677752751
12	1205677793614	1205677794794
12	1205677896585	1205677898838
12	1205677899683	1205677901538
12	1205677902408	1205677907239
12	1205677910861	1205677915474
12	1205677923631	1205677925869
12	1205677926216	1205677927400
12	1205677930764	1205677934312
12	1205677945988	1205677949850
12	1205677956585	1205677958762
12	1205677981263	1205677984516
12	1205677986630	1205677988933
12	1205677989651	1205677993593
12	1205677994217	1205677995413
12	1205677995833	1205677999669
12	1205678007872	1205678010528
12	1205678031935	1205678035298
12	1205678092423	1205678094566
12	1205678095687	1205678096905
12	1205678105361	1205678109790
12	1205678125370	1205678129943
12	1205678173609	1205678175859
12	1205678199766	1205678202502
12	1205678213264	1205678219639
12	1205678249537	1205678251298
12	1205678283490	1205678284734
12	1205678290365	1205678293145
12	1205678302907	1205678308837
12	1205678309447	1205678311955
12	1205678312437	1205678314997
12	1205678353563	1205678358491
12	1205678365733	1205678379269
12	1205678391132	1205678399788
12	1205678408705	1205678410558
12	1205678411497	1205678428286
12	1205678436956	1205678442967
12	1205678444705	1205678446649
12	1205678456305	1205678461429
12	1205678534216	1205678534605
12	1205678543623	1205678545647
12	1205678556804	1205678561223
12	1205678595369	1205678597982
12	1205678599721	1205678601956
12	1205678653285	1205678655677
12	1205678674487	1205678676684
12	1205678684562	1205678688313
12	1205678688665	1205678694155
12	1205678699259	1205678701257
12	1205678718769	1205678724447
12	1205678728255	1205678730489
12	1205678753646	1205678755439
12	1205678755628	1205678759421
12	1205678760131	1205678765560
12	1205678766655	1205678771275
12	1205678784666	1205678787173
12	1205678787292	1205678789674
12	1205678798144	1205678803451
12	1205678815864	1205678821342
12	1205678871511	1205678873731
12	1205678878510	1205678893480
12	1205678913955	1205678917175
12	1205678923944	1205678925188
12	1205678932477	1205678936497
12	1205678982152	1205678984627
12	1205678987578	1205678989231
12	1205679003939	1205679006273
12	1205679011489	1205679013538
12	1205679027603	1205679032775
12	1205679045515	1205679049163
12	1205679064762	1205679066682
12	1205679085124	1205679090422
12	1205679103690	1205679109213
12	1205679115328	1205679122837
12	1205679177864	1205679180151
12	1205679181318	1205679184440
12	1205679190825	1205679192897
12	1205679195394	1205679197512
12	1205679204436	1205679208567
12	1205679216755	1205679217946
12	1205679222547	1205679226746
12	1205679243538	1205679245250
12	1205679245554	1205679249635
12	1205679356241	1205679357397
12	1205679358688	1205679362571
12	1205679371647	1205679373932
12	1205679377255	1205679385307
12	1205679395923	1205679400903
12	1205679432254	1205679441177
12	1205679463135	1205679464201
12	1205679473415	1205679479270
12	1205679524630	1205679530363
12	1205679544475	1205679549624
12	1205679574768	1205679581605
12	1205679583123	1205679586263
12	1205679598893	1205679605509
12	1205679617251	1205679623122
12	1205679630833	1205679637195
12	1205679643789	1205679646630
12	1205679657608	1205679659666
12	1205679670123	1205679672125
12	1205679676363	1205679678453
12	1205679688844	1205679694453
12	1205679708233	1205679712679
12	1205679712814	1205679716769
12	1205679724348	1205679729741
12	1205679740451	1205679742937
12	1205679761594	1205679763852
12	1205679770624	1205679776164
12	1205679776351	1205679779668
12	1205679785923	1205679791543
12	1205679814681	1205679823786
12	1205679877755	1205679879897
12	1205679963666	1205679968451
12	1205680016353	1205680018479
12	1205680032546	1205680034764
12	1205680079742	1205680083193
12	1205680208122	1205680210192
12	1205680211706	1205680213742
12	1205680222619	1205680225804
12	1205680239190	1205680246135
12	1205680249563	1205680251746
12	1205680291323	1205680293833
12	1205680302463	1205680303735
12	1205680310648	1205680314737
12	1205680317496	1205680319255
12	1205680326149	1205680328141
12	1205680333437	1205680338211
12	1205680356546	1205680358502
12	1205680358628	1205680360282
12	1205680360799	1205680367219
12	1205680397816	1205680399814
12	1205680411617	1205680415565
12	1205680421282	1205680424859
13	1205676209766	1205676212619
13	1205676213603	1205676215881
13	1205676265740	1205676268162
13	1205676272964	1205676275318
13	1205676275438	1205676279567
13	1205676284145	1205676287834
13	1205680362400	1205680365726
13	1205680368299	1205680370263
13	1205680393189	1205680398555
13	1205680448104	1205680451450
15	1205676530832	1205676533505
15	1205676539727	1205676542998
15	1205682125850	1205682127688
16	1205676530196	1205676533721
16	1205676539847	1205676543324
16	1205682124896	1205682127838
16	1205682142889	1205682146119
17	1205676222851	1205676224329
17	1205676247992	1205676251811
17	1205676263631	1205676264935
17	1205676265516	1205676268412
17	1205676323265	1205676326479
17	1205676405268	1205676408935
17	1205680423892	1205680425359
17	1205680450330	1205680453906
17	1205680680730	1205680684857
17	1205682093938	1205682096280
17	1205682156148	1205682159487
17	1205682178867	1205682181339
18	1205676208424	1205676211489
18	1205676263227	1205676267298
18	1205679585966	1205679588652
18	1205680423194	1205680427448
18	1205680449688	1205680454665
18	1205682172732	1205682176616
21	1205689574503	1205689580119
22	1205689576535	1205689579875
23	1205689571945	1205689575519
23	1205689577342	1205689580508
24	1205676223264	1205676226488
24	1205676261881	1205676267418
24	1205676324254	1205676326319
24	1205676347586	1205676351175
24	1205676406204	1205676408306
24	1205676529140	1205676531732
24	1205680425693	1205680427198
24	1205682144663	1205682147901
24	1205682155167	1205682158222
24	1205682180230	1205682183117
24	1205689570368	1205689574914
24	1205690969676	1205690976593
25	1205676207112	1205676210797
25	1205676246904	1205676250126
25	1205676261493	1205676262749
25	1205676263800	1205676266686
25	1205676324558	1205676328139
25	1205676406476	1205676408478
25	1205676528767	1205676532356
25	1205680425359	1205680427742
25	1205680452254	1205680454840
25	1205680682604	1205680686233
25	1205682071590	1205682075160
25	1205682094871	1205682098572
25	1205682104378	1205682108972
25	1205682144966	1205682148353
25	1205682180297	1205682184171
29	1205689579570	1205689581510
30	1205676206598	1205676210240
30	1205676224450	1205676226696
30	1205676246195	1205676248802
30	1205676260425	1205676265395
30	1205676325797	1205676327998
30	1205676346630	1205676350321
30	1205676406984	1205676409850
30	1205680426312	1205680429934
30	1205680452273	1205680455857
30	1205680682964	1205680686652
30	1205682095652	1205682098719
30	1205682103690	1205682107293
30	1205682145490	1205682148490
30	1205682154182	1205682157804
30	1205682181619	1205682182317
30	1205687768545	1205687777817
30	1205689568837	1205689572774
30	1205689579875	1205689582380
30	1205690968454	1205690972126
30	1205690974992	1205690978857
31	1205676014565	1205676017238
31	1205676034160	1205676037755
31	1205676195811	1205676199374
31	1205676200649	1205676204564
31	1205676205463	1205676208170
31	1205676258353	1205676264225
31	1205676519184	1205676521624
31	1205676523350	1205676525379
31	1205676525743	1205676531373
31	1205680427574	1205680431933
31	1205680453413	1205680458753
31	1205680684873	1205680689859
31	1205682051984	1205682055590
31	1205682185749	1205682190311
31	1205682543626	1205682547719
31	1205687643620	1205687647508
31	1205687766169	1205687770535
31	1205690967233	1205690969235
31	1205690976970	1205690980667
31	1205691203604	1205691205993
31	1205692155446	1205692162308
