1	1205881662682	1205881668124
1	1205881693318	1205881697823
1	1205882614250	1205882616516
1	1205885690173	1205885692151
1	1205885823390	1205885825406
1	1205885902856	1205885904921
1	1205911387849	1205911390135
1	1205911394300	1205911398184
1	1205911400931	1205911406998
1	1205911408975	1205911413933
1	1205911421731	1205911424569
1	1205921822775	1205921824574
1	1205923982227	1205923983394
1	1205923985549	1205923992389
1	1205924001859	1205924003500
1	1205924010760	1205924015553
1	1205924059787	1205924064686
1	1205924173247	1205924175355
1	1205924205886	1205924209775
1	1205924211831	1205924215501
1	1205924221495	1205924223540
1	1205924228877	1205924230925
1	1205924236768	1205924238854
1	1205924257423	1205924260101
1	1205924270330	1205924272386
1	1205924292302	1205924294259
1	1205924314910	1205924319666
1	1205924333118	1205924337199
1	1205924350686	1205924352719
1	1205924353769	1205924354354
1	1205924363752	1205924365181
1	1205924377827	1205924380170
1	1205924396999	1205924399296
1	1205924436783	1205924438901
1	1205924444287	1205924445558
1	1205924460572	1205924461820
1	1205924472477	1205924474620
1	1205924477976	1205924479258
1	1205924486552	1205924488887
1	1205924503266	1205924505270
1	1205924519797	1205924521860
1	1205924534149	1205924536431
1	1205924546297	1205924550278
1	1205924562727	1205924564707
1	1205924588159	1205924589421
1	1205924605279	1205924607355
1	1205924618304	1205924619588
1	1205924628602	1205924629860
1	1205924635604	1205924637791
1	1205924660142	1205924662340
1	1205924687538	1205924689524
1	1205924707164	1205924708437
1	1205924708589	1205924710881
1	1205924719597	1205924721869
1	1205924748869	1205924751834
1	1205924765479	1205924768636
1	1205924769974	1205924771239
1	1205924777288	1205924779510
1	1205924789297	1205924791592
1	1205924799746	1205924801792
1	1205924808467	1205924810639
1	1205924823453	1205924827330
1	1205924917501	1205924919702
1	1205925081216	1205925089440
1	1205925103134	1205925108477
1	1205925109982	1205925114665
1	1205925133847	1205925139925
1	1205925140277	1205925145336
1	1205925145632	1205925147911
1	1205925177455	1205925181683
1	1205925188605	1205925191166
1	1205925199702	1205925205500
1	1205925221515	1205925230837
1	1205925234862	1205925242119
1	1205925243636	1205925247422
1	1205925265274	1205925267283
1	1205925269522	1205925294158
1	1205925296922	1205925300764
1	1205925300900	1205925317178
1	1205925317815	1205925320193
1	1205925321788	1205925356550
1	1205925380310	1205925380392
1	1205925392717	1205925402418
1	1205925404340	1205925412219
1	1205925416137	1205925425423
1	1205925426942	1205925438508
1	1205925442500	1205925444821
1	1205925448835	1205925450128
1	1205925450269	1205925452656
1	1205925453302	1205925460431
1	1205925461215	1205925474192
1	1205925479521	1205925481405
1	1205925487437	1205925488713
1	1205925488865	1205925491911
1	1205925492481	1205925495570
1	1205925495723	1205925505755
1	1205925507981	1205925511167
1	1205925512477	1205925514346
1	1205925518390	1205925525801
1	1205925526621	1205925533315
1	1205925536388	1205925541618
1	1205925589362	1205925591400
1	1205925591674	1205925596735
1	1205925597392	1205925599843
1	1205925602206	1205925604575
1	1205925604901	1205925609880
1	1205925611354	1205925612640
1	1205925618692	1205925628735
1	1205925631665	1205925633541
1	1205925638308	1205925645982
1	1205925651602	1205925653979
1	1205925662204	1205925668333
1	1205925684628	1205925686826
1	1205925695286	1205925695796
1	1205925698819	1205925703269
1	1205925713736	1205925716990
1	1205925717313	1205925725789
1	1205925726804	1205925728955
1	1205925736295	1205925738683
1	1205925738879	1205925741399
1	1205925744681	1205925749687
1	1205925766635	1205925768765
1	1205925770489	1205925772781
1	1205925776978	1205925779466
1	1205925783955	1205925787765
1	1205925798880	1205925802504
1	1205925802726	1205925805300
1	1205925829760	1205925835341
1	1205925844989	1205925849557
1	1205925875857	1205925878954
1	1205925883101	1205925885740
1	1205925899665	1205925901844
1	1205925928972	1205925930996
1	1205925932554	1205925935212
1	1205925997561	1205925999675
1	1205926036958	1205926044523
1	1205926060899	1205926062180
1	1205926083367	1205926085703
1	1205926097883	1205926099163
1	1205926107867	1205926110185
1	1205926121521	1205926123845
1	1205926176850	1205926178957
1	1205926183588	1205926199608
1	1205926201381	1205926203408
1	1205926205892	1205926209358
1	1205926212344	1205926217225
1	1205926223613	1205926226943
1	1205926257759	1205926261190
1	1205926264338	1205926269853
1	1205926280211	1205926283286
1	1205926292467	1205926299592
1	1205926301727	1205926315192
1	1205926318988	1205926322596
1	1205926335384	1205926341111
1	1205926341390	1205926343721
1	1205926388445	1205926402101
1	1205926404307	1205926408617
1	1205926445342	1205926447756
1	1205926502817	1205926505698
1	1205926599520	1205926601969
1	1205926669573	1205926674529
1	1205926699665	1205926703220
1	1205926908942	1205926911153
1	1205926958706	1205926962497
1	1205927027239	1205927028255
1	1205927028976	1205927031519
1	1205927229838	1205927238263
1	1205927238537	1205927240545
1	1205927412739	1205927415194
1	1205929142611	1205929145875
1	1205932319880	1205932322285
1	1205933551719	1205933557326
1	1205933562284	1205933565740
1	1205933573905	1205933576712
1	1205933683141	1205933685109
1	1205933726857	1205933729350
1	1205933743585	1205933747792
1	1205933776219	1205933778777
1	1205933794339	1205933798625
1	1205933830817	1205933834703
1	1205933868244	1205933869482
1	1205933882705	1205933885931
1	1205933890309	1205933892334
1	1205933911134	1205933913719
1	1205933923179	1205933924449
1	1205933943908	1205933946116
1	1205933959631	1205933966955
1	1205933970630	1205933971352
1	1205933973505	1205933976108
1	1205933981734	1205933983754
1	1205933987758	1205933988367
1	1205934001518	1205934004916
1	1205934005702	1205934006984
1	1205934019733	1205934022621
1	1205934085520	1205934087881
1	1205934114686	1205934121968
1	1205934133525	1205934137907
1	1205934148387	1205934150945
1	1205934151108	1205934153611
1	1205934199415	1205934201717
1	1205934202623	1205934205966
1	1205934209625	1205934209899
1	1205934214782	1205934219212
1	1205934228163	1205934230534
1	1205934236308	1205934237589
1	1205934250309	1205934252314
1	1205934255546	1205934257824
1	1205934312233	1205934313983
1	1205934441194	1205934443492
1	1205934461692	1205934467711
1	1205934475623	1205934476887
1	1205934505756	1205934506776
1	1205934507694	1205934512806
1	1205934528492	1205934529762
1	1205934530694	1205934532714
1	1205934533440	1205934537726
1	1205934543578	1205934545428
1	1205934590893	1205934592131
1	1205934592645	1205934594848
1	1205934636529	1205934640960
1	1205934644377	1205934648896
1	1205934653619	1205934654351
1	1205934693288	1205934695651
1	1205934725277	1205934727833
1	1205934755183	1205934759982
1	1205934760223	1205934764521
1	1205934772761	1205934777662
1	1205934783676	1205934786964
1	1205934939299	1205934941405
1	1205934948624	1205934953862
1	1205934954129	1205934956880
1	1205934975283	1205934977725
1	1205934999128	1205935002520
1	1205935086506	1205935088497
1	1205935128420	1205935132910
1	1205935150529	1205935157623
1	1205935187295	1205935189489
1	1205935257953	1205935260703
1	1205935262404	1205935263697
1	1205935305221	1205935306266
1	1205935347210	1205935349389
1	1205935352537	1205935355661
1	1205935357767	1205935359995
1	1205935362849	1205935365733
1	1205935386832	1205935388964
1	1205935399542	1205935400810
1	1205935402614	1205935407588
1	1205935869912	1205935872140
1	1205935874312	1205935876647
1	1205936085738	1205936087955
1	1205936122479	1205936125386
1	1205936165635	1205936167583
1	1205936184522	1205936186694
1	1205936203992	1205936208367
1	1205936217468	1205936219816
1	1205936271608	1205936274447
1	1205936277153	1205936279479
1	1205936324350	1205936326649
1	1205936359316	1205936361952
1	1205936499630	1205936501622
1	1205936501930	1205936504182
1	1205936507517	1205936509770
1	1205936517666	1205936518927
1	1205936542704	1205936545501
1	1205936567886	1205936570446
1	1205936629937	1205936632438
1	1205936634472	1205936638838
1	1205936753480	1205936755748
1	1205936795998	1205936798113
1	1205936982398	1205936987957
1	1205937038987	1205937042617
1	1205937043133	1205937047277
1	1205937058416	1205937062515
1	1205937296250	1205937298551
1	1205937343328	1205937344551
1	1205937346929	1205937349235
1	1205937352118	1205937353405
1	1205937372974	1205937378564
1	1205937428443	1205937430404
1	1205937485908	1205937488836
1	1205937509231	1205937511166
1	1205937645639	1205937647811
1	1205937826487	1205937835137
1	1205937850619	1205937855533
1	1205938041430	1205938044197
1	1205938045328	1205938047782
1	1205938161115	1205938163619
1	1205938171195	1205938173929
1	1205938175303	1205938177702
1	1205938223468	1205938225187
1	1205938235290	1205938243477
1	1205938781217	1205938785855
1	1205938796507	1205938798745
1	1205938963667	1205938972399
1	1205938994292	1205938999318
1	1205939000922	1205939004967
1	1205939007611	1205939011408
1	1205939020108	1205939036363
1	1205947409275	1205947412388
2	1205881342470	1205881345134
2	1205881747282	1205881749401
2	1205881802666	1205881804802
2	1205881834447	1205881839390
2	1205882312410	1205882317856
2	1205882515175	1205882519362
2	1205882526696	1205882526963
2	1205882536569	1205882542242
2	1205882561781	1205882568220
2	1205882701345	1205882703720
2	1205882714437	1205882717917
2	1205882726548	1205882728938
2	1205882731734	1205882734223
2	1205882734393	1205882736798
2	1205882763633	1205882767547
2	1205882768914	1205882772416
2	1205882801403	1205882803694
2	1205882815327	1205882817394
2	1205882832374	1205882837712
2	1205882843238	1205882847850
2	1205882881959	1205882884595
2	1205882885194	1205882893855
2	1205882896121	1205882898254
2	1205882899294	1205882904951
2	1205882960905	1205882964792
2	1205882965338	1205882968335
2	1205882969109	1205882977628
2	1205882978241	1205882980526
2	1205882983449	1205882987230
2	1205882994519	1205882997964
2	1205883000946	1205883006365
2	1205883013848	1205883016308
2	1205883035407	1205883043951
2	1205883202897	1205883208904
2	1205883210397	1205883213509
2	1205883234421	1205883244103
2	1205883256506	1205883257800
2	1205883259508	1205883262406
2	1205883304219	1205883309478
2	1205883377248	1205883383223
2	1205883416366	1205883419901
2	1205883422288	1205883424725
2	1205883442983	1205883446708
2	1205883447760	1205883451243
2	1205883460319	1205883462779
2	1205883504389	1205883506578
2	1205883518961	1205883521465
2	1205883562678	1205883566934
2	1205883621192	1205883623399
2	1205883757418	1205883761419
2	1205883762437	1205883764835
2	1205883778794	1205883790670
2	1205883806215	1205883811873
2	1205883818976	1205883821168
2	1205883839367	1205883841687
2	1205883848935	1205883867143
2	1205883867756	1205883870498
2	1205883899360	1205883902551
2	1205883921379	1205883925287
2	1205883931856	1205883936541
2	1205884009488	1205884011961
2	1205884161960	1205884163186
2	1205884201598	1205884205556
2	1205884205910	1205884210200
2	1205884258718	1205884265689
2	1205884327687	1205884332827
2	1205884413874	1205884416496
2	1205884416700	1205884421140
2	1205884428379	1205884436347
2	1205884447664	1205884450736
2	1205884624185	1205884627642
2	1205884658913	1205884663962
2	1205884671796	1205884674357
2	1205884684508	1205884690612
2	1205884694852	1205884697662
2	1205884771621	1205884773742
2	1205884969238	1205884976762
2	1205885023303	1205885025839
2	1205885075150	1205885077126
2	1205885077506	1205885079790
2	1205885087736	1205885090841
2	1205885098323	1205885100354
2	1205885133705	1205885136461
2	1205885163847	1205885168231
2	1205885168356	1205885170997
2	1205885192836	1205885197525
2	1205885285254	1205885290624
2	1205885325682	1205885327764
2	1205885400303	1205885405610
2	1205885439999	1205885443529
2	1205885443675	1205885452589
2	1205885461910	1205885466295
2	1205885539179	1205885548142
2	1205885559861	1205885562213
2	1205885562931	1205885567228
2	1205885664731	1205885675381
2	1205885686826	1205885691697
2	1205885803998	1205885806705
2	1205885831737	1205885835281
2	1205885840579	1205885844487
2	1205885849671	1205885854180
2	1205885854697	1205885859883
2	1205885860107	1205885864713
2	1205885867526	1205885869896
2	1205885892333	1205885895315
2	1205885903817	1205885909541
2	1205885927381	1205885930831
2	1205885968735	1205885970715
2	1205885983344	1205885986998
2	1205885991595	1205885994927
2	1205916580348	1205916581880
2	1205923965797	1205923967768
2	1205925201960	1205925203967
2	1205925220295	1205925222295
2	1205926818780	1205926820232
2	1205927518303	1205927520172
2	1205929144773	1205929146976
2	1205932298252	1205932300539
2	1205932311206	1205932319683
2	1205932327140	1205932331935
2	1205932332388	1205932334894
2	1205932337144	1205932339604
2	1205932345595	1205932351481
2	1205932353607	1205932361581
2	1205932398895	1205932400158
2	1205932490235	1205932491863
2	1205932498844	1205932500904
2	1205932501214	1205932503142
2	1205932803234	1205932804401
2	1205932806547	1205932808728
2	1205932809726	1205932811354
2	1205932898152	1205932899260
2	1205932930510	1205932932532
2	1205933059862	1205933063412
2	1205933105164	1205933108216
2	1205933113516	1205933115524
2	1205933402390	1205933405149
2	1205933405287	1205933408293
2	1205933426284	1205933428648
2	1205933477856	1205933479725
2	1205933547672	1205933550236
2	1205933551368	1205933558429
2	1205934517389	1205934519285
2	1205938240713	1205938243364
2	1205939787827	1205939790254
2	1205947410885	1205947413200
2	1205950018759	1205950022702
2	1205950030504	1205950032694
2	1205950155236	1205950157438
2	1205954552597	1205954555839
2	1205954703116	1205954708410
2	1205954708766	1205954714999
2	1205954721423	1205954727932
2	1205954731722	1205954734834
2	1205954740424	1205954743157
2	1205954773622	1205954775842
2	1205954777806	1205954783335
2	1205954787177	1205954790283
3	1205882516263	1205882522681
3	1205882538206	1205882541631
3	1205882881683	1205882887785
3	1205882903351	1205882910214
3	1205883011821	1205883014633
3	1205883587280	1205883590671
3	1205883595186	1205883601306
3	1205883706747	1205883709124
3	1205883710780	1205883718986
3	1205883756904	1205883759997
3	1205883761823	1205883764460
3	1205883771614	1205883774335
3	1205883858525	1205883864818
3	1205884417110	1205884420622
3	1205884428581	1205884434603
3	1205884437953	1205884440689
3	1205884441107	1205884445195
3	1205884446427	1205884449819
3	1205884644157	1205884649143
3	1205884657307	1205884663977
3	1205885861263	1205885870837
3	1205885880284	1205885893613
3	1205913345752	1205913363347
3	1205913366370	1205913369851
3	1205913370409	1205913375269
3	1205913378561	1205913380613
3	1205913387348	1205913396107
3	1205913396423	1205913399405
3	1205913403144	1205913405434
3	1205913412577	1205913415913
3	1205913423320	1205913426293
3	1205914290344	1205914296790
3	1205914296986	1205914309136
3	1205916580639	1205916582628
3	1205927452977	1205927455313
3	1205932300259	1205932305246
3	1205932306332	1205932313289
3	1205933555355	1205933558806
3	1205938700696	1205938704490
3	1205938860680	1205938863199
7	1205881588216	1205881591956
7	1205881658920	1205881664620
7	1205881694711	1205881697129
7	1205881697697	1205881700421
7	1205882510873	1205882517249
7	1205882541319	1205882547781
7	1205882602675	1205882608588
7	1205882616120	1205882618249
7	1205882629890	1205882640271
7	1205882709194	1205882713195
7	1205883016281	1205883019880
7	1205883047736	1205883052766
7	1205883395868	1205883402233
7	1205883431225	1205883436183
7	1205883577299	1205883579285
7	1205883863788	1205883867633
7	1205883872161	1205883875756
7	1205883879658	1205883882310
7	1205883893110	1205883898704
7	1205884625666	1205884628624
7	1205884631503	1205884634184
7	1205885696244	1205885698603
7	1205885729750	1205885737717
7	1205885742497	1205885744935
7	1205885760158	1205885762785
7	1205885779226	1205885781820
7	1205885785228	1205885786547
7	1205885787611	1205885793317
7	1205885804452	1205885805764
7	1205885815407	1205885817812
7	1205885819182	1205885826590
7	1205885895315	1205885908467
7	1205885908588	1205885915984
7	1205885923224	1205885928828
7	1205885947913	1205885950447
7	1205885950902	1205885954984
7	1205885969793	1205885975287
7	1205885982750	1205885982758
7	1205885988972	1205885990958
7	1205885991727	1205885998867
7	1205886000870	1205886005261
7	1205920185144	1205920187162
7	1205920188653	1205920190983
7	1205920191631	1205920195307
7	1205920196229	1205920202682
7	1205921206453	1205921208639
7	1205921209725	1205921212475
7	1205921815139	1205921824452
7	1205921826912	1205921838312
7	1205921839643	1205921844443
7	1205921847268	1205921853980
7	1205921860468	1205921865706
7	1205921867720	1205921871653
7	1205921874317	1205921879394
7	1205921927141	1205921930306
7	1205921940287	1205921942429
7	1205921969247	1205921973337
7	1205922390417	1205922392932
7	1205922452946	1205922454207
7	1205922462319	1205922469991
7	1205923093496	1205923099587
7	1205923103104	1205923105199
7	1205923445899	1205923451157
7	1205923463102	1205923465402
7	1205923912557	1205923925200
7	1205924686527	1205924687729
7	1205924904137	1205924906143
7	1205924906423	1205924908852
7	1205924926685	1205924929229
7	1205925261924	1205925264445
7	1205925266381	1205925268932
7	1205926005271	1205926007576
7	1205926007763	1205926011101
7	1205926032294	1205926034630
7	1205926073281	1205926075570
7	1205926314602	1205926315838
7	1205926316865	1205926320143
7	1205926333299	1205926335582
7	1205926504845	1205926507149
7	1205926536425	1205926538248
7	1205926545685	1205926552753
7	1205926553605	1205926555846
7	1205926558622	1205926561264
7	1205926591384	1205926597432
7	1205926602680	1205926605325
7	1205926608251	1205926612847
7	1205926664450	1205926666738
7	1205926718351	1205926724150
7	1205926725365	1205926726670
7	1205926726986	1205926733230
7	1205926743520	1205926745914
7	1205926802591	1205926805900
7	1205926815487	1205926816800
7	1205927416333	1205927418786
7	1205928386623	1205928388899
7	1205928501677	1205928508584
7	1205928789725	1205928805480
7	1205929083334	1205929087366
7	1205929105368	1205929108288
7	1205929136406	1205929137320
7	1205929137461	1205929144651
7	1205932303818	1205932313153
7	1205932322576	1205932331228
7	1205933546647	1205933553168
7	1205934519404	1205934526685
7	1205935160111	1205935162739
7	1205935164103	1205935168202
7	1205935174179	1205935176683
7	1205935828838	1205935834500
7	1205935835180	1205935838880
7	1205935841289	1205935843745
7	1205936161317	1205936163246
7	1205936165914	1205936169631
7	1205936267473	1205936269832
7	1205936269990	1205936272668
7	1205936285806	1205936292898
7	1205936958623	1205936960378
7	1205937255199	1205937257194
7	1205937763507	1205937766686
7	1205937770593	1205937772156
7	1205937895128	1205937896364
7	1205937927427	1205937935302
7	1205938594351	1205938599550
7	1205938663173	1205938667121
7	1205939783243	1205939785367
7	1205939785560	1205939788104
7	1205939894739	1205939902819
7	1205940071170	1205940075366
7	1205940097244	1205940099249
7	1205940107452	1205940111530
7	1205940111655	1205940115128
7	1205940132613	1205940138201
7	1205940139566	1205940146380
7	1205940151165	1205940151244
7	1205940159211	1205940161583
7	1205940179768	1205940183833
7	1205941921627	1205941923653
7	1205943653114	1205943655504
7	1205943750506	1205943754329
7	1205944069634	1205944072860
7	1205944393781	1205944397485
7	1205945174257	1205945176400
7	1205945230369	1205945234939
7	1205945898567	1205945901481
7	1205945903538	1205945907459
7	1205946574992	1205946576823
7	1205946577451	1205946579919
7	1205946583547	1205946586472
7	1205947274598	1205947275958
7	1205947403903	1205947414149
7	1205947507688	1205947512370
7	1205947716566	1205947721121
7	1205948220130	1205948222601
7	1205948670946	1205948673118
7	1205948798478	1205948800664
7	1205949665181	1205949672773
7	1205950022449	1205950030248
7	1205950157284	1205950161431
7	1205950418197	1205950422314
7	1205950738891	1205950746451
7	1205951459350	1205951470188
7	1205951470474	1205951472831
7	1205951704468	1205951706792
7	1205951708480	1205951711468
7	1205951766789	1205951768703
7	1205951770649	1205951771940
7	1205951780438	1205951782558
7	1205952002783	1205952016730
7	1205953063151	1205953066872
7	1205953396440	1205953398730
7	1205953516495	1205953518423
7	1205953518584	1205953523862
7	1205954096410	1205954097250
7	1205954098644	1205954101180
7	1205954202893	1205954207246
7	1205954208104	1205954210996
7	1205954211192	1205954214750
7	1205954214885	1205954217955
7	1205954241556	1205954245866
7	1205954274858	1205954278266
7	1205954290513	1205954294593
7	1205954296423	1205954302940
7	1205954363317	1205954365723
7	1205954539161	1205954541442
7	1205954546856	1205954554578
7	1205954655578	1205954669682
7	1205954683799	1205954694434
7	1205954707668	1205954711276
7	1205954712879	1205954718687
7	1205954720581	1205954722970
7	1205954735586	1205954737640
8	1205882514311	1205882519548
8	1205882539974	1205882544740
8	1205882712221	1205882718955
8	1205882842232	1205882846840
8	1205882896480	1205882907542
8	1205883014633	1205883018485
8	1205883433242	1205883437632
8	1205883447134	1205883451458
8	1205883585888	1205883590298
8	1205883855367	1205883866188
8	1205884447384	1205884451697
8	1205884610905	1205884615911
8	1205884623827	1205884627924
8	1205884632984	1205884637233
8	1205884643121	1205884645954
8	1205884646751	1205884648842
8	1205884654283	1205884658145
8	1205885842258	1205885846720
8	1205885848504	1205885852188
8	1205885923404	1205885930967
8	1205885968151	1205885985135
8	1205885992165	1205885995706
8	1205885997230	1205886010485
8	1205911382633	1205911384820
8	1205911424838	1205911427169
8	1205913344891	1205913348514
8	1205913424643	1205913427661
8	1205913450403	1205913460503
8	1205913464705	1205913467529
8	1205913468199	1205913469559
8	1205913470416	1205913472403
8	1205913475704	1205913482877
8	1205913486947	1205913491134
8	1205914289372	1205914292289
8	1205914306250	1205914308167
8	1205916580834	1205916582758
8	1205923965412	1205923968507
8	1205925111706	1205925114665
8	1205925131506	1205925134621
8	1205925201578	1205925205370
8	1205925219910	1205925223898
8	1205926817606	1205926822856
8	1205927239931	1205927243714
8	1205927408596	1205927411786
8	1205927414210	1205927417532
8	1205927435990	1205927441512
8	1205927460776	1205927463581
8	1205927518187	1205927521383
8	1205929144321	1205929148418
8	1205931980208	1205931983166
8	1205932007703	1205932010755
8	1205932295606	1205932301867
8	1205932310550	1205932316445
8	1205933426429	1205933428449
8	1205933548223	1205933551556
8	1205933552264	1205933558310
8	1205933562166	1205933564694
8	1205934516955	1205934521402
8	1205938240342	1205938243670
8	1205938699697	1205938704757
8	1205938778919	1205938782395
8	1205938861240	1205938863269
8	1205939033121	1205939036227
8	1205939787551	1205939791994
8	1205939891429	1205939895528
8	1205947410605	1205947415561
8	1205947505400	1205947509162
8	1205950019158	1205950023106
8	1205950024112	1205950028866
8	1205950030504	1205950034534
8	1205950154913	1205950159425
8	1205954552880	1205954556836
8	1205954648851	1205954652725
8	1205954679862	1205954682595
8	1205954696253	1205954698637
8	1205954738697	1205954742343
8	1205954750149	1205954755193
8	1205954759292	1205954765158
8	1205954771537	1205954776195
8	1205954777584	1205954785817
8	1205954787769	1205954791289
9	1205883010798	1205883012952
9	1205883434354	1205883436647
9	1205883774499	1205883777595
9	1205883783587	1205883790854
9	1205883799633	1205883800999
9	1205883816291	1205883820420
9	1205883849884	1205883857390
9	1205884449820	1205884451973
9	1205884609802	1205884613845
9	1205884633819	1205884657871
9	1205885843326	1205885846542
9	1205885847964	1205885853759
9	1205885924310	1205885929499
9	1205885973436	1205885975569
9	1205885993223	1205886003594
9	1205913344891	1205913346983
9	1205913485420	1205913487946
9	1205914301506	1205914305287
9	1205914306468	1205914309939
9	1205916579818	1205916582136
9	1205916582500	1205916587759
9	1205920172157	1205920174281
9	1205927241555	1205927243192
9	1205927437776	1205927439784
9	1205927454479	1205927456733
9	1205929145620	1205929148954
9	1205932296907	1205932299681
9	1205933556481	1205933566302
9	1205934516495	1205934518721
9	1205938241387	1205938243670
9	1205938699421	1205938705957
9	1205938857845	1205938863805
9	1205939788935	1205939791780
9	1205939890835	1205939893928
9	1205947504817	1205947507102
9	1205950017104	1205950021195
9	1205950025628	1205950028368
9	1205950031300	1205950033474
9	1205950154389	1205950157802
9	1205954553431	1205954556836
9	1205954648215	1205954650395
9	1205954779685	1205954784995
10	1205921486711	1205921488657
10	1205922561229	1205922565886
10	1205922573688	1205922575825
10	1205922576148	1205922580132
10	1205922582325	1205922584407
10	1205922587972	1205922589189
10	1205922589431	1205922594179
10	1205922594695	1205922603330
10	1205922606353	1205922608345
10	1205922666260	1205922668728
10	1205922700102	1205922702172
10	1205922703258	1205922706671
10	1205922714641	1205922719385
10	1205922746626	1205922752687
10	1205922897945	1205922899815
10	1205923015235	1205923015305
10	1205923269995	1205923271844
10	1205923324468	1205923326559
10	1205923375432	1205923383696
10	1205923448295	1205923455161
10	1205923521207	1205923523291
10	1205924020206	1205924020429
10	1205924027988	1205924030948
10	1205924031527	1205924033717
10	1205924034607	1205924038666
10	1205924042563	1205924047133
10	1205924061675	1205924069722
10	1205924071838	1205924074911
10	1205924106134	1205924107994
10	1205924592930	1205924601630
10	1205924606421	1205924608937
10	1205924802565	1205924805428
10	1205924805686	1205924809589
10	1205924868487	1205924871222
10	1205924876642	1205924881174
10	1205928161358	1205928163188
10	1205928166579	1205928170481
10	1205928171716	1205928175906
10	1205928211375	1205928220617
10	1205928329487	1205928340766
10	1205928342460	1205928345924
10	1205928346360	1205928348542
10	1205928349266	1205928355241
10	1205928359954	1205928370459
10	1205928392588	1205928393873
10	1205928394109	1205928395323
10	1205928396407	1205928402257
10	1205928402559	1205928411263
10	1205928411754	1205928413440
10	1205928479461	1205928481976
10	1205928482154	1205928484590
10	1205928486768	1205928493844
10	1205928494491	1205928499143
10	1205928501882	1205928507717
10	1205928563882	1205928568207
10	1205928611811	1205928614613
10	1205928738582	1205928743318
10	1205928749464	1205928759848
10	1205928782935	1205928801354
10	1205928813365	1205928818659
10	1205928818784	1205928829886
10	1205928835844	1205928849482
10	1205928854453	1205928856561
10	1205928859373	1205928860622
10	1205928860924	1205928864105
10	1205928864496	1205928865731
10	1205929208496	1205929214390
10	1205929214725	1205929216758
10	1205929451204	1205929456537
10	1205929576753	1205929578895
10	1205929584598	1205929585319
10	1205929613892	1205929618287
10	1205929917931	1205929919774
10	1205930139956	1205930142519
10	1205930142766	1205930145712
10	1205930344793	1205930347768
10	1205930377374	1205930380450
10	1205932228793	1205932231368
10	1205932388212	1205932390405
10	1205932438624	1205932445678
10	1205932653524	1205932657236
10	1205932659589	1205932660820
10	1205932720134	1205932722942
10	1205932733190	1205932735975
10	1205935635462	1205935640110
10	1205935651243	1205935656154
10	1205935656700	1205935659527
10	1205935660729	1205935662644
10	1205935666262	1205935672637
10	1205935721143	1205935736979
10	1205935743267	1205935748284
10	1205935753440	1205935756580
10	1205935756919	1205935778122
10	1205935778599	1205935781188
10	1205935781870	1205935802324
10	1205935806856	1205935809913
10	1205935810631	1205935813429
10	1205935814459	1205935832648
10	1205935842328	1205935844680
10	1205935844975	1205935874508
10	1205935875588	1205935877685
10	1205935935671	1205935956496
10	1205935961151	1205935963224
10	1205935977214	1205935981583
10	1205935988154	1205935989997
10	1205936001247	1205936001762
10	1205936015659	1205936018392
10	1205936025989	1205936028547
10	1205936030155	1205936038594
10	1205936041499	1205936060367
10	1205936060708	1205936063213
10	1205936063519	1205936066477
10	1205936069440	1205936083164
10	1205936092919	1205936105265
10	1205936107154	1205936118216
10	1205936133990	1205936136511
10	1205936621981	1205936627993
10	1205936671979	1205936674211
10	1205936691432	1205936698427
10	1205936719439	1205936721547
10	1205936722163	1205936728817
10	1205936735713	1205936738996
10	1205936744116	1205936750539
10	1205936821490	1205936827663
10	1205936827866	1205936832573
10	1205936838373	1205936840183
10	1205936866787	1205936869810
10	1205936871294	1205936873404
10	1205936903981	1205936906551
10	1205936924877	1205936932699
10	1205936964546	1205936969238
10	1205936973817	1205936976435
10	1205936998303	1205937000331
10	1205937018787	1205937025452
10	1205937076419	1205937077978
10	1205937080219	1205937084652
10	1205937100624	1205937105920
10	1205937107452	1205937112521
10	1205937120933	1205937126995
10	1205937127882	1205937135130
10	1205937245216	1205937247111
10	1205937254811	1205937256272
10	1205937257481	1205937259426
10	1205937377707	1205937384296
10	1205937394893	1205937410626
10	1205937411946	1205937416989
10	1205937448994	1205937454212
10	1205937472267	1205937474865
10	1205937545721	1205937555838
10	1205937556125	1205937561144
10	1205937680268	1205937685670
10	1205937686210	1205937688698
10	1205937691930	1205937693706
10	1205937694122	1205937697417
10	1205937701471	1205937703460
10	1205937705365	1205937711510
10	1205937714283	1205937718210
10	1205937718969	1205937722725
10	1205937722854	1205937725746
10	1205937728734	1205937730682
10	1205937738209	1205937740413
10	1205937741525	1205937742742
10	1205937743304	1205937746991
10	1205937752466	1205937754284
10	1205937754885	1205937757909
10	1205937777403	1205937779805
10	1205937781585	1205937783981
10	1205937784433	1205937786591
10	1205937787975	1205937789192
10	1205937789856	1205937791850
10	1205937809527	1205937814681
10	1205937826350	1205937829703
10	1205937834587	1205937836896
10	1205937837632	1205937839885
10	1205937840976	1205937847975
10	1205937892307	1205937896833
10	1205937897759	1205937909643
10	1205937913377	1205937915639
10	1205937933246	1205937934736
10	1205937937554	1205937940971
10	1205937942330	1205937947529
10	1205937973604	1205937976383
10	1205937978324	1205937984174
10	1205938026859	1205938040455
10	1205938042147	1205938097329
10	1205938108493	1205938108780
10	1205938170459	1205938172425
10	1205938187932	1205938191770
10	1205938217112	1205938221195
10	1205938231967	1205938256511
10	1205938261376	1205938267727
10	1205938272481	1205938279518
10	1205938286649	1205938294297
10	1205938316541	1205938319584
10	1205938325480	1205938337781
10	1205938342771	1205938344928
10	1205938347575	1205938349732
10	1205938351548	1205938361479
10	1205938364143	1205938372503
10	1205938383265	1205938390332
10	1205938401174	1205938407113
10	1205938432743	1205938439784
10	1205938455264	1205938464630
10	1205938470486	1205938473697
10	1205938714399	1205938718594
10	1205938732219	1205938737508
10	1205938739208	1205938746388
10	1205938751501	1205938761668
10	1205938767251	1205938778455
10	1205938787203	1205938797171
10	1205938893130	1205938895965
10	1205938912524	1205938918318
10	1205938933141	1205938935937
10	1205939103202	1205939106704
10	1205944666766	1205944668522
10	1205944678427	1205944679683
10	1205944696822	1205944697917
10	1205944708714	1205944710940
10	1205944745774	1205944747183
10	1205944776500	1205944779296
10	1205945116667	1205945119785
10	1205945237204	1205945239373
10	1205945264976	1205945275624
10	1205945276397	1205945277624
10	1205945278485	1205945280485
10	1205945295291	1205945297372
10	1205945299187	1205945302201
10	1205945304180	1205945307778
10	1205945313407	1205945333464
10	1205945514408	1205945517269
10	1205946891927	1205946894611
10	1205947440541	1205947443353
10	1205947494575	1205947497231
10	1205949970777	1205949973746
10	1205950103287	1205950105940
10	1205952952391	1205952955312
11	1205922475813	1205922479325
11	1205922485510	1205922493350
11	1205922496743	1205922497864
11	1205922498118	1205922500345
11	1205922503207	1205922505418
11	1205922507559	1205922510672
11	1205922513330	1205922525526
11	1205922533508	1205922537855
11	1205922538100	1205922566122
11	1205922573557	1205922575611
11	1205922576148	1205922578593
11	1205922591446	1205922592875
11	1205922593548	1205922595388
11	1205922596222	1205922598226
11	1205922601685	1205922604106
11	1205922697664	1205922698908
11	1205922822531	1205922824526
11	1205923269363	1205923271516
11	1205923280913	1205923282106
11	1205923293698	1205923295666
11	1205923336910	1205923338845
11	1205923339438	1205923341618
11	1205923342915	1205923344275
11	1205923344766	1205923346971
11	1205923347702	1205923349837
11	1205923350618	1205923352789
11	1205923362552	1205923364758
11	1205923365144	1205923367362
11	1205923367822	1205923370945
11	1205923386747	1205923387937
11	1205923450553	1205923454513
11	1205923516256	1205923520164
11	1205924043782	1205924045674
11	1205924058489	1205924060328
11	1205924067965	1205924069463
11	1205924274715	1205924275841
11	1205924803626	1205924807927
11	1205924821317	1205924827464
11	1205924827684	1205924830518
11	1205924833857	1205924849264
11	1205924850927	1205924863862
11	1205924864733	1205924871467
11	1205924873716	1205924875841
11	1205924877736	1205924879416
11	1205928133712	1205928135443
11	1205928335779	1205928337720
11	1205928337842	1205928340251
11	1205928340901	1205928343802
11	1205928344424	1205928346642
11	1205928352901	1205928362499
11	1205928370107	1205928377648
11	1205928393992	1205928399801
11	1205928405588	1205928411136
11	1205928422251	1205928425549
11	1205928427651	1205928431875
11	1205928447897	1205928451896
11	1205928477586	1205928481774
11	1205928483248	1205928488946
11	1205928490247	1205928492785
11	1205928494272	1205928503103
11	1205928564227	1205928572510
11	1205928806578	1205928808570
11	1205928816112	1205928818674
11	1205928819973	1205928822431
11	1205928823933	1205928829128
11	1205928837900	1205928841889
11	1205928843426	1205928848419
11	1205928848855	1205928851855
11	1205928861486	1205928866834
11	1205928877928	1205928880489
11	1205928881819	1205928882291
11	1205928885437	1205928890229
11	1205928964352	1205928969151
11	1205929006512	1205929011126
11	1205929083176	1205929085556
11	1205929159687	1205929163151
11	1205929554379	1205929556373
11	1205929619859	1205929625155
11	1205929629392	1205929646639
11	1205929649448	1205929653687
11	1205929796295	1205929801248
11	1205929916594	1205929919962
11	1205930003189	1205930005343
11	1205930015131	1205930017171
11	1205930140169	1205930141311
11	1205930141450	1205930143677
11	1205932659727	1205932664289
11	1205932667607	1205932672454
11	1205932728465	1205932733351
11	1205932738819	1205932743789
11	1205935629101	1205935632310
11	1205935644168	1205935653424
11	1205935657421	1205935661905
11	1205935718398	1205935720202
11	1205935733904	1205935736364
11	1205935768175	1205935769742
11	1205935791857	1205935802324
11	1205935875816	1205935878137
11	1205935911541	1205935913738
11	1205935931582	1205935931926
11	1205935938904	1205935941378
11	1205936077947	1205936078890
11	1205936111338	1205936117999
11	1205936134622	1205936139179
11	1205936494391	1205936499344
11	1205936620270	1205936624141
11	1205936672382	1205936676208
11	1205936687607	1205936694591
11	1205936723125	1205936732778
11	1205936742814	1205936748852
11	1205937028998	1205937030826
11	1205937079285	1205937080473
11	1205937081837	1205937084236
11	1205937139352	1205937141352
11	1205937244705	1205937248145
11	1205937266198	1205937268238
11	1205937377195	1205937383781
11	1205937401528	1205937403614
11	1205937404477	1205937412801
11	1205937524353	1205937526309
11	1205937541792	1205937543974
11	1205937545480	1205937548517
11	1205937550484	1205937555517
11	1205937556125	1205937562253
11	1205937565803	1205937567289
11	1205937567434	1205937572575
11	1205937663818	1205937665867
11	1205937669249	1205937672522
11	1205937676791	1205937678164
11	1205937785513	1205937786708
11	1205937829845	1205937833262
11	1205937835792	1205937840396
11	1205937842242	1205937847179
11	1205937907703	1205937911828
11	1205937915799	1205937919148
11	1205937931366	1205937935948
11	1205937936908	1205937941804
11	1205937943166	1205937944985
11	1205938243980	1205938245936
11	1205938264671	1205938266771
11	1205938272631	1205938274393
11	1205938331122	1205938332300
11	1205938435476	1205938440603
11	1205938440700	1205938447393
11	1205938452815	1205938458458
11	1205938470256	1205938470501
11	1205938756736	1205938763219
11	1205938775855	1205938778149
11	1205938789337	1205938791459
11	1205938802141	1205938807160
11	1205938891666	1205938891689
11	1205938909820	1205938912524
11	1205939039116	1205939049133
11	1205939053619	1205939065274
11	1205939069211	1205939072967
11	1205939082163	1205939088382
11	1205939100751	1205939106658
11	1205939111712	1205939115626
11	1205945338776	1205945339917
11	1205945394870	1205945397978
11	1205945424196	1205945427822
11	1205945465202	1205945468560
12	1205922510468	1205922514765
12	1205924806364	1205924812919
14	1205883434866	1205883436807
14	1205883445650	1205883447882
14	1205884450100	1205884452138
14	1205884609277	1205884611173
14	1205913343556	1205913346345
14	1205913426515	1205913429547
14	1205913446923	1205913453428
14	1205913468809	1205913471719
14	1205913471855	1205913473123
14	1205913488199	1205913492632
14	1205914287930	1205914290814
14	1205914293265	1205914295284
14	1205914303369	1205914306626
14	1205914307757	1205914310889
14	1205914445249	1205914447651
14	1205914506864	1205914511122
14	1205914532837	1205914537770
14	1205914558129	1205914564858
14	1205914588480	1205914592354
14	1205914689323	1205914693512
14	1205914714352	1205914718665
14	1205914833738	1205914836361
14	1205914843299	1205914846597
14	1205915175445	1205915179252
14	1205915203986	1205915206411
14	1205915207939	1205915209240
14	1205915243203	1205915247780
14	1205915251160	1205915254971
14	1205916579306	1205916581546
14	1205916584156	1205916585710
14	1205925130408	1205925132354
14	1205925203191	1205925204890
14	1205925218523	1205925222422
14	1205926819918	1205926821790
14	1205927407398	1205927409215
14	1205932294356	1205932296128
14	1205933564441	1205933566544
14	1205938698513	1205938700696
14	1205938862549	1205938864822
14	1205938991617	1205938992288
14	1205938992521	1205938994732
14	1205938995446	1205938997646
14	1205939019869	1205939023374
14	1205939024820	1205939029116
14	1205939789747	1205939792131
14	1205947412530	1205947414530
14	1205954677529	1205954679392
15	1205883435154	1205883437472
15	1205883444916	1205883447644
15	1205884450457	1205884453930
15	1205884608597	1205884611173
15	1205913343556	1205913346553
15	1205913426293	1205913432283
15	1205913447591	1205913451282
15	1205913468412	1205913473956
15	1205913487808	1205913493448
15	1205914292985	1205914296374
15	1205914302368	1205914305440
15	1205914320359	1205914323529
15	1205914507651	1205914511749
15	1205914532659	1205914537514
15	1205915203733	1205915213129
15	1205915213978	1205915217726
15	1205915230693	1205915233928
15	1205915242282	1205915249374
15	1205915250611	1205915254775
15	1205916578757	1205916580906
15	1205916584592	1205916586791
15	1205923963998	1205923966235
15	1205925113209	1205925115403
15	1205925203719	1205925205210
15	1205925218372	1205925222551
15	1205926819279	1205926822916
15	1205927413361	1205927415381
15	1205927520456	1205927521257
15	1205929146592	1205929149326
15	1205931978431	1205931981666
15	1205932293992	1205932297983
15	1205933546195	1205933548735
15	1205933562402	1205933567401
15	1205934515447	1205934518447
15	1205938242699	1205938243980
15	1205938531966	1205938536793
15	1205938698232	1205938700533
15	1205938704883	1205938706393
15	1205938777801	1205938779395
15	1205938862850	1205938864675
15	1205938990709	1205938992856
15	1205939790160	1205939794911
15	1205939889405	1205939892845
15	1205947412917	1205947416520
15	1205947503552	1205947506928
15	1205950015977	1205950018598
15	1205950032763	1205950034534
15	1205950153319	1205950156187
15	1205954554296	1205954557810
15	1205954647668	1205954649751
15	1205954676861	1205954678918
15	1205954790799	1205954793951
16	1205884450902	1205884452673
16	1205886009620	1205886012446
16	1205915209715	1205915217782
16	1205915232151	1205915233267
16	1205915234883	1205915239882
16	1205915241762	1205915244784
16	1205924818299	1205924821718
16	1205925812653	1205925816878
16	1205927242325	1205927244240
16	1205928212679	1205928215451
16	1205928266802	1205928268758
16	1205928280694	1205928286893
16	1205928297453	1205928300714
16	1205928354537	1205928355768
16	1205928356144	1205928358505
16	1205928613387	1205928615265
16	1205928737607	1205928741275
16	1205929147307	1205929150454
16	1205929652211	1205929654114
16	1205930346460	1205930348720
16	1205930376289	1205930378466
16	1205932221726	1205932223486
16	1205932721442	1205932724367
16	1205932731709	1205932734103
16	1205933562752	1205933563933
16	1205936537628	1205936541636
16	1205936725339	1205936726539
16	1205936734914	1205936736907
16	1205936741499	1205936743843
16	1205938243364	1205938245353
16	1205938443882	1205938444954
16	1205938454538	1205938457109
16	1205938530322	1205938533370
16	1205939889131	1205939891127
16	1205944711216	1205944713129
16	1205945118466	1205945119655
16	1205945236747	1205945238752
16	1205945263685	1205945266466
16	1205945515953	1205945518415
16	1205947413338	1205947415196
16	1205947442292	1205947444250
16	1205947493472	1205947495686
16	1205949972856	1205949974317
16	1205950015701	1205950017835
16	1205950032514	1205950035406
16	1205950102102	1205950104240
16	1205952953832	1205952955956
16	1205954646695	1205954648366
16	1205954789949	1205954792657
17	1205915235715	1205915240814
17	1205922473935	1205922476165
17	1205923451815	1205923454641
17	1205923515194	1205923518125
17	1205924810371	1205924813587
17	1205924879264	1205924881480
17	1205928132184	1205928135316
17	1205929644594	1205929651624
17	1205929652246	1205929656129
17	1205929795163	1205929796924
17	1205929799511	1205929801828
17	1205929915712	1205929918954
17	1205930145623	1205930149330
17	1205930376125	1205930379518
17	1205932221382	1205932224600
17	1205932662741	1205932665835
17	1205932666533	1205932667923
17	1205932726966	1205932730623
17	1205932732861	1205932734292
17	1205932741197	1205932743518
17	1205935627725	1205935630258
17	1205936136199	1205936139179
17	1205936492409	1205936495514
17	1205936496648	1205936500508
17	1205936519761	1205936524452
17	1205936535594	1205936541884
17	1205936619244	1205936622907
17	1205936674680	1205936677493
17	1205936686118	1205936690198
17	1205936727163	1205936730596
17	1205936734167	1205936737515
17	1205936739880	1205936745170
17	1205938443282	1205938447906
17	1205938452961	1205938456581
17	1205939114829	1205939117337
17	1205944667422	1205944670837
17	1205944689326	1205944691305
17	1205945468204	1205945470652
17	1205945516271	1205945518415
17	1205946890589	1205946893245
17	1205947442150	1205947445147
17	1205947493351	1205947495542
17	1205949972349	1205949975177
17	1205950101896	1205950105188
17	1205952954108	1205952956811
18	1205924805864	1205924806994
19	1205912700535	1205912702933
19	1205912715761	1205912719410
19	1205917230669	1205917240509
19	1205921736717	1205921738471
19	1205938492757	1205938494532
20	1205912657411	1205912662141
20	1205912664801	1205912671951
20	1205912676157	1205912681853
20	1205912701898	1205912711581
20	1205912713388	1205912720656
20	1205912737929	1205912740624
20	1205912740816	1205912749118
20	1205912762858	1205912764924
20	1205912770294	1205912772357
20	1205912780423	1205912780871
20	1205912784119	1205912788820
20	1205912789344	1205912791340
20	1205912805704	1205912807594
20	1205912818831	1205912823481
20	1205912935199	1205912936426
20	1205913011956	1205913013368
20	1205913016522	1205913018224
20	1205913219806	1205913222607
20	1205913258971	1205913261505
20	1205913279613	1205913281182
20	1205913318490	1205913321150
20	1205913338751	1205913344700
20	1205913428699	1205913434920
20	1205913442473	1205913447791
20	1205913490735	1205913499854
20	1205913502263	1205913508129
20	1205913528414	1205913528825
20	1205913539749	1205913543212
20	1205913545522	1205913549890
20	1205913551717	1205913557625
20	1205913559811	1205913562101
20	1205913678854	1205913680759
20	1205913774679	1205913776267
20	1205914011712	1205914013805
20	1205914017788	1205914026364
20	1205914031505	1205914033575
20	1205914045221	1205914048607
20	1205914057234	1205914059247
20	1205914066469	1205914070425
20	1205914073621	1205914075645
20	1205914075984	1205914080623
20	1205914111187	1205914113201
20	1205914114695	1205914116865
20	1205914117171	1205914119607
20	1205914122698	1205914127806
20	1205914148616	1205914150933
20	1205914155416	1205914158742
20	1205914162564	1205914168260
20	1205914191216	1205914194424
20	1205914196286	1205914202248
20	1205914203158	1205914206381
20	1205914206793	1205914208676
20	1205914210435	1205914218696
20	1205914219468	1205914221258
20	1205914241150	1205914243319
20	1205914257911	1205914259758
20	1205914260889	1205914271926
20	1205914273139	1205914277140
20	1205914288988	1205914293666
20	1205914305594	1205914311519
20	1205914316835	1205914321765
20	1205914323529	1205914329164
20	1205914335423	1205914337950
20	1205914364262	1205914366502
20	1205914371885	1205914374100
20	1205914488508	1205914491563
20	1205914510963	1205914516535
20	1205914521396	1205914524507
20	1205914525949	1205914528485
20	1205914560449	1205914564181
20	1205914575255	1205914577971
20	1205914590543	1205914593839
20	1205914606911	1205914621575
20	1205914626879	1205914630599
20	1205914630983	1205914646319
20	1205914652659	1205914655332
20	1205914655683	1205914669173
20	1205914677580	1205914693847
20	1205914693984	1205914696586
20	1205914699215	1205914714903
20	1205914715925	1205914718542
20	1205914718814	1205914728902
20	1205914732770	1205914734657
20	1205914745153	1205914749442
20	1205914751212	1205914755338
20	1205914761561	1205914776508
20	1205914782879	1205914785257
20	1205914798992	1205914805823
20	1205914822724	1205914827567
20	1205914829279	1205914835598
20	1205914847313	1205914852726
20	1205914856994	1205914858262
20	1205914859418	1205914870728
20	1205914881453	1205914883449
20	1205914896177	1205914898633
20	1205914912845	1205914914794
20	1205914915571	1205914921302
20	1205914921691	1205914926519
20	1205914926774	1205914933120
20	1205914938771	1205914940888
20	1205914942877	1205914948563
20	1205914948795	1205914954653
20	1205914959772	1205914965510
20	1205914966152	1205914972461
20	1205914981150	1205914986477
20	1205915005512	1205915007704
20	1205915022897	1205915024167
20	1205915030141	1205915032672
20	1205915038110	1205915040344
20	1205915047392	1205915055185
20	1205915060443	1205915061700
20	1205915061971	1205915064605
20	1205915077338	1205915082358
20	1205915084655	1205915089589
20	1205915103724	1205915104995
20	1205915107166	1205915113247
20	1205915155453	1205915157403
20	1205915157813	1205915159853
20	1205915160744	1205915163293
20	1205915166921	1205915178423
20	1205915185557	1205915188565
20	1205915200967	1205915211572
20	1205915216148	1205915220630
20	1205915224939	1205915227561
20	1205915229581	1205915233665
20	1205915235123	1205915241282
20	1205915249175	1205915251304
20	1205915259217	1205915260568
20	1205915398990	1205915401545
20	1205915418222	1205915420394
20	1205915428752	1205915431238
20	1205916165624	1205916167956
20	1205916330499	1205916336119
20	1205916576877	1205916583403
20	1205916586509	1205916591293
20	1205916628285	1205916632777
20	1205916634203	1205916639485
20	1205916815900	1205916818163
20	1205917228107	1205917234758
20	1205917236119	1205917239929
20	1205917248488	1205917255101
20	1205917259507	1205917261579
20	1205917267687	1205917270284
20	1205917414895	1205917416111
20	1205917416764	1205917419710
20	1205917489678	1205917490886
20	1205917493976	1205917496591
20	1205917496969	1205917499357
20	1205917715109	1205917717625
20	1205917721911	1205917724161
20	1205917750901	1205917753458
20	1205917837279	1205917839591
20	1205917932721	1205917935179
20	1205917938317	1205917940574
20	1205917941662	1205917944384
20	1205917946149	1205917948464
20	1205917954165	1205917956699
20	1205917986589	1205917989122
20	1205917989320	1205917991804
20	1205918043159	1205918045394
20	1205918048453	1205918050611
20	1205918053120	1205918055726
20	1205918112550	1205918113871
20	1205918139309	1205918146798
20	1205918146928	1205918149646
20	1205918153130	1205918154406
20	1205918243940	1205918246135
20	1205918263838	1205918266252
20	1205918397784	1205918400927
20	1205918443239	1205918447614
20	1205918510684	1205918511911
20	1205918648794	1205918651132
20	1205918802919	1205918806681
20	1205918886390	1205918890952
20	1205918891834	1205918894642
20	1205918895670	1205918898215
20	1205918974901	1205918976421
20	1205919296919	1205919308394
20	1205919580678	1205919589535
20	1205919601807	1205919608972
20	1205919675474	1205919677771
20	1205919681983	1205919685105
20	1205919756625	1205919759465
20	1205919797877	1205919800105
20	1205919916117	1205919918635
20	1205919925298	1205919926566
20	1205920030805	1205920032283
20	1205920067918	1205920079533
20	1205920138674	1205920141562
20	1205920151808	1205920154584
20	1205920155304	1205920156590
20	1205920157190	1205920166840
20	1205920170772	1205920174813
20	1205920177348	1205920180467
20	1205920209141	1205920215934
20	1205920273583	1205920276158
20	1205920276294	1205920278640
20	1205920547731	1205920550751
20	1205920611510	1205920613833
20	1205920680907	1205920682155
20	1205920761441	1205920763278
20	1205920770416	1205920772272
20	1205920802783	1205920804966
20	1205920816929	1205920817342
20	1205920822209	1205920824646
20	1205920839476	1205920841607
20	1205920841921	1205920844458
20	1205920937969	1205920939201
20	1205920957263	1205920970288
20	1205921736441	1205921739891
20	1205921753595	1205921765777
20	1205925731172	1205925738305
20	1205928080780	1205928085440
20	1205928096794	1205928101829
20	1205928107734	1205928108994
20	1205928251158	1205928261825
20	1205928328797	1205928333306
20	1205933638196	1205933643433
20	1205933644471	1205933646809
20	1205933728402	1205933732747
20	1205934018587	1205934023184
20	1205934031284	1205934032616
20	1205934033357	1205934035323
20	1205935310155	1205935312222
20	1205935658379	1205935661641
20	1205936479633	1205936483911
20	1205936690496	1205936692901
20	1205936693736	1205936695883
20	1205936711664	1205936714282
20	1205937315598	1205937326885
20	1205937327480	1205937330670
20	1205937407198	1205937417320
20	1205937425179	1205937434591
20	1205938436493	1205938441893
20	1205938452102	1205938454691
20	1205938463742	1205938467724
20	1205938471406	1205938478332
20	1205938491636	1205938495683
20	1205938502805	1205938512876
20	1205938515902	1205938524441
20	1205938532106	1205938534641
20	1205938539227	1205938545649
20	1205938546397	1205938548461
20	1205938560565	1205938565462
20	1205938568541	1205938570691
20	1205938576580	1205938581568
20	1205938589273	1205938592873
20	1205938595662	1205938599108
20	1205938627510	1205938634335
20	1205938635432	1205938638143
20	1205938642130	1205938646646
20	1205938652403	1205938656432
20	1205938660103	1205938661391
20	1205938678780	1205938684275
20	1205938707351	1205938710904
20	1205938756495	1205938758583
20	1205938760973	1205938764299
20	1205938805731	1205938809250
20	1205938818916	1205938821405
20	1205938821711	1205938825721
20	1205938835572	1205938842264
20	1205938890195	1205938895800
20	1205938901241	1205938906906
20	1205938912294	1205938915633
20	1205938922193	1205938926115
20	1205938927330	1205938935241
20	1205938960349	1205938963959
20	1205938966551	1205938972266
20	1205938972531	1205938976153
21	1205912675717	1205912678745
21	1205912679196	1205912683575
21	1205912693494	1205912696923
21	1205912745571	1205912750402
21	1205912759913	1205912765152
21	1205913183474	1205913188871
21	1205913210924	1205913215239
21	1205913308555	1205913313218
21	1205913340866	1205913346358
21	1205913427779	1205913430754
21	1205913435606	1205913438435
21	1205913444377	1205913449187
21	1205913449783	1205913452162
21	1205913452574	1205913454905
21	1205913490303	1205913494273
21	1205913551912	1205913557353
21	1205913590222	1205913590990
21	1205913648518	1205913652895
21	1205913724847	1205913730976
21	1205913756978	1205913759276
21	1205913826861	1205913829197
21	1205913832688	1205913834800
21	1205913835797	1205913841400
21	1205913862535	1205913867931
21	1205913885423	1205913886716
21	1205913888294	1205913890736
21	1205913937941	1205913941704
21	1205914074657	1205914080838
21	1205914116356	1205914116832
21	1205914133440	1205914139897
21	1205914181775	1205914185271
21	1205914227214	1205914229852
21	1205914230670	1205914233619
21	1205914285638	1205914289650
21	1205914290677	1205914293426
21	1205914304744	1205914307919
21	1205914317818	1205914323139
21	1205914513625	1205914515245
21	1205914535617	1205914536899
21	1205916577644	1205916581314
21	1205916585556	1205916588845
21	1205917237393	1205917240387
21	1205917247670	1205917250806
21	1205919305956	1205919309165
21	1205919579515	1205919582846
21	1205920139618	1205920142271
21	1205920391222	1205920394614
21	1205920407185	1205920408457
21	1205920432495	1205920446654
21	1205920453253	1205920453490
21	1205920459956	1205920464895
21	1205920468857	1205920478433
21	1205920480921	1205920483872
21	1205920488689	1205920491781
21	1205920494539	1205920503824
21	1205920966842	1205920970695
21	1205921734625	1205921737839
21	1205921750548	1205921752726
21	1205921760760	1205921765643
21	1205924691255	1205924698562
21	1205925729806	1205925732975
21	1205925736415	1205925743947
21	1205928079961	1205928082869
21	1205928259336	1205928262425
21	1205928328287	1205928330525
21	1205928331191	1205928333187
21	1205933637980	1205933638797
21	1205934023640	1205934030658
21	1205935659210	1205935663497
21	1205936478219	1205936481745
21	1205937430771	1205937434157
21	1205938435896	1205938438450
21	1205938473181	1205938475462
21	1205938475630	1205938480605
21	1205938480965	1205938489946
21	1205938540826	1205938546397
21	1205938553923	1205938563516
21	1205938567680	1205938568978
21	1205938578134	1205938584690
21	1205938588663	1205938591328
21	1205938597193	1205938601614
21	1205938622308	1205938627242
21	1205938627376	1205938630551
21	1205938679998	1205938685357
21	1205938692759	1205938694310
21	1205938694476	1205938701726
21	1205938706393	1205938712311
21	1205938755151	1205938758457
21	1205938761369	1205938767251
21	1205938804783	1205938808628
21	1205938839434	1205938844567
21	1205938888681	1205938891666
21	1205938932574	1205938937669
21	1205938956428	1205938959126
21	1205938961284	1205938969382
21	1205938970282	1205938973361
21	1205938973802	1205938978803
21	1205938996826	1205939001793
22	1205912652774	1205912655861
22	1205912672149	1205912676969
22	1205912680804	1205912684850
22	1205912692374	1205912695342
22	1205912747496	1205912750280
22	1205912758836	1205912761646
22	1205913342655	1205913347123
22	1205913431388	1205913438239
22	1205914323251	1205914327275
22	1205917238317	1205917241314
22	1205917246528	1205917249582
22	1205919306976	1205919310164
22	1205919579133	1205919581480
22	1205920499852	1205920503945
22	1205921733684	1205921736717
22	1205921762918	1205921765162
22	1205924690471	1205924692901
22	1205924695456	1205924698260
22	1205924814778	1205924817621
22	1205924885633	1205924888644
22	1205924888886	1205924891600
22	1205925000445	1205925005541
22	1205925113811	1205925117381
22	1205925129822	1205925130408
22	1205925203793	1205925207711
22	1205925217599	1205925221388
22	1205925232543	1205925237189
22	1205925728612	1205925731484
22	1205925740900	1205925753798
22	1205925757426	1205925759395
22	1205926436686	1205926440311
22	1205926455514	1205926460616
22	1205926820599	1205926822916
22	1205926870397	1205926875612
22	1205926882528	1205926885888
22	1205927412325	1205927414505
22	1205927458390	1205927460902
22	1205928079595	1205928081546
22	1205928260506	1205928263570
22	1205928327193	1205928329627
22	1205928331803	1205928334487
22	1205928614217	1205928616909
22	1205935661289	1205935664375
22	1205936476839	1205936480968
22	1205937432116	1205937435233
22	1205938434225	1205938436918
22	1205938484364	1205938489356
22	1205938556437	1205938560321
22	1205938581382	1205938584499
22	1205938586415	1205938589761
22	1205938598502	1205938603286
22	1205938621599	1205938624360
22	1205938681804	1205938685509
22	1205938691651	1205938694727
22	1205938710409	1205938713357
22	1205938754365	1205938757695
22	1205938764103	1205938768263
22	1205938773701	1205938780931
22	1205938789622	1205938796757
22	1205938803271	1205938806939
22	1205938841175	1205938845599
22	1205938855256	1205938858997
22	1205938865305	1205938876858
22	1205938886154	1205938892988
22	1205938934247	1205938938415
22	1205938975578	1205938978941
22	1205938998730	1205939005897
22	1205939027268	1205939031461
22	1205945120577	1205945124237
22	1205945262688	1205945264424
23	1205883436338	1205883439727
23	1205884451418	1205884452673
23	1205884607605	1205884609601
23	1205912682805	1205912685558
23	1205912691515	1205912694158
23	1205915240539	1205915243890
23	1205915253338	1205915255512
23	1205917238879	1205917240655
23	1205917245555	1205917248608
23	1205919308126	1205919311934
23	1205919578951	1205919580882
23	1205920389258	1205920392180
23	1205920501350	1205920504910
23	1205920968692	1205920970883
23	1205921732917	1205921735665
23	1205921763218	1205921767301
23	1205923962929	1205923964548
23	1205924689247	1205924692456
23	1205924726363	1205924729195
23	1205924738316	1205924741248
23	1205924813255	1205924816221
23	1205924816350	1205924818573
23	1205924884281	1205924887406
23	1205924895219	1205924898390
23	1205924898978	1205924901355
23	1205924905869	1205924911855
23	1205924911994	1205924914412
23	1205924915258	1205924918433
23	1205924923773	1205924933429
23	1205924935232	1205924945224
23	1205924946158	1205924954737
23	1205924963413	1205924968502
23	1205924969320	1205924974831
23	1205924975374	1205924986115
23	1205924997929	1205925002623
23	1205925005415	1205925010814
23	1205925015853	1205925020912
23	1205925021592	1205925032296
23	1205925044985	1205925048961
23	1205925052523	1205925056522
23	1205925057177	1205925062108
23	1205925065918	1205925072273
23	1205925073831	1205925083944
23	1205925084850	1205925092667
23	1205925093274	1205925097907
23	1205925135183	1205925143847
23	1205925161172	1205925173565
23	1205925174792	1205925181491
23	1205925193231	1205925201660
23	1205925236890	1205925241784
23	1205925727385	1205925730420
23	1205925758542	1205925764292
23	1205925789248	1205925795912
23	1205925808629	1205925811593
23	1205925856749	1205925859529
23	1205925877223	1205925882417
23	1205925902383	1205925909764
23	1205925920351	1205925921690
23	1205925937726	1205925942625
23	1205926081329	1205926084419
23	1205926086339	1205926089726
23	1205926090129	1205926094280
23	1205926094405	1205926099292
23	1205926109633	1205926113823
23	1205926133649	1205926136252
23	1205926148822	1205926151228
23	1205926174601	1205926176713
23	1205926181589	1205926183723
23	1205926193635	1205926201517
23	1205926206650	1205926212464
23	1205926216342	1205926221177
23	1205926229319	1205926233702
23	1205926238265	1205926241794
23	1205926244916	1205926250297
23	1205926253871	1205926259345
23	1205926265409	1205926267861
23	1205926270630	1205926279528
23	1205926279944	1205926283431
23	1205926283602	1205926286530
23	1205926287844	1205926292670
23	1205926294483	1205926297159
23	1205926307408	1205926311226
23	1205926312790	1205926316302
23	1205926340111	1205926346335
23	1205926435324	1205926437563
23	1205926438807	1205926442336
23	1205926447394	1205926451902
23	1205926452710	1205926457427
23	1205926459255	1205926462256
23	1205926476172	1205926484235
23	1205926491366	1205926495598
23	1205926510469	1205926515313
23	1205926516922	1205926521143
23	1205926529334	1205926533630
23	1205926536751	1205926541354
23	1205926541732	1205926545265
23	1205926550157	1205926559886
23	1205926561251	1205926568259
23	1205926571739	1205926576953
23	1205926580350	1205926589828
23	1205926598728	1205926604510
23	1205926605919	1205926621440
23	1205926621794	1205926628184
23	1205926631470	1205926645301
23	1205926647145	1205926659348
23	1205926661874	1205926664238
23	1205926672935	1205926678404
23	1205926680149	1205926687261
23	1205926699396	1205926705240
23	1205926707759	1205926714661
23	1205926805927	1205926817918
23	1205926821375	1205926822916
23	1205926827311	1205926831521
23	1205926831968	1205926837472
23	1205926840240	1205926842710
23	1205926852615	1205926857678
23	1205926864541	1205926868438
23	1205926870529	1205926871749
23	1205926886815	1205926890414
23	1205926896301	1205926908456
23	1205926909748	1205926922654
23	1205926926372	1205926928569
23	1205926928748	1205926934693
23	1205926935270	1205926937667
23	1205926938867	1205926943582
23	1205926943744	1205926948284
23	1205926956641	1205926959237
23	1205926960274	1205926971580
23	1205926972137	1205926981444
23	1205926981702	1205926983934
23	1205926984687	1205926988531
23	1205926991105	1205927008765
23	1205927011887	1205927013190
23	1205927014441	1205927028570
23	1205927048677	1205927051198
23	1205927065809	1205927070728
23	1205927071415	1205927077862
23	1205927082850	1205927087966
23	1205927099400	1205927103477
23	1205927109988	1205927114626
23	1205927139941	1205927146557
23	1205927154648	1205927160450
23	1205927170310	1205927172989
23	1205927187132	1205927193829
23	1205927200708	1205927205768
23	1205927210379	1205927225750
23	1205927229838	1205927244617
23	1205927246929	1205927252544
23	1205927256694	1205927258690
23	1205927260116	1205927262218
23	1205927264475	1205927270703
23	1205927272602	1205927276481
23	1205927286655	1205927287998
23	1205927298891	1205927307772
23	1205927332644	1205927335164
23	1205927335300	1205927338436
23	1205927341924	1205927346407
23	1205927346985	1205927351713
23	1205927362861	1205927365949
23	1205927373656	1205927377415
23	1205927379717	1205927385435
23	1205927386285	1205927391808
23	1205927392604	1205927397670
23	1205927398914	1205927401571
23	1205927403747	1205927414934
23	1205927431248	1205927435644
23	1205927452231	1205927454229
23	1205927477608	1205927479853
23	1205927495223	1205927498760
23	1205927531378	1205927533794
23	1205927537300	1205927541592
23	1205927542975	1205927545416
23	1205927552437	1205927560823
23	1205927562797	1205927565483
23	1205927576466	1205927581976
23	1205927596379	1205927600712
23	1205927602530	1205927605182
23	1205927616385	1205927622511
23	1205927625930	1205927631316
23	1205927640935	1205927645695
23	1205927651338	1205927652626
23	1205927652770	1205927656457
23	1205927659363	1205927666404
23	1205927667696	1205927669742
23	1205927686102	1205927699563
23	1205927703209	1205927709763
23	1205927721562	1205927724950
23	1205927731875	1205927734152
23	1205927734401	1205927737694
23	1205927744258	1205927749378
23	1205927751175	1205927756699
23	1205927762582	1205927765589
23	1205927767130	1205927769472
23	1205927778506	1205927779348
23	1205927779830	1205927785900
23	1205927793799	1205927797125
23	1205927798395	1205927802962
23	1205927805667	1205927809342
23	1205927818359	1205927822127
23	1205927822937	1205927826985
23	1205927829154	1205927840549
23	1205927850596	1205927860720
23	1205927878188	1205927886209
23	1205927886529	1205927887834
23	1205927915809	1205927917643
23	1205927941775	1205927943121
23	1205927951738	1205927956832
23	1205927967774	1205927969642
23	1205927970732	1205927976788
23	1205927980455	1205927983916
23	1205927986257	1205927990814
23	1205927994648	1205928002414
23	1205928004183	1205928017852
23	1205928018947	1205928022706
23	1205928077897	1205928080649
23	1205928261946	1205928263975
23	1205928332802	1205928335297
23	1205928614670	1205928616909
23	1205928736649	1205928740710
23	1205932292366	1205932295868
23	1205932442717	1205932444535
23	1205933563398	1205933566424
23	1205933566662	1205933569725
23	1205933634102	1205933636167
23	1205935662393	1205935665544
23	1205935825692	1205935829862
23	1205935843877	1205935847551
23	1205935973461	1205935979460
23	1205935980712	1205935986139
23	1205935989881	1205935990441
23	1205936008438	1205936008587
23	1205936021245	1205936021417
23	1205936026707	1205936033918
23	1205936038827	1205936047874
23	1205936061257	1205936077566
23	1205936078538	1205936084920
23	1205936133990	1205936136405
23	1205936150120	1205936154765
23	1205936179351	1205936186831
23	1205936188658	1205936201993
23	1205936208225	1205936226774
23	1205936229393	1205936239409
23	1205936244245	1205936258892
23	1205936261421	1205936267281
23	1205936268869	1205936271242
23	1205936282315	1205936282650
23	1205936304999	1205936308531
23	1205936317527	1205936348421
23	1205936353213	1205936359618
23	1205936362754	1205936369159
23	1205936398537	1205936402576
23	1205936409273	1205936416274
23	1205936417911	1205936421559
23	1205936426376	1205936427666
23	1205936428126	1205936431130
23	1205936433351	1205936437631
23	1205936446508	1205936446843
23	1205936462918	1205936474586
23	1205936515895	1205936519949
23	1205937433144	1205937437479
23	1205938534641	1205938536746
23	1205938601737	1205938604815
23	1205938684427	1205938685635
23	1205938691283	1205938693507
23	1205938711476	1205938714705
23	1205938732688	1205938736310
23	1205938736688	1205938741696
23	1205938752830	1205938756241
23	1205938842448	1205938847738
23	1205938853183	1205938857139
23	1205938935777	1205938937843
23	1205938981826	1205938985435
23	1205938989211	1205938990517
23	1205939054968	1205939058209
23	1205939791504	1205939795233
23	1205944779466	1205944781983
23	1205945120314	1205945122554
23	1205945234615	1205945236747
23	1205945262470	1205945265748
23	1205947502447	1205947504516
23	1205954555553	1205954558984
23	1205954676109	1205954677805
24	1205883442428	1205883445502
24	1205884452138	1205884455200
24	1205886011686	1205886015969
24	1205913180128	1205913182906
24	1205915254225	1205915256954
24	1205919309304	1205919312252
24	1205919577824	1205919579669
24	1205920388907	1205920390628
24	1205920503488	1205920505895
24	1205920969359	1205920971991
24	1205921484654	1205921485777
24	1205921732177	1205921734988
24	1205922472322	1205922474939
24	1205923453455	1205923456785
24	1205923514240	1205923517599
24	1205924705915	1205924708840
24	1205924713923	1205924716228
24	1205924723727	1205924729323
24	1205924732894	1205924740626
24	1205924758504	1205924761451
24	1205924761642	1205924774704
24	1205924774898	1205924777535
24	1205924778519	1205924787751
24	1205924789606	1205924793575
24	1205924795747	1205924813459
24	1205924814651	1205924824147
24	1205924824334	1205924833450
24	1205924880398	1205924883735
24	1205924918699	1205924923368
24	1205924953147	1205924957617
24	1205924961631	1205924965928
24	1205925008377	1205925018812
24	1205925031313	1205925034816
24	1205925114665	1205925120708
24	1205925180972	1205925185943
24	1205925189350	1205925194936
24	1205925203311	1205925206237
24	1205925213772	1205925219602
24	1205925240334	1205925243774
24	1205925725952	1205925729646
24	1205925739335	1205925741247
24	1205926766236	1205926768564
24	1205927243777	1205927246343
24	1205928039595	1205928042721
24	1205928209685	1205928213403
24	1205928299878	1205928303668
24	1205929149717	1205929152155
24	1205929647858	1205929649128
24	1205929653553	1205929657225
24	1205929793351	1205929796924
24	1205929913818	1205929917494
24	1205930146994	1205930150205
24	1205930347297	1205930350826
24	1205930374930	1205930378748
24	1205932011606	1205932012750
24	1205932220690	1205932222972
24	1205932291384	1205932294672
24	1205932663968	1205932667763
24	1205932722719	1205932726314
24	1205932730454	1205932733696
24	1205933565206	1205933567358
24	1205933567506	1205933568733
24	1205934513671	1205934515701
24	1205935626376	1205935629790
24	1205935705376	1205935709941
24	1205935848551	1205935851387
24	1205935913602	1205935915983
24	1205935916967	1205935920120
24	1205936045863	1205936055830
24	1205936367983	1205936371470
24	1205936376215	1205936381133
24	1205936478643	1205936486365
24	1205936490706	1205936494972
24	1205936511168	1205936514525
24	1205936517271	1205936521482
24	1205936540205	1205936542380
24	1205936617600	1205936621339
24	1205936684984	1205936688288
24	1205936726403	1205936733606
24	1205936737239	1205936742168
24	1205937448478	1205937450702
24	1205937460295	1205937462910
24	1205937611815	1205937620251
24	1205937622969	1205937625463
24	1205937626336	1205937628279
24	1205938244417	1205938247248
24	1205938516138	1205938519892
24	1205938523335	1205938526631
24	1205938527531	1205938531458
24	1205938535487	1205938539227
24	1205938714119	1205938716290
24	1205938730615	1205938734671
24	1205939037301	1205939039381
24	1205939057666	1205939060541
24	1205939107126	1205939110296
24	1205939887243	1205939890957
24	1205944664127	1205944666403
24	1205945516881	1205945519781
24	1205946890478	1205946891807
24	1205947414770	1205947417569
24	1205947443230	1205947445399
24	1205947492151	1205947494717
24	1205947501599	1205947505747
24	1205949973595	1205949975177
24	1205950014876	1205950016347
24	1205950027442	1205950029733
24	1205950033888	1205950036984
24	1205950100836	1205950104240
24	1205950151502	1205950154531
24	1205952954872	1205952957135
24	1205954556526	1205954559427
24	1205954644459	1205954647186
24	1205954674845	1205954677232
24	1205954791493	1205954793769
25	1205919310696	1205919313640
25	1205919575357	1205919578895
25	1205924735768	1205924738323
25	1205924878434	1205924881817
25	1205924959247	1205924963221
25	1205925010941	1205925015853
25	1205925107390	1205925111155
25	1205925182812	1205925192837
25	1205925207833	1205925215112
25	1205928209216	1205928212985
25	1205930148445	1205930150573
25	1205932290779	1205932291976
25	1205932671772	1205932675113
25	1205932725166	1205932728607
25	1205932733512	1205932739598
25	1205932742721	1205932746481
25	1205932760936	1205932766990
25	1205936141943	1205936143962
25	1205936144790	1205936147646
25	1205936473802	1205936481867
25	1205936498546	1205936502215
25	1205936522193	1205936526334
25	1205936532906	1205936536404
25	1205936676268	1205936680199
25	1205936684631	1205936688169
25	1205936729653	1205936736503
25	1205937465696	1205937468844
25	1205937469294	1205937473342
25	1205937474620	1205937478138
25	1205937490371	1205937495162
25	1205937513286	1205937518624
25	1205937522295	1205937524512
25	1205937526158	1205937529648
25	1205937562215	1205937567319
25	1205937567949	1205937573241
25	1205937584258	1205937585530
25	1205937585654	1205937591208
25	1205937600279	1205937603794
25	1205937604720	1205937606697
25	1205937609642	1205937615496
25	1205938514758	1205938519594
25	1205939115349	1205939118874
25	1205945469254	1205945473168
25	1205946889462	1205946891323
25	1205947443710	1205947447527
25	1205949973483	1205949976941
26	1205919315729	1205919319871
26	1205924827539	1205924829413
26	1205924829829	1205924832334
26	1205924906965	1205924909313
26	1205924912628	1205924916732
26	1205933104301	1205933107884
26	1205933108101	1205933110865
26	1205933275689	1205933279314
26	1205933344843	1205933347729
26	1205933459143	1205933460295
26	1205933461246	1205933464105
26	1205933946254	1205933950505
26	1205934028183	1205934030636
26	1205934089855	1205934091159
26	1205934247443	1205934249497
26	1205934416167	1205934420767
26	1205934447121	1205934449477
26	1205934904105	1205934906627
26	1205934912924	1205934920456
26	1205935193453	1205935195562
26	1205935251155	1205935253252
26	1205935253372	1205935257132
26	1205935262908	1205935265579
26	1205935267432	1205935271394
26	1205935321222	1205935330403
26	1205938442800	1205938450406
26	1205938451705	1205938453211
26	1205938454691	1205938457665
26	1205938462677	1205938464174
26	1205938466613	1205938469768
26	1205938471702	1205938474809
26	1205938476470	1205938480354
26	1205938482993	1205938486892
26	1205938489168	1205938491796
26	1205938492757	1205938493222
26	1205938494294	1205938495992
26	1205938497565	1205938499947
26	1205938502637	1205938503870
26	1205938510519	1205938515614
26	1205938921406	1205938923949
26	1205938943439	1205938947178
27	1205924742927	1205924748257
27	1205925114329	1205925117717
27	1205925204685	1205925208107
27	1205928614999	1205928617601
27	1205928721315	1205928723410
27	1205928735553	1205928737968
27	1205932443653	1205932446415
27	1205932647121	1205932649728
27	1205936472973	1205936478933
27	1205938585460	1205938586999
27	1205944781224	1205944784679
27	1205944813848	1205944815380
27	1205944925199	1205944928723
27	1205945121492	1205945126743
27	1205945233625	1205945236747
27	1205945261246	1205945264778
28	1205912749563	1205912757989
28	1205917239677	1205917249752
28	1205921765993	1205921775186
28	1205924696984	1205924706373
28	1205924729669	1205924731938
28	1205924747453	1205924751968
28	1205924754302	1205924757248
28	1205925743617	1205925752197
28	1205925793956	1205925795912
28	1205925796702	1205925799456
28	1205926432933	1205926437563
28	1205926441503	1205926444176
28	1205926445470	1205926449472
28	1205926821535	1205926824446
28	1205927411481	1205927413642
28	1205927522465	1205927524617
28	1205928639851	1205928642456
28	1205928720619	1205928723722
28	1205938390992	1205938397930
28	1205938421257	1205938426261
28	1205938432960	1205938435640
28	1205938584294	1205938587545
28	1205938977604	1205938982155
28	1205938993212	1205939004663
28	1205939005286	1205939017229
28	1205939041987	1205939050701
28	1205944813727	1205944816570
28	1205944924227	1205944927407
29	1205883438223	1205883439890
29	1205920504640	1205920506542
29	1205921770114	1205921773197
29	1205924704153	1205924705340
29	1205925738429	1205925739585
29	1205925813919	1205925816652
29	1205925837185	1205925839269
29	1205926345988	1205926348111
29	1205926348629	1205926352977
29	1205926431979	1205926434544
29	1205926822620	1205926825434
29	1205927411147	1205927412606
29	1205928640641	1205928643183
29	1205932724180	1205932726152
29	1205934513404	1205934514587
29	1205936731802	1205936733764
29	1205936736151	1205936738123
29	1205937651934	1205937658784
29	1205937698560	1205937703297
29	1205937754716	1205937756583
29	1205937825104	1205937827644
29	1205937831616	1205937834192
29	1205937848119	1205937850563
29	1205937864444	1205937866474
29	1205937866992	1205937873997
29	1205937900420	1205937902808
29	1205938018414	1205938020712
29	1205938052104	1205938056880
29	1205938071572	1205938072840
29	1205938073200	1205938076991
29	1205938125779	1205938127413
29	1205938128185	1205938130547
29	1205938183698	1205938187140
29	1205938211942	1205938217263
29	1205938328298	1205938331322
29	1205938387729	1205938390488
29	1205938390532	1205938392958
29	1205938395387	1205938398598
29	1205938399575	1205938404463
29	1205938525532	1205938528270
29	1205938537763	1205938538980
29	1205938567380	1205938570524
29	1205938975712	1205938980437
29	1205939014781	1205939016170
29	1205939016374	1205939018624
29	1205939046230	1205939048295
29	1205939090748	1205939091986
29	1205939099211	1205939101311
29	1205939108454	1205939110574
29	1205939116953	1205939121639
29	1205944814809	1205944817489
29	1205944922784	1205944926999
29	1205947500884	1205947502298
30	1205883437912	1205883440669
30	1205884453244	1205884456943
30	1205884605436	1205884609155
30	1205886013366	1205886016221
30	1205911429757	1205911431577
30	1205912686976	1205912692492
30	1205913178974	1205913182676
30	1205915255231	1205915257624
30	1205920167857	1205920169545
30	1205920387200	1205920390370
30	1205920504399	1205920508241
30	1205920509200	1205920514713
30	1205921730962	1205921734380
30	1205921771117	1205921774650
30	1205922470885	1205922472116
30	1205923454249	1205923457381
30	1205923512872	1205923515452
30	1205923960863	1205923963393
30	1205924687263	1205924690750
30	1205924819175	1205924820862
30	1205924881690	1205924885112
30	1205924885812	1205924888118
30	1205924888336	1205924890719
30	1205924899603	1205924901626
30	1205924941150	1205924943148
30	1205925242393	1205925245680
30	1205925724220	1205925728212
30	1205925736175	1205925741399
30	1205925751474	1205925755163
30	1205925812141	1205925817725
30	1205925837579	1205925840745
30	1205926823214	1205926827137
30	1205927403423	1205927406437
30	1205927410314	1205927413777
30	1205927523947	1205927527565
30	1205928054403	1205928058636
30	1205928068924	1205928079595
30	1205928208101	1205928211735
30	1205928263453	1205928266924
30	1205928325221	1205928326915
30	1205928334919	1205928338460
30	1205928641211	1205928644326
30	1205929150200	1205929153520
30	1205929655843	1205929658747
30	1205929777674	1205929782864
30	1205929789656	1205929794291
30	1205929909271	1205929911701
30	1205929912110	1205929916840
30	1205930148991	1205930151356
30	1205930348473	1205930355799
30	1205930370809	1205930379288
30	1205931975229	1205931977333
30	1205932012546	1205932015678
30	1205932219186	1205932222692
30	1205932289216	1205932293992
30	1205932673163	1205932676119
30	1205932680118	1205932684641
30	1205932694799	1205932697163
30	1205932697909	1205932700949
30	1205932707466	1205932714490
30	1205932722578	1205932733696
30	1205932734570	1205932738697
30	1205932757664	1205932763188
30	1205932764217	1205932768649
30	1205933541488	1205933544649
30	1205933565464	1205933568510
30	1205933569216	1205933572799
30	1205934512262	1205934514915
30	1205935625206	1205935627290
30	1205935665424	1205935677274
30	1205936146144	1205936149374
30	1205936476651	1205936477979
30	1205936484993	1205936492676
30	1205936499891	1205936502680
30	1205936509357	1205936513803
30	1205936523544	1205936526200
30	1205936531779	1205936535765
30	1205936542539	1205936544595
30	1205936547501	1205936550276
30	1205936612351	1205936620985
30	1205936677655	1205936680643
30	1205936681700	1205936687358
30	1205936727675	1205936740775
30	1205937461775	1205937467631
30	1205937565293	1205937568923
30	1205937636830	1205937640341
30	1205937650152	1205937655174
30	1205938397436	1205938402545
30	1205938525532	1205938528908
30	1205938537280	1205938540620
30	1205938566712	1205938571135
30	1205938571794	1205938575351
30	1205938582828	1205938588544
30	1205938595783	1205938603413
30	1205938773396	1205938776640
30	1205938974282	1205938979488
30	1205939108590	1205939111639
30	1205939116211	1205939119394
30	1205939119949	1205939123717
30	1205939793811	1205939796935
30	1205939885809	1205939889405
30	1205944662669	1205944664725
30	1205944714855	1205944716890
30	1205944815545	1205944817836
30	1205944918844	1205944927554
30	1205945518772	1205945520816
30	1205946886589	1205946890840
30	1205947416240	1205947419531
30	1205947444376	1205947447397
30	1205947478537	1205947481875
30	1205947489365	1205947494142
30	1205947500800	1205947503673
30	1205949974535	1205949977973
30	1205950012741	1205950016231
30	1205950034942	1205950038294
30	1205950099785	1205950102536
30	1205950150141	1205950153643
30	1205954557447	1205954560889
30	1205954643563	1205954646947
30	1205954673301	1205954677393
30	1205954793898	1205954798450
31	1205883438826	1205883444434
31	1205884454212	1205884457943
31	1205884604260	1205884606865
31	1205886015406	1205886018402
31	1205886020219	1205886022920
31	1205909912241	1205909914588
31	1205909915595	1205909918139
31	1205911430837	1205911432727
31	1205911943909	1205911947704
31	1205912642939	1205912645720
31	1205913177457	1205913180576
31	1205917202414	1205917204336
31	1205919284414	1205919292615
31	1205920166573	1205920168470
31	1205921482108	1205921484527
31	1205921776689	1205921787118
31	1205921788830	1205921791418
31	1205921794965	1205921798888
31	1205921888456	1205921892612
31	1205922468249	1205922472116
31	1205923455447	1205923458290
31	1205923511915	1205923514418
31	1205923959458	1205923962391
31	1205924683661	1205924685858
31	1205924686153	1205924688509
31	1205924776832	1205924779830
31	1205924816477	1205924820490
31	1205924905114	1205924908709
31	1205924926179	1205924928827
31	1205924950400	1205924953949
31	1205925810733	1205925811841
31	1205926824713	1205926827481
31	1205927246372	1205927249146
31	1205927402439	1205927404723
31	1205927409267	1205927411786
31	1205927525136	1205927527724
31	1205927788870	1205927791216
31	1205927970713	1205927973746
31	1205928128458	1205928130556
31	1205928201365	1205928203718
31	1205928264613	1205928268932
31	1205928290854	1205928294370
31	1205928324379	1205928326327
31	1205928364894	1205928374573
31	1205928375283	1205928380673
31	1205928381246	1205928388218
31	1205928413618	1205928416824
31	1205928425870	1205928432389
31	1205928642292	1205928644872
31	1205928717584	1205928720379
31	1205929151590	1205929154420
31	1205929602997	1205929609227
31	1205929609694	1205929616210
31	1205929656609	1205929662108
31	1205929663668	1205929666651
31	1205929769745	1205929773965
31	1205929802916	1205929804935
31	1205929907407	1205929909906
31	1205930149330	1205930151909
31	1205930531792	1205930534772
31	1205930734125	1205930736655
31	1205930746304	1205930750908
31	1205931322958	1205931326544
31	1205931333558	1205931336526
31	1205931973964	1205931976522
31	1205932013576	1205932015552
31	1205932218231	1205932220320
31	1205932286108	1205932292103
31	1205932537551	1205932541664
31	1205932744988	1205932747380
31	1205932752724	1205932755154
31	1205932766445	1205932769243
31	1205932827743	1205932829658
31	1205932904189	1205932907615
31	1205933092281	1205933095363
31	1205933102463	1205933104148
31	1205933540500	1205933542400
31	1205933567186	1205933570317
31	1205933570440	1205933573182
31	1205934511300	1205934513926
31	1205935437598	1205935440307
31	1205935516452	1205935518200
31	1205935537365	1205935540399
31	1205935622920	1205935626876
31	1205935667734	1205935669827
31	1205935678296	1205935681543
31	1205936500870	1205936502886
31	1205936550738	1205936555499
31	1205936556394	1205936562562
31	1205936610961	1205936613657
31	1205938246994	1205938250769
31	1205938426857	1205938431689
31	1205938437901	1205938443605
31	1205938576280	1205938578420
31	1205938578556	1205938583760
31	1205938771980	1205938774545
31	1205938958342	1205938963827
31	1205938967195	1205938978386
31	1205938986477	1205938988994
31	1205939039517	1205939042310
31	1205939107694	1205939114557
31	1205939119669	1205939138214
31	1205939139776	1205939143878
31	1205939147515	1205939150927
31	1205939157428	1205939160512
31	1205939241714	1205939245371
31	1205939268748	1205939271555
31	1205939795368	1205939798395
31	1205939884447	1205939887674
31	1205940073101	1205940076814
31	1205940172486	1205940175662
31	1205940186529	1205940190879
31	1205940508415	1205940510413
31	1205941018861	1205941022645
31	1205941326481	1205941329808
31	1205941336885	1205941338830
31	1205941343763	1205941346365
31	1205944139375	1205944141995
31	1205944500285	1205944502579
31	1205944611158	1205944613842
31	1205944661632	1205944665812
31	1205944716437	1205944719485
31	1205944816864	1205944819323
31	1205944917424	1205944920167
31	1205945472674	1205945476436
31	1205945521964	1205945523738
31	1205945811810	1205945814158
31	1205946405579	1205946410769
31	1205946568410	1205946571228
31	1205946638637	1205946640789
31	1205946776967	1205946779753
31	1205947417265	1205947422979
31	1205947498647	1205947501719
31	1205947645882	1205947648338
31	1205947672678	1205947675464
31	1205948270938	1205948273366
31	1205948458674	1205948461440
31	1205950010359	1205950014853
31	1205950029218	1205950035846
31	1205950036521	1205950038950
31	1205950149173	1205950151725
31	1205952957322	1205952961121
31	1205954562979	1205954564335
31	1205954642149	1205954644781
31	1205954670151	1205954676381
31	1205954798259	1205954801996
31	1205956244748	1205956248815
31	1205956332118	1205956334535
31	1205956480289	1205956485999
32	1205909916782	1205909918912
32	1205911943475	1205911947275
32	1205915256131	1205915258285
32	1205917202688	1205917204809
32	1205919284302	1205919287646
32	1205920386998	1205920387910
32	1205920509656	1205920513507
32	1205920973538	1205920975960
32	1205921541147	1205921543522
32	1205921729758	1205921733168
32	1205921776500	1205921779643
32	1205921888794	1205921891326
32	1205921957820	1205921960438
32	1205924684219	1205924686858
32	1205924776311	1205924779670
32	1205924915799	1205924917793
32	1205924939616	1205924942497
32	1205925244351	1205925245539
32	1205925408978	1205925414171
32	1205925723421	1205925726939
32	1205925735220	1205925737899
32	1205925752968	1205925757298
32	1205925759522	1205925761776
32	1205925772915	1205925774635
32	1205925790774	1205925793138
32	1205925807939	1205925814869
32	1205925839141	1205925843650
32	1205927671867	1205927674378
32	1205927789798	1205927792536
32	1205927970211	1205927972548
32	1205928201901	1205928204860
32	1205928304314	1205928306222
32	1205928327393	1205928332629
32	1205928344706	1205928350433
32	1205929613536	1205929617288
32	1205929661766	1205929665826
32	1205929785413	1205929787837
32	1205929794425	1205929796760
32	1205930531517	1205930533596
32	1205930735125	1205930737356
32	1205930746170	1205930748297
32	1205931055670	1205931060815
32	1205931323209	1205931325122
32	1205931334654	1205931337201
32	1205932537172	1205932540424
32	1205932680752	1205932682961
32	1205932689232	1205932692877
32	1205932710121	1205932713832
32	1205932718683	1205932721119
32	1205932829200	1205932831501
32	1205932903949	1205932907119
32	1205933096884	1205933098849
32	1205935327531	1205935331377
32	1205935437876	1205935439716
32	1205935517369	1205935520565
32	1205935537481	1205935538690
32	1205935678426	1205935681317
32	1205936147822	1205936150525
32	1205936448239	1205936450379
32	1205936501210	1205936505340
32	1205936508371	1205936512120
32	1205936524588	1205936526521
32	1205936530966	1205936533411
32	1205937648345	1205937651808
32	1205938428358	1205938433824
32	1205938438415	1205938443605
32	1205938538980	1205938542301
32	1205938564716	1205938568842
32	1205938576580	1205938584964
32	1205938782395	1205938787686
32	1205938823191	1205938828793
32	1205938846903	1205938853176
32	1205938857280	1205938860383
32	1205938909316	1205938916287
32	1205938948344	1205938951976
32	1205938956972	1205938962124
32	1205938987780	1205938990709
32	1205939038313	1205939044395
32	1205939056383	1205939062222
32	1205939066663	1205939072387
32	1205939122254	1205939128990
32	1205939132746	1205939139321
32	1205939148129	1205939151827
32	1205939158176	1205939162196
32	1205939241714	1205939243764
32	1205939269716	1205939272506
32	1205939502203	1205939508431
32	1205940072734	1205940075850
32	1205940173740	1205940176766
32	1205940185715	1205940189247
32	1205941018449	1205941022645
32	1205941068501	1205941070301
32	1205941326932	1205941329550
32	1205941337375	1205941340314
32	1205941343500	1205941345887
32	1205944140318	1205944142187
32	1205944500923	1205944502696
32	1205944604758	1205944608259
32	1205944610702	1205944611990
32	1205944718905	1205944721269
32	1205944737818	1205944741124
32	1205945518764	1205945519963
32	1205945522311	1205945523596
32	1205945811931	1205945814229
32	1205946405211	1205946409691
32	1205946568144	1205946570711
32	1205946639547	1205946641561
32	1205946777881	1205946780429
32	1205947418985	1205947420961
32	1205947445273	1205947449371
32	1205947477749	1205947483571
32	1205947489206	1205947489518
32	1205947645106	1205947647850
32	1205948458136	1205948461736
32	1205949974887	1205949978604
32	1205950049300	1205950055883
32	1205950065522	1205950067962
32	1205950068477	1205950070974
32	1205950071454	1205950073477
32	1205950099655	1205950102924
32	1205956244309	1205956247368
32	1205956332921	1205956336149
32	1205956479612	1205956482332
33	1205925115265	1205925117905
33	1205925127741	1205925130184
33	1205925205652	1205925209519
33	1205925215552	1205925218746
33	1205928616325	1205928620163
33	1205928638321	1205928641211
33	1205928721985	1205928724794
33	1205928734798	1205928737968
33	1205932444758	1205932448678
33	1205932645988	1205932648518
33	1205944781715	1205944785948
33	1205944811832	1205944814564
33	1205944926227	1205944930565
33	1205945123984	1205945132355
33	1205945138163	1205945143903
33	1205945147192	1205945156587
33	1205945157371	1205945175383
33	1205945177339	1205945180451
33	1205945184735	1205945187110
33	1205945187854	1205945199548
33	1205945205617	1205945208129
33	1205945211295	1205945212513
33	1205945218306	1205945220480
33	1205945233490	1205945236747
33	1205945260146	1205945263570
34	1205925116169	1205925117905
34	1205925126716	1205925128832
34	1205925206498	1205925208231
34	1205925214987	1205925218523
34	1205928616603	1205928621346
34	1205928627196	1205928631528
34	1205928637564	1205928640480
34	1205928722825	1205928725477
34	1205928731610	1205928737806
34	1205932445295	1205932447479
34	1205932645199	1205932646985
34	1205944782675	1205944786937
34	1205944811143	1205944814217
34	1205944927554	1205944930947
34	1205944995387	1205944997145
34	1205945052836	1205945056355
34	1205945116667	1205945119121
34	1205945140684	1205945150998
34	1205945192743	1205945193896
34	1205945194642	1205945196863
34	1205945211382	1205945217685
34	1205945259352	1205945262688
36	1205925115883	1205925118313
36	1205925126449	1205925128398
36	1205925206628	1205925208485
36	1205925214753	1205925217934
36	1205928733946	1205928737100
36	1205932445800	1205932448895
36	1205932645350	1205932648104
36	1205944790315	1205944799430
36	1205944809498	1205944816164
36	1205944927873	1205944930718
36	1205944994327	1205944998233
36	1205945013180	1205945016816
36	1205945022883	1205945024553
36	1205945052698	1205945057516
36	1205945109235	1205945113347
36	1205945116523	1205945123861
36	1205945137311	1205945137775
36	1205945139257	1205945144133
36	1205945148936	1205945150790
36	1205945178153	1205945181298
36	1205945192566	1205945196714
36	1205945209193	1205945219663
36	1205945221230	1205945226981
36	1205945249562	1205945253273
36	1205945258342	1205945261908
37	1205925116976	1205925118921
37	1205925125922	1205925128178
37	1205925213643	1205925217470
37	1205928628858	1205928630889
37	1205928723778	1205928725626
37	1205928727692	1205928731747
37	1205928732348	1205928736913
37	1205932446666	1205932450231
37	1205932510221	1205932512459
37	1205932514904	1205932520578
37	1205932520938	1205932525670
37	1205932526255	1205932527467
37	1205932528616	1205932531215
37	1205932533224	1205932544279
37	1205932544492	1205932546482
37	1205932548808	1205932554907
37	1205932557553	1205932563865
37	1205932565500	1205932571516
37	1205932572510	1205932578723
37	1205932579102	1205932618976
37	1205932619983	1205932626429
37	1205932626657	1205932634129
37	1205932635373	1205932641758
