32	1205388843205	1205388844817
32	1205393572680	1205393578601
32	1205393580775	1205393585701
32	1205393589506	1205393596733
32	1205393634331	1205393636664
32	1205407875390	1205407879250
32	1205407948205	1205407953875
32	1205411039812	1205411047118
32	1205423589569	1205423591891
32	1205423852498	1205423855233
32	1205424662246	1205424663999
32	1205425439322	1205425441205
1	1205405452234	1205405457197
1	1205416161572	1205416164762
1	1205433294497	1205433296227
2	1205405450883	1205405454220
2	1205405461860	1205405463129
2	1205407679303	1205407681184
2	1205407694254	1205407696289
2	1205416159612	1205416161572
2	1205416380261	1205416382463
2	1205418493266	1205418495229
2	1205418496149	1205418498598
2	1205421622947	1205421624879
2	1205421625445	1205421627635
2	1205423573201	1205423575197
2	1205423946664	1205423948933
2	1205423956753	1205423958987
2	1205423971246	1205423973678
2	1205423996149	1205423998244
2	1205424029603	1205424031810
2	1205424043452	1205424045846
2	1205424103531	1205424108291
2	1205424124851	1205424127339
2	1205424133455	1205424137350
2	1205424152725	1205424156100
2	1205424417358	1205424419290
2	1205424755855	1205424759474
2	1205424805699	1205424808896
2	1205424817971	1205424826880
2	1205424827966	1205424833734
2	1205424849789	1205424851998
2	1205424852677	1205424855544
2	1205424863973	1205424866669
2	1205424867128	1205424891740
2	1205424892517	1205424897534
2	1205424908661	1205424911285
2	1205424911699	1205424914458
2	1205424925258	1205424928912
2	1205424972453	1205424976190
2	1205424986250	1205424991530
2	1205425003664	1205425007776
2	1205425008356	1205425010234
2	1205425014747	1205425018791
2	1205425020411	1205425024577
2	1205433282226	1205433284544
2	1205433305308	1205433307423
2	1205433311715	1205433313155
3	1205418493960	1205418498978
3	1205421623201	1205421628771
3	1205424114522	1205424120149
3	1205424123832	1205424126894
3	1205424153493	1205424163874
3	1205424218679	1205424222621
3	1205424223729	1205424228224
3	1205424301119	1205424304140
3	1205424326366	1205424328578
3	1205424331418	1205424334196
3	1205424338936	1205424345330
3	1205424345684	1205424349580
3	1205424404707	1205424406820
3	1205424409138	1205424421512
7	1205405455531	1205405464375
7	1205405488404	1205405500360
7	1205405506115	1205405511299
7	1205405517110	1205405519330
7	1205405519780	1205405524212
7	1205405532959	1205405535118
7	1205405537455	1205405539883
7	1205405546664	1205405549304
7	1205405549436	1205405552483
7	1205405553637	1205405555928
7	1205405586688	1205405590762
7	1205405591198	1205405595896
7	1205406294658	1205406295848
7	1205406333828	1205406337399
7	1205406455679	1205406457743
7	1205406913428	1205406919156
7	1205406979797	1205406982641
7	1205407448235	1205407450791
7	1205407469791	1205407477181
7	1205407479508	1205407481709
7	1205407482299	1205407485201
7	1205407537476	1205407543467
7	1205407550831	1205407555788
7	1205407675753	1205407680642
7	1205407696210	1205407701577
7	1205416171537	1205416173593
7	1205416173987	1205416185234
7	1205416190666	1205416192604
7	1205416199989	1205416204931
7	1205416377629	1205416383540
7	1205416468481	1205416476817
7	1205416723435	1205416727253
7	1205416727971	1205416729283
7	1205417047987	1205417049181
7	1205417192357	1205417194517
7	1205417222442	1205417224777
7	1205417233369	1205417235820
7	1205417384260	1205417386376
7	1205417405687	1205417407131
7	1205417698402	1205417700718
7	1205417710397	1205417712626
7	1205417776727	1205417778667
7	1205418013783	1205418014989
7	1205418099774	1205418101295
7	1205418167187	1205418169506
7	1205418205250	1205418207301
7	1205418285313	1205418287408
7	1205418342762	1205418344823
7	1205418355106	1205418358593
7	1205418363582	1205418368129
7	1205418376298	1205418379737
7	1205418393778	1205418397573
7	1205418455561	1205418456832
7	1205418457588	1205418459743
7	1205418490532	1205418495793
7	1205418497833	1205418503406
7	1205418605908	1205418608340
7	1205418610442	1205418612718
7	1205418613152	1205418615449
7	1205418615586	1205418618327
7	1205418758955	1205418760166
7	1205418940498	1205418942823
7	1205419019530	1205419021772
7	1205419916549	1205419920826
7	1205419921788	1205419926237
7	1205420369870	1205420371836
7	1205421091117	1205421099646
7	1205421573580	1205421581644
7	1205421582562	1205421583883
7	1205421594502	1205421597491
7	1205421609529	1205421612200
7	1205421612359	1205421619380
7	1205421620810	1205421625877
7	1205421645780	1205421655857
7	1205422047899	1205422050113
7	1205422147541	1205422149693
7	1205423198210	1205423200902
7	1205423455143	1205423457302
7	1205423466377	1205423469948
7	1205423570173	1205423575197
7	1205424109205	1205424114386
7	1205424125692	1205424130127
7	1205424143478	1205424147303
7	1205424147527	1205424153825
7	1205424418374	1205424422960
7	1205424759710	1205424763983
7	1205424772399	1205424775941
7	1205424799744	1205424807642
7	1205424815397	1205424819594
7	1205424821638	1205424834942
7	1205424840411	1205424853925
7	1205424854610	1205424858141
7	1205424858604	1205424872581
7	1205424872718	1205424878324
7	1205424879197	1205424882364
7	1205424885861	1205424890402
7	1205424899523	1205424901298
7	1205424907217	1205424914216
7	1205424916111	1205424919628
7	1205424920729	1205424923208
7	1205424936198	1205424942994
7	1205424954875	1205424956187
7	1205424956559	1205424959321
7	1205424970918	1205424978734
7	1205424978859	1205424985693
7	1205424993698	1205425000813
7	1205425020858	1205425023353
7	1205425024698	1205425030215
7	1205425035910	1205425038272
7	1205425053169	1205425057349
7	1205425057907	1205425066856
7	1205425080994	1205425089674
7	1205425090660	1205425100439
7	1205425107170	1205425112343
7	1205425113273	1205425120581
7	1205425121857	1205425126295
7	1205425128106	1205425138237
7	1205433294539	1205433299118
7	1205433301681	1205433304602
7	1205433305815	1205433310465
7	1205433311598	1205433314552
7	1205433315358	1205433321617
8	1205405450600	1205405454343
8	1205405461240	1205405467749
8	1205405478410	1205405480952
8	1205407678762	1205407683239
8	1205407693828	1205407696987
8	1205407699463	1205407703101
8	1205416159309	1205416162217
8	1205416380475	1205416384646
8	1205416466778	1205416470371
8	1205418493173	1205418500114
8	1205421622629	1205421631339
8	1205423572744	1205423577337
8	1205423742305	1205423746832
8	1205423749930	1205423751920
8	1205423797296	1205423801112
8	1205423802423	1205423805722
8	1205423806850	1205423810701
8	1205423822419	1205423826400
8	1205423827696	1205423829408
8	1205423844625	1205423847960
8	1205423866620	1205423869825
8	1205423881592	1205423883752
8	1205423907989	1205423912811
8	1205423914100	1205423917393
8	1205423918637	1205423924349
8	1205423936317	1205423940354
8	1205423941350	1205423949256
8	1205423954263	1205423959919
8	1205423961456	1205423970232
8	1205423970979	1205423975958
8	1205423977118	1205423979511
8	1205423979954	1205423999426
8	1205424001924	1205424006199
8	1205424019952	1205424043613
8	1205424043860	1205424048124
8	1205424048340	1205424050404
8	1205424050648	1205424063163
8	1205424065164	1205424068200
8	1205424071281	1205424084247
8	1205424095791	1205424112422
8	1205424113469	1205424116847
8	1205424124602	1205424129668
8	1205424129849	1205424138446
8	1205424152445	1205424156698
8	1205424423234	1205424428700
8	1205424440887	1205424445963
8	1205424472208	1205424475188
8	1205424491424	1205424495604
8	1205424583931	1205424587780
8	1205424755509	1205424759593
8	1205424801322	1205424807642
8	1205424821183	1205424835184
8	1205424852546	1205424857463
8	1205424861480	1205424863679
8	1205424863813	1205424892324
8	1205424892636	1205424900574
8	1205424905323	1205424907217
8	1205424913614	1205424915513
8	1205424926367	1205424932616
8	1205424971508	1205424977435
8	1205424986770	1205424992722
8	1205425001373	1205425009271
8	1205425011584	1205425013707
8	1205425020759	1205425024329
8	1205425141957	1205425145710
8	1205425183134	1205425185970
8	1205425186980	1205425189132
8	1205433280702	1205433285762
8	1205433305308	1205433308777
8	1205433309977	1205433314883
8	1205433317821	1205433323956
9	1205405450114	1205405453524
9	1205405463333	1205405468943
9	1205407679560	1205407682854
9	1205407693554	1205407695766
9	1205407699820	1205407704133
9	1205416158876	1205416160879
9	1205416381102	1205416382980
9	1205423742484	1205423746205
9	1205423747937	1205423751448
9	1205423793949	1205423815481
9	1205423823944	1205423829900
9	1205423843926	1205423848126
9	1205423850270	1205423855975
9	1205423863664	1205423877188
9	1205423880733	1205423885676
9	1205423894594	1205423904594
9	1205423907742	1205423913165
9	1205423915775	1205423924211
9	1205423939508	1205423949561
9	1205423956471	1205423962529
9	1205423964171	1205423970978
9	1205423971246	1205423974158
9	1205423976503	1205423981864
9	1205423982511	1205423998966
9	1205424001748	1205424005195
9	1205424020165	1205424032951
9	1205424052660	1205424069388
9	1205424071399	1205424087884
9	1205424095917	1205424108963
9	1205424114803	1205424116766
9	1205424117194	1205424121800
9	1205424134539	1205424140810
9	1205424157106	1205424162110
9	1205424191409	1205424193645
9	1205424286773	1205424289100
9	1205424290546	1205424291371
9	1205424302870	1205424304866
9	1205424336804	1205424340162
9	1205424362277	1205424363585
9	1205424363891	1205424367273
9	1205424379495	1205424381382
9	1205424418878	1205424427644
9	1205424442367	1205424444584
9	1205424469674	1205424474337
9	1205424517370	1205424522412
9	1205424582707	1205424585671
9	1205424599293	1205424606107
9	1205424620753	1205424624195
9	1205424636796	1205424638254
9	1205424669777	1205424672244
9	1205424672673	1205424674290
9	1205424723592	1205424727656
9	1205424762691	1205424768295
9	1205424778186	1205424780258
9	1205424799441	1205424805579
9	1205424894923	1205424899486
9	1205424904181	1205424907675
9	1205424929238	1205424936155
9	1205424970212	1205424974309
9	1205424989690	1205424993922
9	1205424996657	1205425006309
9	1205425022407	1205425026303
9	1205425078658	1205425089530
9	1205425142456	1205425144631
9	1205425182692	1205425184642
9	1205425187497	1205425189522
9	1205433306769	1205433311228
9	1205433320544	1205433322385
11	1205416144545	1205416146661
12	1205411065398	1205411068950
12	1205416142357	1205416146800
14	1205416465958	1205416467876
14	1205423574610	1205423577969
14	1205423736927	1205423739249
14	1205425084529	1205425086515
15	1205405449244	1205405451568
15	1205405467776	1205405469705
15	1205407680379	1205407683239
15	1205407692250	1205407694376
15	1205407701397	1205407704133
15	1205416157788	1205416160153
15	1205416381781	1205416385513
15	1205416465506	1205416467548
15	1205423574892	1205423577580
15	1205423736189	1205423740215
15	1205424137469	1205424142800
15	1205424152725	1205424157934
15	1205424934774	1205424940510
15	1205424946608	1205424951958
15	1205424959799	1205424962100
15	1205424968204	1205424969496
15	1205424992382	1205424998361
15	1205425024969	1205425028975
15	1205425038396	1205425042788
15	1205425057695	1205425062542
15	1205425076917	1205425080146
15	1205425085308	1205425088827
15	1205425143758	1205425145710
15	1205433279730	1205433282926
16	1205405448965	1205405451134
16	1205405476629	1205405477698
16	1205407691944	1205407693950
16	1205407701809	1205407703981
16	1205416381993	1205416385102
16	1205416465278	1205416467142
16	1205423735138	1205423739473
16	1205424139353	1205424144387
16	1205424148111	1205424154783
16	1205424936952	1205424948865
16	1205424949455	1205424950734
16	1205424950924	1205424963936
16	1205424964712	1205424971380
16	1205425025663	1205425035322
16	1205425039590	1205425055501
16	1205425059136	1205425064622
16	1205425065942	1205425068175
16	1205425068506	1205425075660
16	1205433320742	1205433323797
17	1205411053791	1205411056428
17	1205411056565	1205411058922
17	1205411062710	1205411065678
17	1205416141803	1205416144420
17	1205416145256	1205416148950
17	1205424146685	1205424151491
17	1205424953491	1205424957739
17	1205424964208	1205424969620
17	1205425066718	1205425071781
18	1205411063474	1205411066452
18	1205411077227	1205411079397
18	1205411086502	1205411088596
18	1205411089928	1205411091843
18	1205411224772	1205411227755
18	1205411238955	1205411240117
18	1205411274846	1205411276869
18	1205411724132	1205411726226
18	1205412149837	1205412150195
18	1205412156356	1205412158384
18	1205412314644	1205412316677
18	1205412316847	1205412319278
18	1205412324535	1205412326583
18	1205412399901	1205412401718
18	1205412408270	1205412410525
18	1205412673811	1205412675590
18	1205413046161	1205413048642
18	1205413243952	1205413245590
18	1205413269771	1205413272125
18	1205413410223	1205413412286
18	1205413663999	1205413665736
18	1205413751245	1205413753338
18	1205413753419	1205413755657
18	1205413765386	1205413767309
18	1205413893992	1205413897657
18	1205414551247	1205414553693
18	1205416140891	1205416144813
22	1205423654527	1205423656697
22	1205423669283	1205423674659
22	1205423705997	1205423708208
22	1205423710173	1205423712520
23	1205407681475	1205407683239
23	1205416157419	1205416158252
23	1205423576519	1205423579424
23	1205423594425	1205423598406
23	1205425075381	1205425078799
23	1205425086633	1205425090802
24	1205405447397	1205405449736
24	1205405469409	1205405471357
24	1205405474227	1205405476200
24	1205407681881	1205407685508
24	1205407689956	1205407692758
24	1205407703617	1205407705957
24	1205411042433	1205411045873
24	1205411057234	1205411058440
24	1205411059840	1205411062508
24	1205411649474	1205411651449
24	1205411873208	1205411875469
24	1205411926809	1205411928802
24	1205411953725	1205411955245
24	1205412490425	1205412495202
24	1205413041320	1205413046117
24	1205413577710	1205413612497
24	1205413691191	1205413695320
24	1205413699320	1205413703155
24	1205414860751	1205414863862
24	1205414892518	1205414894977
24	1205415670552	1205415672884
24	1205416049910	1205416051942
24	1205416066608	1205416067808
24	1205416068738	1205416076150
24	1205416105620	1205416109817
24	1205416121224	1205416125868
24	1205416128706	1205416133477
24	1205416134696	1205416136249
24	1205416149922	1205416153536
24	1205416156305	1205416159177
24	1205416383289	1205416386587
24	1205416464214	1205416466213
24	1205423576822	1205423580144
24	1205423592448	1205423596943
24	1205424145393	1205424148517
24	1205425145404	1205425147162
24	1205425180448	1205425181709
24	1205425189757	1205425191593
24	1205433276429	1205433278614
24	1205433322639	1205433326135
25	1205405473193	1205405475426
25	1205411045719	1205411047771
25	1205411059779	1205411064759
25	1205411067425	1205411081543
25	1205411081706	1205411082992
25	1205411154236	1205411156278
25	1205411192357	1205411193891
25	1205411332730	1205411333985
25	1205411384454	1205411386369
25	1205411394607	1205411396683
25	1205411413854	1205411416412
25	1205411439914	1205411441184
25	1205411522227	1205411527416
25	1205411573525	1205411576982
25	1205411620488	1205411627768
25	1205411640740	1205411643332
25	1205411797544	1205411801410
25	1205411802300	1205411803925
25	1205411805608	1205411810435
25	1205411866196	1205411868173
25	1205411874367	1205411877325
25	1205411892373	1205411900341
25	1205411905122	1205411907256
25	1205411908906	1205411915642
25	1205411916262	1205411919878
25	1205411920563	1205411922480
25	1205411922671	1205411929395
25	1205411942214	1205411945360
25	1205411949371	1205411957118
25	1205411963543	1205411968379
25	1205411984602	1205411986574
25	1205411988154	1205411990723
25	1205411995791	1205411997921
25	1205412003225	1205412008934
25	1205412009442	1205412013735
25	1205412020328	1205412023909
25	1205412026407	1205412026743
25	1205412031434	1205412033410
25	1205412036897	1205412040249
25	1205412177255	1205412184359
25	1205412233336	1205412236600
25	1205412240421	1205412241710
25	1205412243300	1205412247585
25	1205412265756	1205412267882
25	1205412271574	1205412275488
25	1205412281281	1205412283648
25	1205412283889	1205412288381
25	1205412291323	1205412296623
25	1205412300815	1205412304812
25	1205412398331	1205412400444
25	1205412404608	1205412407960
25	1205412440359	1205412444954
25	1205412446348	1205412450643
25	1205412450994	1205412455156
25	1205412474747	1205412476926
25	1205412492921	1205412496737
25	1205412498774	1205412505822
25	1205412532857	1205412535431
25	1205412539825	1205412542396
25	1205412542552	1205412550563
25	1205412553437	1205412555272
25	1205412556908	1205412559281
25	1205412566216	1205412570767
25	1205412605365	1205412606685
25	1205412610397	1205412615180
25	1205412807958	1205412811233
25	1205412881461	1205412888173
25	1205412922917	1205412929335
25	1205413040576	1205413051165
25	1205413100803	1205413103431
25	1205413108669	1205413114539
25	1205413118384	1205413122436
25	1205413128164	1205413134630
25	1205413218250	1205413224402
25	1205413264682	1205413277847
25	1205413308918	1205413312780
25	1205413313132	1205413316610
25	1205413317100	1205413320356
25	1205413322419	1205413329230
25	1205413330990	1205413333232
25	1205413333528	1205413339764
25	1205413348435	1205413348758
25	1205413366228	1205413369575
25	1205413380510	1205413381798
25	1205413381934	1205413384604
25	1205413576517	1205413581157
25	1205413602616	1205413606635
25	1205413606939	1205413612618
25	1205413651806	1205413658419
25	1205413689601	1205413696591
25	1205414143699	1205414146814
25	1205414148562	1205414152360
25	1205414176196	1205414178800
25	1205414186556	1205414190102
25	1205414252929	1205414257827
25	1205414261244	1205414263535
25	1205414268870	1205414273327
25	1205414301740	1205414308499
25	1205414444658	1205414448679
25	1205414528825	1205414531152
25	1205414537501	1205414539438
25	1205414571557	1205414575287
25	1205414628920	1205414630676
25	1205414651765	1205414657829
25	1205414672989	1205414677619
25	1205414724542	1205414726862
25	1205414807362	1205414811552
25	1205414811800	1205414814297
25	1205414832903	1205414834158
25	1205414854250	1205414858363
25	1205414892872	1205414894856
25	1205414895382	1205414897836
25	1205414974677	1205415006215
25	1205415006449	1205415016188
25	1205415017547	1205415026874
25	1205415027516	1205415029868
25	1205415030408	1205415036424
25	1205415036875	1205415039520
25	1205415042466	1205415044329
25	1205415051665	1205415067153
25	1205415087631	1205415099368
25	1205415109153	1205415117628
25	1205415121756	1205415135211
25	1205415136242	1205415138387
25	1205415148390	1205415164802
25	1205415165228	1205415188345
25	1205415191768	1205415198563
25	1205415227696	1205415228954
25	1205415229447	1205415246679
25	1205415416604	1205415418462
25	1205415419222	1205415420494
25	1205415420850	1205415423313
25	1205415467884	1205415469142
25	1205415496274	1205415501668
25	1205415507748	1205415509848
25	1205415524243	1205415526607
25	1205415528477	1205415529752
25	1205415532873	1205415536580
25	1205415536944	1205415540419
25	1205415557486	1205415558766
25	1205415560789	1205415563367
25	1205415670828	1205415676783
25	1205415724235	1205415726243
25	1205415881417	1205415883772
25	1205415932327	1205415934249
25	1205415950447	1205415951713
25	1205415975453	1205415977738
25	1205415983824	1205415990116
25	1205416001177	1205416003407
25	1205416042959	1205416053464
25	1205416064129	1205416068738
25	1205416069221	1205416073947
25	1205416074592	1205416079180
25	1205416079363	1205416083623
25	1205416083835	1205416087465
25	1205416094182	1205416095509
25	1205416095650	1205416100414
25	1205416105405	1205416109512
25	1205416117180	1205416121340
25	1205416121642	1205416126264
25	1205416128828	1205416131351
25	1205416133349	1205416142357
25	1205416148812	1205416151537
26	1205411046317	1205411047476
26	1205411049954	1205411052908
26	1205411053575	1205411055384
26	1205411083554	1205411088385
26	1205411089801	1205411092117
26	1205411304141	1205411305303
26	1205411864555	1205411866570
26	1205412287879	1205412289989
26	1205412451893	1205412453742
26	1205412454700	1205412458497
26	1205412687946	1205412688257
26	1205413750101	1205413752493
26	1205414542201	1205414544171
26	1205415536122	1205415540872
26	1205415772116	1205415774660
26	1205415789589	1205415792791
26	1205416130239	1205416136841
26	1205416137381	1205416143772
28	1205423594547	1205423597609
29	1205411046738	1205411049712
29	1205423592614	1205423596825
29	1205425088944	1205425090802
30	1205405445793	1205405449244
30	1205407682854	1205407686827
30	1205407689134	1205407691112
30	1205407704513	1205407707305
30	1205411040743	1205411043330
30	1205411045361	1205411049409
30	1205411061729	1205411065259
30	1205416139767	1205416142741
30	1205416151402	1205416154504
30	1205416155161	1205416158688
30	1205416383994	1205416387507
30	1205416462772	1205416465278
30	1205423578141	1205423581924
30	1205423589910	1205423594303
30	1205425089674	1205425093109
30	1205425146637	1205425149881
30	1205425179462	1205425181300
30	1205425190798	1205425193496
30	1205433324175	1205433326135
31	1205388839877	1205388845977
31	1205388890714	1205388894725
31	1205393568356	1205393574127
31	1205393576795	1205393579280
31	1205393636106	1205393639574
31	1205405434295	1205405439892
31	1205405442611	1205405447884
31	1205407683950	1205407687290
31	1205407687718	1205407691229
31	1205407705831	1205407710854
31	1205407873938	1205407877343
31	1205407949147	1205407957811
31	1205411037618	1205411043538
31	1205416142741	1205416148259
31	1205416149922	1205416153523
31	1205416384956	1205416388890
31	1205416461554	1205416464527
31	1205423579145	1205423595195
31	1205423844390	1205423846994
31	1205423853518	1205423855765
31	1205424661409	1205424663646
31	1205425091839	1205425094219
31	1205425149156	1205425154619
31	1205425178710	1205425180626
31	1205425191978	1205425194826
31	1205425440166	1205425445431
31	1205433270823	1205433278469
31	1205433325550	1205433329428
