1	1205055776697	1205055781593
1	1205066065584	1205066068370
1	1205070827332	1205070833179
1	1205086991270	1205086993408
1	1205086993542	1205086996294
1	1205093777940	1205093784267
1	1205097141621	1205097146552
1	1205097157967	1205097159245
1	1205097238680	1205097245246
2	1205055774810	1205055776563
2	1205055777754	1205055785210
2	1205055786948	1205055789142
2	1205055790206	1205055792225
2	1205055826480	1205055829666
2	1205055841343	1205055850199
2	1205055936856	1205055939158
2	1205055948583	1205055949885
2	1205056037823	1205056039567
2	1205056104686	1205056106247
2	1205056161825	1205056164467
2	1205056167409	1205056169704
2	1205056195567	1205056197638
2	1205056198609	1205056201249
2	1205056203121	1205056207570
2	1205056218498	1205056221946
2	1205056222764	1205056225364
2	1205056235703	1205056238714
2	1205056239252	1205056243590
2	1205056244105	1205056247532
2	1205056255148	1205056257216
2	1205056299915	1205056302191
2	1205056303197	1205056305420
2	1205056328419	1205056330930
2	1205056333888	1205056336429
2	1205056337430	1205056345691
2	1205056349413	1205056351830
2	1205056372195	1205056374951
2	1205056376555	1205056378916
2	1205056382174	1205056392271
2	1205056394327	1205056398767
2	1205056423520	1205056425478
2	1205056427346	1205056430582
2	1205056576997	1205056577311
2	1205056578758	1205056580937
2	1205056581516	1205056585797
2	1205056585952	1205056588609
2	1205056590358	1205056593532
2	1205056703232	1205056705672
2	1205056709476	1205056711786
2	1205056903138	1205056908587
2	1205056949314	1205056951837
2	1205057248644	1205057258471
2	1205057304474	1205057308681
2	1205057318638	1205057322418
2	1205057342837	1205057345298
2	1205057350985	1205057354298
2	1205057434415	1205057439727
2	1205057455791	1205057457930
2	1205057577244	1205057579970
2	1205057605332	1205057607778
2	1205057680478	1205057685347
2	1205057689286	1205057694494
2	1205057773106	1205057777443
2	1205057785329	1205057789778
2	1205057854935	1205057857680
2	1205057915628	1205057919105
2	1205057943720	1205057950634
2	1205057952612	1205057953919
2	1205057954793	1205057960264
2	1205057974739	1205057977843
2	1205058073878	1205058079944
2	1205058303227	1205058306175
2	1205058369390	1205058373479
2	1205058388935	1205058390271
2	1205058391444	1205058396709
2	1205058493735	1205058496495
2	1205058520776	1205058526567
2	1205058528189	1205058529495
2	1205058529693	1205058534303
2	1205058634911	1205058639833
2	1205058640328	1205058646455
2	1205058684902	1205058687405
2	1205058769933	1205058775130
2	1205058818221	1205058822409
2	1205058849440	1205058856995
2	1205058940114	1205058941458
2	1205058945796	1205058955949
2	1205058959483	1205058970286
2	1205059043855	1205059045724
2	1205059104299	1205059117444
2	1205059127277	1205059131648
2	1205059137751	1205059145499
2	1205059159520	1205059165311
2	1205059250838	1205059259775
2	1205059498180	1205059500324
2	1205059518363	1205059524741
2	1205059530485	1205059532272
2	1205059539491	1205059543468
2	1205059635109	1205059637501
2	1205059649100	1205059653186
2	1205059662597	1205059666254
2	1205059912815	1205059917449
2	1205059967870	1205059972204
2	1205059995554	1205060001368
2	1205060014181	1205060019840
2	1205060020888	1205060021395
2	1205060321172	1205060327495
2	1205060491481	1205060499292
2	1205060511581	1205060513845
2	1205060514331	1205060521545
2	1205060723283	1205060726511
2	1205060773570	1205060774316
2	1205060832195	1205060833449
2	1205060883414	1205060884695
2	1205061322454	1205061325427
2	1205061510595	1205061514522
2	1205061554439	1205061561723
2	1205061776359	1205061777569
2	1205061954618	1205061957723
2	1205062024337	1205062025277
2	1205062138776	1205062140815
2	1205062179303	1205062182954
2	1205062394129	1205062396586
2	1205062444290	1205062447943
2	1205062612921	1205062614560
2	1205062721623	1205062723766
2	1205062733527	1205062734846
2	1205062735380	1205062737635
2	1205062820191	1205062822467
2	1205062844540	1205062847192
2	1205062921918	1205062924137
2	1205062924326	1205062928470
2	1205062976752	1205062980492
2	1205062983211	1205062986915
2	1205062995967	1205063000583
2	1205063026497	1205063030239
2	1205063081977	1205063083239
2	1205063084218	1205063086982
2	1205063103960	1205063107770
2	1205063127486	1205063130148
2	1205063141364	1205063143914
2	1205063203709	1205063204953
2	1205063205575	1205063208738
2	1205063380536	1205063382737
2	1205063561467	1205063567267
2	1205063607597	1205063610144
2	1205063628913	1205063637332
2	1205063917492	1205063923220
2	1205063974514	1205063978246
2	1205064085284	1205064087319
2	1205064088945	1205064093333
2	1205064199440	1205064205597
2	1205064267384	1205064269857
2	1205064281489	1205064285498
2	1205064408829	1205064411121
2	1205064414692	1205064419131
2	1205064505317	1205064513797
2	1205064518225	1205064520925
2	1205064572834	1205064575121
2	1205064764971	1205064787923
2	1205064790699	1205064793219
2	1205064974630	1205064979550
2	1205065098914	1205065105125
2	1205065105460	1205065109835
2	1205065112641	1205065113259
2	1205065114830	1205065119192
2	1205065132236	1205065134455
2	1205065135688	1205065140564
2	1205065142798	1205065145781
2	1205065199892	1205065201566
2	1205065224843	1205065229777
2	1205065237248	1205065241171
2	1205065379904	1205065387210
2	1205065588730	1205065590962
2	1205065608632	1205065609917
2	1205065611230	1205065614970
2	1205065664723	1205065667384
2	1205065668523	1205065670657
2	1205065689240	1205065690514
2	1205065691520	1205065699339
2	1205065752294	1205065757304
2	1205065769441	1205065773281
2	1205066037924	1205066045697
2	1205066068214	1205066074354
2	1205066126853	1205066130762
2	1205066382345	1205066385654
2	1205066542759	1205066547225
2	1205066634727	1205066636745
2	1205066655195	1205066662677
2	1205066665389	1205066667917
2	1205066702835	1205066705361
2	1205066715543	1205066718102
2	1205066820670	1205066825716
2	1205066872713	1205066875129
2	1205066875645	1205066879343
2	1205066898818	1205066900821
2	1205066906440	1205066909363
2	1205067675626	1205067677682
2	1205067677842	1205067681955
2	1205067682502	1205067686761
2	1205067686922	1205067689563
2	1205067846198	1205067848133
2	1205068000299	1205068004952
2	1205068028961	1205068030671
2	1205068066262	1205068068193
2	1205068068479	1205068072179
2	1205068169139	1205068175466
2	1205068312463	1205068321962
2	1205068340976	1205068345903
2	1205068442872	1205068454297
2	1205068454442	1205068468889
2	1205068470801	1205068475341
2	1205068916970	1205068919172
2	1205069025531	1205069029432
2	1205069220889	1205069226610
2	1205069260433	1205069261775
2	1205069262867	1205069266778
2	1205069456102	1205069458903
2	1205069461337	1205069463666
2	1205069463807	1205069467251
2	1205069513917	1205069519597
2	1205069538449	1205069541199
2	1205069671971	1205069674111
2	1205069739972	1205069742281
2	1205069743251	1205069745997
2	1205069861548	1205069864162
2	1205069875609	1205069878974
2	1205069879295	1205069881399
2	1205069881542	1205069883666
2	1205070255836	1205070261247
2	1205070264105	1205070267598
2	1205070268718	1205070271665
2	1205070280100	1205070282381
2	1205070282773	1205070286617
2	1205070290602	1205070291908
2	1205070292184	1205070294694
2	1205070300787	1205070302755
2	1205070312904	1205070315838
2	1205070316324	1205070317618
2	1205070330802	1205070335721
2	1205070340318	1205070342400
2	1205070399153	1205070401346
2	1205070427924	1205070429206
2	1205070430305	1205070440963
2	1205070441473	1205070444290
2	1205070538424	1205070544222
2	1205070566842	1205070575673
2	1205070577351	1205070581982
2	1205070587109	1205070590288
2	1205070701623	1205070703744
2	1205070749921	1205070754547
2	1205070772803	1205070776979
2	1205070804174	1205070813541
2	1205070824116	1205070828444
2	1205070834610	1205070835372
2	1205070839981	1205070847521
2	1205071044460	1205071048239
2	1205071048513	1205071052480
2	1205071077441	1205071085434
2	1205071085824	1205071093897
2	1205071149880	1205071155303
2	1205071172634	1205071175756
2	1205071260870	1205071263169
2	1205071298126	1205071300321
2	1205071383735	1205071386741
2	1205071544400	1205071546607
2	1205071550157	1205071554440
2	1205071554767	1205071559210
2	1205071639416	1205071643664
2	1205071667190	1205071670982
2	1205071699132	1205071701998
2	1205071702740	1205071709454
2	1205072179750	1205072184705
2	1205072198243	1205072203272
2	1205072209206	1205072211334
2	1205072212319	1205072214594
2	1205072235958	1205072238930
2	1205072280158	1205072285720
2	1205072288220	1205072292332
2	1205072322632	1205072323896
2	1205072329543	1205072337571
2	1205072439269	1205072445654
2	1205072449966	1205072454612
2	1205072475588	1205072477678
2	1205072535503	1205072536297
2	1205072536595	1205072539385
2	1205072559519	1205072561669
2	1205072575431	1205072579511
2	1205072587446	1205072590775
2	1205072603831	1205072615710
2	1205072617624	1205072623698
2	1205072631649	1205072632939
2	1205072657661	1205072659758
2	1205072668603	1205072670964
2	1205072702509	1205072704992
2	1205072769571	1205072771744
2	1205072792685	1205072794595
2	1205072795113	1205072798494
2	1205072818488	1205072822267
2	1205072863540	1205072868219
2	1205072874840	1205072878674
2	1205072941433	1205072947252
2	1205073123447	1205073127308
2	1205073175222	1205073177384
2	1205073177509	1205073180968
2	1205073182123	1205073188312
2	1205073247463	1205073254270
2	1205073328494	1205073333909
2	1205073349872	1205073352666
2	1205073472524	1205073476987
2	1205073515815	1205073521739
2	1205073566557	1205073571416
2	1205073629855	1205073631917
2	1205073640423	1205073643439
2	1205073650143	1205073655498
2	1205073682149	1205073685240
2	1205073685544	1205073688224
2	1205073699996	1205073701834
2	1205073801362	1205073803869
2	1205073804104	1205073806833
2	1205073826479	1205073829233
2	1205073837146	1205073838569
2	1205073863969	1205073865895
2	1205073866164	1205073871270
2	1205073878359	1205073880435
2	1205073972710	1205073974906
2	1205073975366	1205073980862
2	1205073986855	1205073988151
2	1205073990287	1205073992627
2	1205074055525	1205074059727
2	1205074061645	1205074064148
2	1205074066446	1205074070289
2	1205074082514	1205074087623
2	1205074094708	1205074095367
2	1205074110908	1205074110959
2	1205074132898	1205074137128
2	1205074142588	1205074143531
2	1205074250250	1205074251905
2	1205074261162	1205074262373
2	1205074276216	1205074277486
2	1205074279532	1205074281882
2	1205074284507	1205074289705
2	1205074443507	1205074445610
2	1205074522755	1205074527357
2	1205074557844	1205074560896
2	1205074617324	1205074621538
2	1205074684991	1205074689452
2	1205074783843	1205074787232
2	1205075026596	1205075029148
2	1205075045825	1205075053489
2	1205075134992	1205075136962
2	1205075147737	1205075149851
2	1205075152578	1205075154834
2	1205075178478	1205075183814
2	1205075211611	1205075213357
2	1205075220834	1205075222977
2	1205075299954	1205075303577
2	1205075303796	1205075306830
2	1205075308899	1205075312191
2	1205075314966	1205075317827
2	1205075332685	1205075336700
2	1205075337424	1205075340483
2	1205075354708	1205075357444
2	1205075358905	1205075361891
2	1205075453513	1205075456369
2	1205075458824	1205075460133
2	1205075460770	1205075462786
2	1205075498817	1205075501351
2	1205075501513	1205075502832
2	1205075561240	1205075563319
2	1205075566702	1205075569988
2	1205075570566	1205075573595
2	1205075580642	1205075587233
2	1205075604894	1205075611122
2	1205075617199	1205075619846
2	1205075623907	1205075627440
2	1205075651277	1205075659998
2	1205075731468	1205075733640
2	1205075738774	1205075742815
2	1205075748421	1205075752467
2	1205075754482	1205075757994
2	1205075758616	1205075760978
2	1205075764893	1205075769138
2	1205075770777	1205075775793
2	1205075776883	1205075779459
2	1205075786518	1205075787820
2	1205075789649	1205075793540
2	1205075794530	1205075800212
2	1205075827724	1205075830342
2	1205075850305	1205075853922
2	1205075859597	1205075862969
2	1205075865596	1205075871202
2	1205075877789	1205075879821
2	1205075884839	1205075889542
2	1205075907473	1205075910792
2	1205075911831	1205075915927
2	1205075919399	1205075924712
2	1205086978120	1205086980801
2	1205086983430	1205086985102
2	1205086985687	1205086992926
2	1205086996431	1205086999874
2	1205087007189	1205087010511
2	1205087011344	1205087013700
2	1205087030326	1205087031590
2	1205087036404	1205087038890
2	1205087054701	1205087057882
2	1205087061844	1205087064725
2	1205087069201	1205087071352
2	1205087073360	1205087074669
2	1205087075905	1205087077786
2	1205087253795	1205087255721
2	1205087256243	1205087258420
2	1205087310458	1205087319645
2	1205087370259	1205087372140
2	1205087380578	1205087386553
2	1205087401814	1205087409154
2	1205087413771	1205087416330
2	1205087457767	1205087458269
2	1205087459963	1205087462655
2	1205087544383	1205087548343
2	1205087605452	1205087607524
2	1205087613889	1205087617601
2	1205087696596	1205087699180
2	1205087718106	1205087720477
2	1205087969612	1205087973392
2	1205088046890	1205088048879
2	1205088139890	1205088142464
2	1205088164845	1205088170372
2	1205088192155	1205088196215
2	1205088198101	1205088200399
2	1205088240377	1205088241631
2	1205088245913	1205088247361
2	1205088249269	1205088251670
2	1205088256490	1205088259933
2	1205088260544	1205088264271
2	1205088266937	1205088268929
2	1205088279746	1205088282429
2	1205088286690	1205088297427
2	1205088308280	1205088317235
2	1205088350352	1205088352386
2	1205088404550	1205088408573
2	1205088415661	1205088422190
2	1205088429400	1205088431591
2	1205088443392	1205088445439
2	1205088451960	1205088452979
2	1205088523452	1205088526403
2	1205088586746	1205088591863
2	1205088598363	1205088600717
2	1205088604455	1205088609285
2	1205088610558	1205088615138
2	1205088668248	1205088672447
2	1205088674935	1205088677383
2	1205088715158	1205088717996
2	1205088728218	1205088729502
2	1205088729931	1205088732572
2	1205088803372	1205088805989
2	1205088825516	1205088828122
2	1205088840493	1205088844306
2	1205088863407	1205088865579
2	1205088880104	1205088883529
2	1205089115543	1205089118636
2	1205089134185	1205089135304
2	1205089137500	1205089142637
2	1205089223575	1205089227190
2	1205089238112	1205089241988
2	1205089312894	1205089315286
2	1205089332499	1205089339545
2	1205089340521	1205089342820
2	1205089350620	1205089353162
2	1205089499464	1205089501906
2	1205089686752	1205089689237
2	1205089694953	1205089697395
2	1205089740291	1205089743575
2	1205089743953	1205089746138
2	1205089746726	1205089748309
2	1205089784804	1205089787284
2	1205089829696	1205089832662
2	1205089880275	1205089881515
2	1205089974398	1205089978527
2	1205089979727	1205089991100
2	1205089991238	1205089996562
2	1205089997833	1205090001755
2	1205090029713	1205090032145
2	1205090033259	1205090034582
2	1205090035537	1205090040158
2	1205090072107	1205090077242
2	1205090080785	1205090085954
2	1205090100977	1205090103488
2	1205090136875	1205090139552
2	1205090195791	1205090197240
2	1205090198616	1205090201823
2	1205090217566	1205090218297
2	1205090222758	1205090225257
2	1205090261823	1205090266548
2	1205090295917	1205090297211
2	1205090359697	1205090361871
2	1205090405571	1205090408555
2	1205090417758	1205090419547
2	1205090433389	1205090438969
2	1205090533373	1205090536757
2	1205090632242	1205090636836
2	1205090684408	1205090694891
2	1205090790945	1205090792994
2	1205090818464	1205090823777
2	1205090915174	1205090919239
2	1205090926274	1205090927576
2	1205090928964	1205090931812
2	1205090950881	1205090953177
2	1205090999166	1205091000420
2	1205091000822	1205091003560
2	1205091046266	1205091048734
2	1205091072344	1205091074139
2	1205091090734	1205091094980
2	1205091108449	1205091110292
2	1205091177661	1205091186880
2	1205091187526	1205091195955
2	1205091200340	1205091207710
2	1205091214835	1205091215746
2	1205091216178	1205091218619
2	1205091339239	1205091342739
2	1205091383574	1205091385643
2	1205091508297	1205091515488
2	1205091565526	1205091571140
2	1205091575817	1205091579781
2	1205091632975	1205091635188
2	1205091682668	1205091693415
2	1205091768165	1205091770533
2	1205091799574	1205091803928
2	1205091804132	1205091806906
2	1205091810551	1205091813193
2	1205091828732	1205091835961
2	1205091843895	1205091849631
2	1205091850180	1205091854462
2	1205091867683	1205091872916
2	1205091897805	1205091899989
2	1205091962468	1205091964534
2	1205092060410	1205092064410
2	1205092065106	1205092067951
2	1205092079483	1205092082508
2	1205092097504	1205092099795
2	1205092112473	1205092118305
2	1205092139338	1205092140329
2	1205092156795	1205092161227
2	1205092174390	1205092177322
2	1205092247136	1205092249693
2	1205092252709	1205092254785
2	1205092255139	1205092259823
2	1205092268976	1205092271522
2	1205092336380	1205092338686
2	1205092339462	1205092341848
2	1205092378933	1205092383685
2	1205092415925	1205092418148
2	1205092436850	1205092440427
2	1205092624886	1205092627208
2	1205092709519	1205092710764
2	1205092713500	1205092720190
2	1205092730834	1205092735267
2	1205092737803	1205092744298
2	1205092744577	1205092747590
2	1205092748870	1205092750838
2	1205092793536	1205092797409
2	1205092837120	1205092839696
2	1205092889501	1205092893553
2	1205092897933	1205092899666
2	1205092918637	1205092921200
2	1205092951254	1205092953879
2	1205092991511	1205092995688
2	1205093029155	1205093031478
2	1205093098863	1205093102686
2	1205093128277	1205093132716
2	1205093164730	1205093167854
2	1205093168268	1205093170346
2	1205093199574	1205093202574
2	1205093204293	1205093207230
2	1205093221435	1205093223744
2	1205093241350	1205093243134
2	1205093253400	1205093256218
2	1205093256358	1205093258722
2	1205093263890	1205093266927
2	1205093758843	1205093762557
2	1205093771202	1205093778650
2	1205093784401	1205093795921
2	1205093915660	1205093921214
2	1205093922341	1205093924405
2	1205094076998	1205094079397
2	1205094082440	1205094089820
2	1205094155923	1205094158253
2	1205094169637	1205094171594
2	1205094212875	1205094214147
2	1205094236620	1205094238807
2	1205094241308	1205094244865
2	1205094295890	1205094298468
2	1205094315869	1205094320941
2	1205094381489	1205094384869
2	1205094431326	1205094433282
2	1205094634762	1205094637261
2	1205094744866	1205094747661
2	1205094751656	1205094754824
2	1205094759802	1205094762556
2	1205094817270	1205094820397
2	1205094889906	1205094893243
2	1205094898608	1205094906251
2	1205094911506	1205094915360
2	1205094956930	1205094959359
2	1205094959496	1205094965167
2	1205094999498	1205095001883
2	1205095005722	1205095008881
2	1205095024298	1205095026904
2	1205095055316	1205095057181
2	1205095088926	1205095091329
2	1205095096818	1205095099314
2	1205095179146	1205095181392
2	1205095185607	1205095190397
2	1205095206973	1205095209311
2	1205095210843	1205095214255
2	1205095259654	1205095261896
2	1205095355655	1205095358492
2	1205095359850	1205095367148
2	1205095428282	1205095430700
2	1205095565406	1205095567920
2	1205095661318	1205095674165
2	1205095689996	1205095691486
2	1205095691622	1205095692870
2	1205095762839	1205095766740
2	1205095827504	1205095828758
2	1205095830101	1205095832634
2	1205095887528	1205095889918
2	1205095891166	1205095897226
2	1205095924347	1205095926796
2	1205095935263	1205095937660
2	1205095957187	1205095960358
2	1205095984939	1205095988890
2	1205096024667	1205096028761
2	1205096035569	1205096043743
2	1205096140386	1205096142708
2	1205096178881	1205096181172
2	1205096182905	1205096185234
2	1205096199678	1205096200941
2	1205096220861	1205096223377
2	1205096225715	1205096228391
2	1205096228828	1205096235380
2	1205096235863	1205096241554
2	1205096281560	1205096285122
2	1205096285354	1205096287254
2	1205096570446	1205096572549
2	1205096587934	1205096591182
2	1205096591822	1205096595261
2	1205096597113	1205096601483
2	1205096693911	1205096696828
2	1205096698540	1205096701340
2	1205096707131	1205096712699
2	1205096713787	1205096718939
2	1205096740623	1205096743266
2	1205096744110	1205096746518
2	1205096770314	1205096773358
2	1205096810996	1205096812278
2	1205096819302	1205096821522
2	1205096847505	1205096849851
2	1205096933223	1205096935544
2	1205096941777	1205096944215
2	1205096944486	1205096947643
2	1205096969339	1205096973429
2	1205096990615	1205096994505
2	1205097001315	1205097004210
2	1205097009840	1205097011693
2	1205097028684	1205097030892
2	1205097046464	1205097048575
2	1205097054598	1205097057264
2	1205097065896	1205097069339
2	1205097076160	1205097078560
2	1205097079936	1205097084354
2	1205097097132	1205097106155
2	1205097135642	1205097140163
2	1205097144669	1205097147526
2	1205097150374	1205097152793
2	1205097157117	1205097159681
2	1205097176290	1205097181903
2	1205097183543	1205097187133
2	1205097197426	1205097204432
2	1205097224970	1205097229157
2	1205097234193	1205097237102
2	1205097243361	1205097249317
2	1205097289302	1205097293694
2	1205097299409	1205097303853
2	1205097305635	1205097309675
2	1205097310996	1205097313508
2	1205097314538	1205097319586
2	1205097320593	1205097322203
3	1205055811161	1205055813673
3	1205055815801	1205055820864
3	1205056196477	1205056200609
3	1205056200943	1205056203261
3	1205056244601	1205056246578
3	1205056302315	1205056310540
3	1205056310822	1205056316256
3	1205056320523	1205056330125
3	1205056334350	1205056338490
3	1205059528700	1205059531459
3	1205059531763	1205059534438
3	1205059999404	1205060001637
3	1205060008484	1205060013387
3	1205063632722	1205063636450
3	1205065771440	1205065780178
3	1205066073407	1205066078621
3	1205069741884	1205069743373
3	1205070434697	1205070442609
3	1205070541640	1205070543785
3	1205070790462	1205070792674
3	1205070794499	1205070796675
3	1205070797219	1205070798493
3	1205070799976	1205070802771
3	1205070812573	1205070815389
3	1205070815933	1205070821286
3	1205071669882	1205071677218
3	1205071686485	1205071688827
3	1205071689493	1205071691733
3	1205071698236	1205071702133
3	1205071704426	1205071709203
3	1205071710332	1205071712873
3	1205071715841	1205071719988
3	1205072234151	1205072236895
3	1205073122654	1205073131182
3	1205073249527	1205073255915
3	1205073260137	1205073265680
3	1205073324459	1205073334639
3	1205073469786	1205073472164
3	1205073474903	1205073482954
3	1205073505666	1205073509430
3	1205073510126	1205073516805
3	1205073520972	1205073527469
3	1205073565239	1205073570490
3	1205073683392	1205073687981
3	1205073805706	1205073814754
3	1205073842352	1205073844364
3	1205073847658	1205073852197
3	1205073854455	1205073859391
3	1205073862961	1205073869223
3	1205074250768	1205074257571
3	1205074261371	1205074266120
3	1205074553327	1205074555109
3	1205075212442	1205075221694
3	1205075568741	1205075572658
3	1205075581760	1205075592870
3	1205075604135	1205075613655
3	1205075616919	1205075626714
3	1205075647615	1205075653642
3	1205075860893	1205075868770
3	1205075869990	1205075875478
3	1205075878399	1205075880680
3	1205075909533	1205075914582
3	1205086998287	1205087013843
3	1205087033214	1205087039564
3	1205087053187	1205087053269
3	1205087061888	1205087064725
3	1205087068669	1205087078641
3	1205087544604	1205087545811
3	1205087754133	1205087756178
3	1205088163751	1205088167655
3	1205088608688	1205088616658
3	1205089683986	1205089689987
3	1205090080353	1205090085754
3	1205090259767	1205090265685
3	1205090687967	1205090697528
3	1205091830735	1205091838662
3	1205091842479	1205091847525
3	1205092061644	1205092067791
3	1205092067951	1205092072303
3	1205092073294	1205092075801
3	1205092077357	1205092083420
3	1205092112816	1205092116320
3	1205092717491	1205092720846
3	1205092730324	1205092739453
3	1205094236918	1205094239528
3	1205094240636	1205094243229
3	1205094904846	1205094913162
3	1205095895154	1205095900865
3	1205095902608	1205095909753
3	1205095911115	1205095919384
3	1205095920217	1205095926339
3	1205096231265	1205096239499
3	1205096283486	1205096287760
3	1205096589490	1205096594958
3	1205096599982	1205096604437
3	1205096605592	1205096610168
3	1205096610295	1205096613181
3	1205096618554	1205096624337
3	1205096624541	1205096628627
3	1205096631762	1205096637666
3	1205096644540	1205096652903
3	1205096659755	1205096666339
3	1205096667207	1205096669346
3	1205096669501	1205096676678
3	1205096677262	1205096682157
3	1205096684307	1205096685595
3	1205096687966	1205096692979
3	1205096693911	1205096696702
3	1205096701585	1205096710310
3	1205097106282	1205097117585
3	1205097118673	1205097119960
3	1205097132145	1205097132952
3	1205097145494	1205097151144
3	1205097177536	1205097182425
3	1205097183404	1205097189339
3	1205097225110	1205097233583
3	1205097246544	1205097250278
3	1205097254987	1205097257734
3	1205097259325	1205097270771
3	1205097278816	1205097283499
3	1205097286330	1205097290102
3	1205097307907	1205097321598
7	1205055779677	1205055782216
7	1205055784753	1205055786644
7	1205055797981	1205055804246
7	1205056077633	1205056082537
7	1205056107215	1205056109458
7	1205056156165	1205056160513
7	1205056168878	1205056173642
7	1205056190845	1205056194665
7	1205059256909	1205059266296
7	1205059911373	1205059920274
7	1205060346480	1205060350710
7	1205060499406	1205060505494
7	1205060507200	1205060509486
7	1205060884830	1205060887933
7	1205061981102	1205061990382
7	1205063225996	1205063228239
7	1205063228367	1205063231443
7	1205063346372	1205063349578
7	1205063350242	1205063356131
7	1205063360685	1205063367150
7	1205064131958	1205064137457
7	1205064138929	1205064140984
7	1205064608839	1205064615203
7	1205064778176	1205064782163
7	1205064782352	1205064784439
7	1205064787491	1205064791389
7	1205064796437	1205064801526
7	1205065177830	1205065179285
7	1205065179516	1205065181685
7	1205065182145	1205065189135
7	1205065577973	1205065580337
7	1205065581301	1205065582330
7	1205065760549	1205065766690
7	1205065768885	1205065781315
7	1205065848396	1205065853568
7	1205065874621	1205065877739
7	1205066057961	1205066060628
7	1205066062982	1205066069981
7	1205066141975	1205066145506
7	1205066615632	1205066615792
7	1205066619207	1205066625726
7	1205066640246	1205066642935
7	1205066870380	1205066887202
7	1205066889464	1205066892199
7	1205066895495	1205066900312
7	1205066902286	1205066904712
7	1205067680406	1205067685234
7	1205067687276	1205067692797
7	1205067695186	1205067697796
7	1205067697995	1205067700213
7	1205067704335	1205067709401
7	1205068307416	1205068309533
7	1205068608675	1205068614664
7	1205068665776	1205068668979
7	1205069120936	1205069122115
7	1205069171646	1205069173832
7	1205069216188	1205069220211
7	1205069222821	1205069229204
7	1205070522842	1205070536962
7	1205070705470	1205070706689
7	1205070707245	1205070710393
7	1205070715262	1205070720162
7	1205070729117	1205070735667
7	1205071371282	1205071373937
7	1205072262660	1205072264965
7	1205072419653	1205072423569
7	1205073038280	1205073040334
7	1205073041297	1205073042597
7	1205073258871	1205073259309
7	1205073260273	1205073262586
7	1205073264546	1205073267422
7	1205073678457	1205073679238
7	1205073680523	1205073682517
7	1205073689689	1205073691221
7	1205073692715	1205073695143
7	1205073806833	1205073809716
7	1205073818201	1205073820823
7	1205073834741	1205073838437
7	1205073840190	1205073844106
7	1205073858796	1205073861133
7	1205074069642	1205074073786
7	1205074080608	1205074085424
7	1205074086487	1205074087815
7	1205074088178	1205074091447
7	1205074247778	1205074251699
7	1205074264146	1205074266463
7	1205074566305	1205074571816
7	1205074573443	1205074579802
7	1205074748440	1205074750497
7	1205075206695	1205075212207
7	1205075222978	1205075228965
7	1205075258573	1205075260901
7	1205075261486	1205075263744
7	1205075284969	1205075287493
7	1205075292188	1205075297986
7	1205075311346	1205075312613
7	1205075424455	1205075441234
7	1205075443319	1205075444613
7	1205075576166	1205075579622
7	1205075782826	1205075785420
7	1205075787623	1205075791795
7	1205075796130	1205075807211
7	1205075810237	1205075812987
7	1205075866287	1205075873265
7	1205075876863	1205075885765
7	1205075888738	1205075891226
7	1205075898164	1205075900804
7	1205075901236	1205075904595
7	1205075923483	1205075928250
7	1205087063812	1205087070461
7	1205087091599	1205087096945
7	1205087106793	1205087109472
7	1205087111549	1205087114203
7	1205087246730	1205087248923
7	1205087250655	1205087252913
7	1205087602863	1205087609271
7	1205088257616	1205088263500
7	1205088272767	1205088275390
7	1205088461939	1205088470580
7	1205088559921	1205088563479
7	1205089109262	1205089111363
7	1205089112263	1205089123914
7	1205094977438	1205094979530
7	1205094979938	1205094986949
7	1205095037432	1205095041947
7	1205095042477	1205095047154
7	1205095431333	1205095432536
7	1205095434806	1205095437585
7	1205095679194	1205095681238
7	1205096245807	1205096252803
7	1205096263219	1205096269834
7	1205096277109	1205096278296
7	1205096572709	1205096573919
7	1205096575146	1205096580681
7	1205096584429	1205096590966
7	1205096599824	1205096602726
7	1205097127408	1205097131873
7	1205097145315	1205097152176
7	1205097158633	1205097161623
7	1205097177924	1205097177963
7	1205097194554	1205097199388
7	1205097200271	1205097204716
7	1205097215180	1205097222552
7	1205097223647	1205097227787
7	1205097248118	1205097252454
7	1205097252958	1205097261543
7	1205097264492	1205097269265
7	1205097271684	1205097274167
7	1205097274336	1205097279631
7	1205097280139	1205097292822
7	1205097319586	1205097321170
7	1205097321464	1205097323848
7	1205097325949	1205097328317
8	1205055774534	1205055777109
8	1205055782826	1205055789506
8	1205055797368	1205055802287
8	1205056195241	1205056198281
8	1205059256152	1205059259349
8	1205059497533	1205059501426
8	1205059997723	1205060002420
8	1205060009761	1205060013520
8	1205060502608	1205060504442
8	1205060509689	1205060520335
8	1205060882121	1205060886422
8	1205063633780	1205063637545
8	1205063917155	1205063920512
8	1205065769116	1205065773548
8	1205065777494	1205065780392
8	1205066037747	1205066040795
8	1205066904120	1205066909516
8	1205067675323	1205067682261
8	1205070434857	1205070438823
8	1205070588573	1205070592106
8	1205070701297	1205070705211
8	1205070806861	1205070810688
8	1205073516931	1205073521873
8	1205073652147	1205073655343
8	1205073681696	1205073690815
8	1205073699655	1205073704318
8	1205073801125	1205073807524
8	1205073810709	1205073813407
8	1205073826226	1205073829233
8	1205074249454	1205074253385
8	1205074262373	1205074266595
8	1205075211345	1205075215589
8	1205075218912	1205075224472
8	1205075570706	1205075575309
8	1205075580642	1205075584408
8	1205075641184	1205075643447
8	1205075658132	1205075661297
8	1205075731210	1205075734824
8	1205075738266	1205075742234
8	1205075749119	1205075753814
8	1205075754729	1205075758745
8	1205075765874	1205075775179
8	1205075776563	1205075781629
8	1205075784950	1205075789384
8	1205075822755	1205075826402
8	1205075826710	1205075829226
8	1205075868770	1205075877401
8	1205075903765	1205075910925
8	1205075912152	1205075924851
8	1205075928435	1205075932411
8	1205086977721	1205086980621
8	1205086989297	1205086993986
8	1205087037334	1205087039435
8	1205087049466	1205087051501
8	1205087060309	1205087060405
8	1205087069922	1205087072129
8	1205087072783	1205087075149
8	1205087075690	1205087078801
8	1205087240898	1205087243950
8	1205087253329	1205087259332
8	1205087259863	1205087263714
8	1205087271246	1205087274873
8	1205087277231	1205087281202
8	1205087283472	1205087287293
8	1205087310150	1205087313266
8	1205087369757	1205087372906
8	1205087380318	1205087383192
8	1205089120597	1205089125170
8	1205091382673	1205091391689
8	1205091508810	1205091510982
8	1205092079998	1205092084760
8	1205092111488	1205092116203
8	1205092251407	1205092253497
8	1205092255857	1205092259329
8	1205092268722	1205092271730
8	1205093264264	1205093267500
8	1205093758513	1205093761577
8	1205094902506	1205094907403
8	1205094974816	1205094978940
8	1205095891946	1205095899489
8	1205095921544	1205095928636
8	1205096237957	1205096240966
8	1205096281830	1205096288778
8	1205096570692	1205096574159
8	1205096587934	1205096602187
8	1205097185450	1205097188737
8	1205097226813	1205097231915
8	1205097234358	1205097239421
8	1205097245120	1205097249134
8	1205097315916	1205097317836
8	1205097319927	1205097322641
8	1205097326709	1205097332247
9	1205055774139	1205055776243
9	1205055793229	1205055798778
9	1205055799514	1205055807428
9	1205056194802	1205056196920
9	1205059496183	1205059500453
9	1205060516661	1205060518675
9	1205065778290	1205065781639
9	1205066906182	1205066909959
9	1205067677825	1205067679339
9	1205073701408	1205073704172
9	1205073825651	1205073827893
9	1205075659236	1205075661416
9	1205075730597	1205075732870
9	1205075751323	1205075756100
9	1205075784105	1205075786376
9	1205075919788	1205075924211
9	1205075929250	1205075931467
9	1205086989166	1205086991544
9	1205087379768	1205087381900
9	1205091383981	1205091389541
9	1205091507575	1205091509552
9	1205092257249	1205092259450
9	1205092268154	1205092270410
9	1205094974150	1205094976412
9	1205096285482	1205096289186
9	1205097244215	1205097246492
14	1205055808731	1205055810479
14	1205056193974	1205056196125
14	1205059495697	1205059497404
14	1205060517337	1205060519373
14	1205060881576	1205060882840
14	1205063635662	1205063637814
14	1205063916153	1205063918141
14	1205066036521	1205066038553
14	1205066907597	1205066909959
14	1205067673989	1205067676625
14	1205070700398	1205070702478
14	1205073653965	1205073655998
14	1205073799677	1205073801860
14	1205073802485	1205073804145
14	1205075783609	1205075785609
14	1205087059633	1205087061752
14	1205087077923	1205087079292
14	1205087240176	1205087242134
14	1205087285290	1205087287162
14	1205087308642	1205087311788
14	1205091388262	1205091390429
14	1205091507146	1205091508990
14	1205092267608	1205092269540
14	1205093266153	1205093268383
14	1205096568513	1205096570606
14	1205097228759	1205097230865
15	1205055771418	1205055774405
15	1205055808999	1205055810599
15	1205056193266	1205056196262
15	1205059258101	1205059260787
15	1205059495143	1205059497182
15	1205060517599	1205060520335
15	1205060880222	1205060883200
15	1205063635917	1205063637962
15	1205063915515	1205063917885
15	1205065779226	1205065782715
15	1205066036108	1205066038684
15	1205066907852	1205066913239
15	1205067673714	1205067679153
15	1205070589840	1205070592387
15	1205070699446	1205070702609
15	1205073654241	1205073656681
15	1205073702130	1205073704820
15	1205073799513	1205073804280
15	1205073812985	1205073814754
15	1205073824592	1205073826792
15	1205075660114	1205075663571
15	1205075729483	1205075731609
15	1205075782660	1205075784700
15	1205075907312	1205075910352
15	1205075930213	1205075933198
15	1205079256266	1205079260474
15	1205086975969	1205086977991
15	1205087058852	1205087062264
15	1205087239614	1205087241825
15	1205087261922	1205087264876
15	1205087269369	1205087272421
15	1205087308768	1205087312538
15	1205087371942	1205087373972
15	1205087378604	1205087382251
15	1205089123495	1205089127351
15	1205091388525	1205091391232
15	1205091506361	1205091509672
15	1205092258714	1205092262102
15	1205092267309	1205092269716
15	1205093266463	1205093269339
15	1205093756930	1205093759225
15	1205094972796	1205094975956
15	1205096286627	1205096290251
15	1205096567742	1205096570817
15	1205097229395	1205097232795
15	1205097242292	1205097245764
15	1205097328781	1205097330710
16	1205055770990	1205055772835
16	1205059258757	1205059260644
16	1205059494889	1205059496592
16	1205060518175	1205060521315
16	1205066909668	1205066913620
16	1205073702830	1205073705928
16	1205073812794	1205073814592
16	1205073824427	1205073826479
16	1205075660793	1205075662643
16	1205075729978	1205075731349
16	1205079257228	1205079259914
16	1205087262243	1205087264168
16	1205087372264	1205087374966
16	1205089124106	1205089127645
16	1205092258739	1205092260763
16	1205094971848	1205094974816
16	1205096287498	1205096289600
16	1205096567464	1205096568787
16	1205097229779	1205097233733
16	1205097242881	1205097244215
17	1205066911272	1205066913620
17	1205089125545	1205089127523
17	1205094971494	1205094973383
22	1205087078329	1205087081810
22	1205087238790	1205087240718
22	1205087307501	1205087312712
23	1205055770721	1205055772595
23	1205056192153	1205056195567
23	1205060879326	1205060881337
23	1205063636802	1205063639322
23	1205063914511	1205063917759
23	1205066035142	1205066037999
23	1205067672267	1205067675626
23	1205073655498	1205073657450
23	1205073797834	1205073803220
23	1205073820664	1205073824859
23	1205075910171	1205075914582
23	1205075928435	1205075931585
23	1205075932166	1205075935882
23	1205079251300	1205079256916
23	1205087057604	1205087059280
23	1205087237785	1205087239816
23	1205091389669	1205091391689
23	1205091505656	1205091506903
23	1205092259570	1205092261611
23	1205092265833	1205092269105
23	1205093267896	1205093271551
23	1205097331597	1205097334730
24	1205055769111	1205055771262
24	1205055811395	1205055813554
24	1205059260194	1205059262943
24	1205059493193	1205059495445
24	1205060519915	1205060523800
24	1205060878412	1205060881692
24	1205065781359	1205065784186
24	1205066911539	1205066914545
24	1205067673195	1205067675666
24	1205070591814	1205070594699
24	1205070697292	1205070701179
24	1205073656129	1205073659288
24	1205073704698	1205073707720
24	1205073799153	1205073800909
24	1205073814306	1205073817242
24	1205075662385	1205075665362
24	1205075727133	1205075729957
24	1205079259914	1205079261827
24	1205086973721	1205086975841
24	1205087057877	1205087060449
24	1205087263848	1205087266329
24	1205087267592	1205087269667
24	1205087373525	1205087376114
24	1205087376838	1205087378733
24	1205091390167	1205091393468
24	1205091504452	1205091507251
24	1205092260509	1205092264420
24	1205092264764	1205092267433
24	1205093269446	1205093271668
24	1205093754902	1205093757587
24	1205096288512	1205096291376
24	1205096564999	1205096569889
24	1205097231809	1205097234665
24	1205097238451	1205097242981
25	1205060520557	1205060524498
25	1205066913239	1205066916572
25	1205094548582	1205094550516
25	1205094834480	1205094836410
25	1205094842965	1205094850656
25	1205094967159	1205094972265
26	1205089128250	1205089131542
26	1205094822276	1205094827970
26	1205094833776	1205094836726
26	1205094837907	1205094840496
27	1205075930601	1205075932526
27	1205075934778	1205075937410
27	1205087091229	1205087093211
27	1205087286714	1205087290333
27	1205087306620	1205087310856
28	1205075915646	1205075922953
28	1205075936134	1205075938848
28	1205087091942	1205087094665
28	1205097335474	1205097337305
28	1205097340590	1205097344439
29	1205056190407	1205056192431
29	1205060877677	1205060879604
29	1205066033710	1205066035461
29	1205067670604	1205067672534
29	1205073796141	1205073798219
29	1205079245390	1205079248722
29	1205087092905	1205087095478
29	1205092261731	1205092263633
29	1205097342352	1205097344687
30	1205055768700	1205055769902
30	1205055812335	1205055815199
30	1205056189943	1205056193594
30	1205059261529	1205059264600
30	1205059492145	1205059494351
30	1205060877133	1205060879741
30	1205063638782	1205063641874
30	1205063912645	1205063916147
30	1205065782855	1205065785939
30	1205066033170	1205066036893
30	1205066912949	1205066916813
30	1205067669877	1205067675197
30	1205070592775	1205070596131
30	1205070696100	1205070700258
30	1205073657177	1205073660703
30	1205073706527	1205073709716
30	1205073795451	1205073800174
30	1205073815473	1205073821842
30	1205075663758	1205075667740
30	1205075667858	1205075669150
30	1205075669269	1205075671810
30	1205075672214	1205075678565
30	1205075726198	1205075729264
30	1205079244174	1205079248584
30	1205079259914	1205079262759
30	1205087055424	1205087057328
30	1205087093665	1205087096612
30	1205087236147	1205087239148
30	1205087265596	1205087268878
30	1205087374634	1205087378192
30	1205091391390	1205091394949
30	1205091503592	1205091505776
30	1205092262102	1205092266910
30	1205093269948	1205093273636
30	1205093753862	1205093757234
30	1205094965951	1205094967887
30	1205096289780	1205096293120
30	1205096563732	1205096567615
30	1205097233326	1205097239780
30	1205097332569	1205097335474
30	1205097336842	1205097340726
31	1205055762252	1205055764983
31	1205055765215	1205055770338
31	1205055813213	1205055815683
31	1205056184221	1205056185466
31	1205056187255	1205056191172
31	1205059262521	1205059273193
31	1205059490845	1205059493473
31	1205060531463	1205060533958
31	1205060875661	1205060878686
31	1205063639906	1205063645559
31	1205063910635	1205063913791
31	1205065783608	1205065789720
31	1205066031954	1205066034650
31	1205066914672	1205066919162
31	1205067668182	1205067673494
31	1205070593777	1205070599194
31	1205070694728	1205070697564
31	1205073658301	1205073663808
31	1205073707313	1205073710523
31	1205073793706	1205073798986
31	1205074704938	1205074707649
31	1205074718191	1205074723735
31	1205075677149	1205075682714
31	1205075723562	1205075728931
31	1205075936256	1205075941562
31	1205079047643	1205079054113
31	1205079238998	1205079242418
31	1205079263759	1205079269263
31	1205079681791	1205079683989
31	1205079694278	1205079698994
31	1205082259921	1205082262682
31	1205082281801	1205082289741
31	1205082300898	1205082303754
31	1205082310482	1205082313432
31	1205086968542	1205086971909
31	1205087054274	1205087056633
31	1205087094940	1205087099874
31	1205087234728	1205087237270
31	1205091392518	1205091395958
31	1205091502306	1205091504991
31	1205093271300	1205093276766
31	1205093750728	1205093756136
31	1205094848426	1205094852192
31	1205094964541	1205094967465
31	1205096290734	1205096296143
31	1205096562524	1205096564870
31	1205097335169	1205097337171
31	1205097344170	1205097346420
31	1205097347584	1205097350521
32	1205074705928	1205074708372
32	1205074718495	1205074720161
32	1205079050676	1205079055781
32	1205079238253	1205079240658
32	1205079260810	1205079267617
32	1205079682693	1205079685553
32	1205079694404	1205079696418
32	1205082261313	1205082264265
32	1205082281233	1205082283973
32	1205082301699	1205082304676
32	1205082310179	1205082313602
32	1205097235492	1205097239889
33	1205075933512	1205075936601
33	1205087079986	1205087083355
33	1205087090993	1205087092322
33	1205087287658	1205087290215
33	1205087305947	1205087307847
34	1205087080594	1205087083355
34	1205087089470	1205087091822
34	1205087288200	1205087290716
34	1205087304374	1205087306989
36	1205087080993	1205087082558
36	1205087089723	1205087091479
36	1205087288494	1205087290987
37	1205087298101	1205087305893
