1	1199359901833	1199359903888
1	1199359918536	1199359921958
1	1199360005770	1199360006937
2	1199358430572	1199358433267
2	1199359795626	1199359799332
2	1199359812795	1199359816830
2	1199359842504	1199359850977
2	1199359866606	1199359869413
2	1199359875861	1199359881117
2	1199360011737	1199360016355
2	1199360016777	1199360021156
2	1199360031758	1199360035941
2	1199360069267	1199360070547
2	1199360071443	1199360075142
2	1199360392736	1199360394531
2	1199360453595	1199360457234
2	1199360476249	1199360488545
2	1199360495192	1199360497354
2	1199360499337	1199360504567
2	1199360504886	1199360511813
2	1199360521758	1199360522213
2	1199360539213	1199360541355
2	1199360577386	1199360582831
2	1199360683352	1199360684657
2	1199360713511	1199360716706
2	1199360717203	1199360719363
2	1199360725639	1199360728284
2	1199361103838	1199361106320
2	1199361272305	1199361273746
2	1199361279285	1199361279406
2	1199362683755	1199362686402
2	1199364249363	1199364251297
2	1199364366780	1199364368521
2	1199366220748	1199366224692
2	1199374784576	0
3	1199360478296	1199360480242
7	1199339511320	1199339514261
7	1199352276624	1199352296242
7	1199352674573	1199352676826
7	1199352707606	1199352711566
7	1199352713869	1199352718616
7	1199353080313	1199353082897
7	1199354180575	1199354180786
7	1199354275884	1199354320626
7	1199354392801	1199354394887
7	1199354396318	1199354401674
7	1199354406151	1199354412639
7	1199355255749	1199355257324
7	1199355268511	1199355269298
7	1199356164994	1199356171859
7	1199356177598	1199356180104
7	1199356628623	1199356645544
7	1199356672289	1199356674285
7	1199356682628	1199356688133
7	1199356924720	1199356928955
7	1199357176497	1199357178152
7	1199357298233	1199357300471
7	1199357490312	1199357497253
7	1199357498170	1199357503911
7	1199357966622	1199357971692
7	1199358324103	1199358366255
7	1199358366787	1199358370756
7	1199358373184	1199358374457
7	1199358379738	1199358382295
7	1199358387784	1199358397735
7	1199358705317	1199358708644
7	1199358773351	1199358778655
7	1199359212635	1199359214420
7	1199359236800	1199359239218
7	1199359335466	1199359338486
7	1199359358533	1199359642408
7	1199359781804	1199359816395
7	1199359926622	1199359927776
7	1199360003860	1199360005102
7	1199360121182	1199360125296
7	1199360136651	1199360137926
7	1199360204133	1199360208503
7	1199360208881	1199360224971
7	1199360260682	1199360267627
7	1199360388241	1199360392112
7	1199360414208	1199360471810
7	1199360506141	1199360509357
7	1199360542506	1199360546328
7	1199360575360	1199360580559
7	1199360599720	1199360610708
7	1199360729788	1199360732314
7	1199360748748	1199361104446
7	1199362113694	1199362119655
7	1199362123415	1199362126118
7	1199362136608	1199362137999
7	1199363177279	1199363184943
7	1199364041459	1199364046794
7	1199364094701	1199364096718
7	1199364247531	1199364253145
7	1199365896345	1199365901545
7	1199365922247	1199365927676
7	1199366097552	1199366109663
7	1199366140164	1199366142300
7	1199366151754	1199366154417
7	1199366177408	1199366900284
7	1199366919795	1199366922392
7	1199367449386	1199367457562
7	1199367533182	1199367542531
7	1199368107221	1199368113122
7	1199368583773	1199368586133
7	1199369424330	1199369429594
7	1199370007731	1199370012647
7	1199370339778	1199370347680
7	1199370471421	1199370473992
7	1199370894355	1199370896131
7	1199371202926	1199371204973
7	1199371843758	1199371844317
7	1199372150862	1199372155701
7	1199372346517	1199372356939
7	1199372378865	1199372382466
7	1199373227816	1199373246708
7	1199373547984	1199373550567
7	1199373594657	1199373597316
7	1199373739385	1199373747654
7	1199373781699	1199373784315
7	1199373784563	1199373788266
7	1199373806313	1199373810409
7	1199373917586	1199373923815
7	1199373974577	1199373976709
7	1199374081633	1199374087603
7	1199374095492	1199374097849
7	1199374126418	1199374128963
7	1199374141361	1199374142890
7	1199374162254	1199374178710
7	1199374179974	1199374189591
7	1199374551610	1199374554726
7	1199374570531	1199374571862
7	1199376426707	1199376436349
7	1199376437492	1199376439907
7	1199376455278	1199376455280
7	1199376457954	1199376460905
7	1199376462827	1199376472278
8	1199339514789	1199339518246
8	1199352264413	1199352266391
8	1199358357874	1199358403241
8	1199358583589	1199358586290
8	1199358639168	1199358645581
8	1199358746776	1199358753623
8	1199359607981	1199359610282
8	1199359764988	1199359767300
8	1199359842760	1199359848572
8	1199360498191	1199360508997
8	1199360576875	1199360579430
8	1199360680286	1199360691681
8	1199360754161	1199361106585
8	1199361116537	1199361119318
8	1199361269644	1199361274872
8	1199362683300	1199362688810
8	1199362693204	1199364370140
8	1199366209123	1199366216552
8	1199366217779	1199366225933
8	1199369420646	1199369424899
8	1199375489925	1199375491201
9	1199352263600	1199352265586
9	1199352943699	1199352950808
9	1199353079757	1199353092891
9	1199353097654	1199353100609
9	1199353100812	1199353102972
9	1199353112252	1199353115820
9	1199353135644	1199353143661
9	1199353147972	1199353150459
9	1199353236756	1199353239170
9	1199353257465	1199353263136
9	1199353269105	1199353279665
9	1199353281306	1199353287440
9	1199353291738	1199353296510
9	1199353298221	1199353313548
9	1199353315394	1199353325360
9	1199353330610	1199353332343
9	1199353350443	1199353360167
9	1199353364673	1199353367312
9	1199353367927	1199353372373
9	1199353392150	1199353400277
9	1199353407928	1199353423722
9	1199353436145	1199353443607
9	1199353449544	1199353456239
9	1199353456563	1199353459279
9	1199353466600	1199353468992
9	1199353474112	1199353475402
9	1199353478203	1199353490924
9	1199353502261	1199353504179
9	1199353504667	1199353510146
9	1199353512938	1199353522834
9	1199353523786	1199353529874
9	1199353534617	1199353544737
9	1199353546776	1199353551759
9	1199353553300	1199353555768
9	1199353562904	1199353568614
9	1199353575845	1199353578349
9	1199353607300	1199353612547
9	1199353627103	1199353629708
9	1199353653544	1199353693253
9	1199353695988	1199353697422
9	1199353698503	1199353710516
9	1199353721538	1199353726905
9	1199353730376	1199353738549
9	1199353743624	1199353757241
9	1199353811329	1199353815817
9	1199353823585	1199353826475
9	1199353827155	1199353830907
9	1199353879371	1199353883694
9	1199353885414	1199353891620
9	1199353953550	1199353959529
9	1199353976530	1199353978252
9	1199353979819	1199353982108
9	1199353996410	1199354000889
9	1199354011250	1199354013235
9	1199354018282	1199354031354
9	1199354038432	1199354044582
9	1199354047965	1199354051814
9	1199354053715	1199354055700
9	1199354086348	1199354088443
9	1199354088672	1199354089943
9	1199354100907	1199354107254
9	1199354121730	1199354134715
9	1199358416331	1199358424631
9	1199358435187	1199358440460
9	1199358447598	1199358450501
9	1199358451468	1199358453891
9	1199358454702	1199358464614
9	1199358481631	1199358487709
9	1199358525866	1199358527827
9	1199358533145	1199358539735
9	1199358549528	1199358554807
9	1199358573174	1199358575863
9	1199358634540	1199358639396
9	1199358640337	1199358659925
9	1199358661944	1199358671329
9	1199358672693	1199358674710
9	1199358676102	1199358678392
9	1199358703327	1199358711329
9	1199358712999	1199358722344
9	1199358753960	1199358770568
9	1199358775970	1199358779929
9	1199358804636	1199358809468
9	1199358815538	1199358821578
9	1199358859698	1199358894678
9	1199358915669	1199358940645
9	1199358943248	1199358957585
9	1199358964429	1199358982733
9	1199358983370	1199358985565
9	1199359018546	1199359035224
9	1199359049904	1199359052448
9	1199359053980	1199359065473
9	1199359079309	1199359083699
9	1199359169973	1199359173934
9	1199359181988	1199359185693
9	1199359195606	1199359196720
9	1199359196991	1199359199481
9	1199359203880	1199359215371
9	1199359219706	1199359240250
9	1199359246552	1199359247414
9	1199359247790	1199359250576
9	1199359251108	1199359255296
9	1199359263570	1199359266382
9	1199359268216	1199359280589
9	1199359297703	1199359298291
9	1199359314523	1199359317282
9	1199359322553	1199359331618
9	1199359355375	1199359356970
9	1199359399612	1199359402277
9	1199359404869	1199359407338
9	1199359423673	1199359450584
9	1199359468418	1199359473305
9	1199359487478	1199359489635
9	1199359490237	1199359495187
9	1199359501571	1199359513121
9	1199359513492	1199359518659
9	1199359521339	1199359523497
9	1199359529273	1199359535581
9	1199359546241	1199359552602
9	1199359553930	1199359555564
9	1199359586562	1199359594353
9	1199359606432	1199359620577
9	1199359626159	1199359628977
9	1199359647166	1199359681632
9	1199359688577	1199359689658
9	1199359691308	1199359694450
9	1199359694711	1199359705637
9	1199359706730	1199359716369
9	1199359730299	1199359744969
9	1199359749752	1199359751913
9	1199359756543	1199360031994
9	1199360067219	1199360072978
9	1199360074123	1199360079812
9	1199360097248	1199360099503
9	1199360100272	1199360101527
9	1199360101906	1199360103946
9	1199360118238	1199360120166
9	1199360124912	1199360130562
9	1199360133327	1199360136398
9	1199360142909	1199360147847
9	1199360186296	1199360191261
9	1199360198569	1199360203623
9	1199360210501	1199360215736
9	1199360223823	1199360227263
9	1199360233647	1199360237212
9	1199360250436	1199360250683
9	1199360258772	1199360261715
9	1199360269387	1199360271946
9	1199360289579	1199360290941
9	1199360291513	1199360294102
9	1199360300646	1199360303307
9	1199360305670	1199360308182
9	1199360309553	1199360320266
9	1199360334622	1199360337254
9	1199360358156	1199360359424
9	1199360371616	1199360373790
9	1199360377975	1199360379376
9	1199360385642	1199360386399
9	1199360402600	1199360409111
9	1199360409362	1199360419653
9	1199360431917	1199360436533
9	1199360437206	1199360439245
9	1199361102382	1199361104179
9	1199363556896	1199363559467
9	1199363598652	1199363600696
9	1199363686337	1199363688589
9	1199363873324	1199363875554
9	1199364065961	1199364074602
9	1199364104146	1199364108751
9	1199364193735	1199364194261
9	1199364383420	1199364387997
9	1199364504395	1199364507650
9	1199364520513	1199364527370
9	1199364720840	1199364728191
9	1199364772344	1199364774512
9	1199364849316	1199364856531
9	1199365094544	1199365097294
9	1199365121100	1199365128571
9	1199365507553	1199365512425
9	1199365522342	1199365525491
9	1199365632254	1199365638544
9	1199365682892	1199365689585
9	1199365715888	1199365724523
9	1199365740983	1199365743325
9	1199365774608	1199365777520
9	1199365868455	1199365876515
9	1199365981306	1199365983620
9	1199366040574	1199366046629
9	1199366274458	1199366278450
9	1199366679589	1199366696411
9	1199369219394	1199369422186
11	1199359984890	1199359989137
11	1199374437682	0
12	1199339446499	1199339451204
12	1199339532464	1199339534150
12	1199339546882	1199339549470
13	1199339530420	1199339532653
14	1199352945742	1199352949227
14	1199352977362	1199352981656
14	1199353071120	1199353080738
14	1199354272909	1199354274720
14	1199354283352	1199354287847
14	1199356768956	1199356772182
14	1199360022319	1199360458264
14	1199366205688	1199366699691
14	1199366709548	1199366713193
14	1199366721105	1199366727393
14	1199366773130	1199366777972
14	1199366778213	1199366784139
14	1199366784629	1199366789355
14	1199366799971	1199366802395
14	1199366865452	1199366868122
14	1199367101384	1199367107623
14	1199367111926	1199367117531
14	1199367511308	1199367513339
14	1199367514723	1199367519460
14	1199371949502	1199371952902
14	1199372033303	1199372057799
14	1199372088867	1199372092460
14	1199374380125	1199374383420
14	1199374385684	1199374386452
15	1199339502545	1199339509584
15	1199339517197	1199339519189
15	1199352262492	1199352264362
15	1199352927931	1199352932671
15	1199352934774	1199352939939
15	1199352946413	1199352948349
15	1199352956659	1199352959969
15	1199352960458	1199352961705
15	1199352966402	1199352968320
15	1199352969730	1199352973697
15	1199352976842	1199352980384
15	1199352997713	1199353011889
15	1199354131296	1199354135494
15	1199354141607	1199354146605
15	1199354202897	1199354207275
15	1199354268684	1199354282587
15	1199354284386	1199354289331
15	1199356730618	1199356736313
15	1199356768214	1199356773644
15	1199356801843	1199356805746
15	1199358356641	1199358362701
15	1199360001806	1199360003504
15	1199360021736	1199360028638
15	1199360453955	1199360459370
15	1199360470604	1199360473545
15	1199360478416	1199360480494
15	1199360759711	1199360763602
15	1199362681263	1199362684523
15	1199362956364	1199362959762
15	1199363031372	1199363037820
15	1199363075339	1199363083801
15	1199363105568	1199363111886
15	1199363122634	1199363126455
15	1199363160105	1199363164403
15	1199364250801	1199364253404
15	1199364364770	1199364367339
15	1199366182689	1199366186215
15	1199366205879	1199366207806
15	1199366692706	1199366695292
15	1199366748235	1199366750267
15	1199366777636	1199366778836
15	1199366811690	1199366812594
15	1199366818218	1199366821718
15	1199366889137	1199366891434
15	1199366891811	1199366896595
15	1199367104496	1199367110294
15	1199367110790	1199367112164
15	1199369220418	1199369225703
15	1199369419159	1199369420411
15	1199372020260	1199372023748
15	1199372031692	1199372035252
15	1199372050374	1199372058668
15	1199372081594	1199372082570
15	1199372088496	1199372092673
15	1199374785986	1199374788961
15	1199376484631	1199376487927
16	1199339521527	1199339526675
16	1199356732919	1199356734141
16	1199359984249	1199359986433
16	1199359987990	1199359994659
16	1199361100585	1199361102698
16	1199362935709	1199362938266
16	1199362940287	1199362947291
16	1199362947608	1199362953309
16	1199362953813	1199362957475
16	1199363032508	1199363057364
16	1199363071807	1199363074667
16	1199369418898	1199369420652
16	1199374260652	1199374264387
16	1199374411322	1199374413313
16	1199374427625	1199374430398
16	1199374499468	1199374507809
16	1199374785466	1199374788616
16	1199376485216	1199376486958
17	1199339533813	1199339538789
17	1199359987722	1199359989507
17	1199362953376	1199362955747
17	1199374387683	1199374399155
17	1199374403218	1199374405898
17	1199374410561	1199374413722
17	1199374436806	1199374444600
17	1199374472347	1199374478643
17	1199374504985	1199374507568
18	1199339537493	1199339543645
18	1199346506372	1199346513563
18	1199346517547	1199346520607
19	1199354611132	1199354613556
19	1199359895242	1199359899297
19	1199362960911	1199362974596
19	1199365055446	1199365060601
19	1199377189531	1199377194162
19	1199380214998	1199380224585
19	1199380230522	1199380234829
19	1199380251803	1199380261287
19	1199380292758	1199380304972
19	1199380363295	1199380365237
19	1199382394719	1199382400717
19	1199384274265	1199384279258
20	1199339496375	1199339502321
20	1199343470558	1199343472386
20	1199352924341	1199352928337
20	1199354299670	1199354306442
20	1199354605589	1199354608300
20	1199354608626	1199354615947
20	1199354626891	1199354648304
20	1199354648413	1199354656561
20	1199354658275	1199354666600
20	1199354682704	1199354685150
20	1199355089962	1199355098553
20	1199355178987	1199355183645
20	1199355999563	1199356003715
20	1199356008224	1199356016576
20	1199356294453	1199356295621
20	1199356297493	1199356299998
20	1199356305511	1199356307238
20	1199356326339	1199356329673
20	1199356331997	1199356334638
20	1199356351317	1199356356597
20	1199356407566	1199356409317
20	1199356413559	1199356419716
20	1199356426308	1199356430153
20	1199356535691	1199356536957
20	1199356567182	1199356571262
20	1199356630257	1199356634225
20	1199356681951	1199356684303
20	1199356700522	1199356719444
20	1199356766253	1199356775755
20	1199356781573	1199356783304
20	1199356790994	1199356800253
20	1199356802749	1199356806289
20	1199356806519	1199356810813
20	1199356822792	1199356832632
20	1199356834227	1199356837551
20	1199356858332	1199356860732
20	1199356866594	1199356866949
20	1199356870492	1199356875811
20	1199356878140	1199356885297
20	1199356903289	1199356917556
20	1199357019661	1199357023263
20	1199357039725	1199357056595
20	1199357064811	1199357070692
20	1199357151108	1199357155885
20	1199357157351	1199357158813
20	1199357223585	1199357225234
20	1199357226680	1199357228895
20	1199357229127	1199357234514
20	1199357257762	1199357260255
20	1199357263146	1199357265754
20	1199357268672	1199357274523
20	1199357330683	1199357333288
20	1199357393621	1199357399118
20	1199357435482	1199357437971
20	1199357483503	1199357485910
20	1199357563550	1199357565448
20	1199357567985	1199357572297
20	1199357694119	1199357701797
20	1199357707920	1199357710164
20	1199357716537	1199357718672
20	1199358074914	1199358079952
20	1199358090593	1199358094442
20	1199358127286	1199358130299
20	1199358141515	1199358148776
20	1199358181554	1199358184214
20	1199358198766	1199358202928
20	1199358243543	1199358246300
20	1199358247357	1199358250141
20	1199358252700	1199358255178
20	1199358297343	1199358299774
20	1199358328756	1199358331325
20	1199358380379	1199358382828
20	1199358389507	1199358392126
20	1199358396895	1199358399350
20	1199358401717	1199358413631
20	1199358600580	1199358600924
20	1199358629291	1199358657970
20	1199358694389	1199358696676
20	1199358702601	1199358706980
20	1199358730334	1199358736637
20	1199359655358	1199359657471
20	1199359773585	1199359782754
20	1199359892719	1199359902221
20	1199359904520	1199359913989
20	1199360003226	1199360019290
20	1199360539844	1199360545820
20	1199360548370	1199360555604
20	1199360555868	1199360558350
20	1199360589776	1199360592267
20	1199360623544	1199360623805
20	1199360628902	1199360632558
20	1199360640691	1199360641540
20	1199360747469	1199360747894
20	1199360762384	1199360763554
20	1199360776615	1199360779342
20	1199360800884	1199360802172
20	1199360802417	1199360804708
20	1199360870569	1199360878669
20	1199360886428	1199360890133
20	1199360913194	1199360915937
20	1199360949248	1199360949654
20	1199361005785	1199361008729
20	1199361014609	1199361015778
20	1199361043616	1199361051270
20	1199361139624	1199361140926
20	1199361141174	1199361143333
20	1199361173696	1199361175832
20	1199361201560	1199361204330
20	1199361221277	1199361224600
20	1199361375962	1199361379689
20	1199361391870	1199361394406
20	1199361448575	1199361458442
20	1199361463842	1199361467384
20	1199361476279	1199361481758
20	1199361493382	1199361495677
20	1199361753518	1199361757110
20	1199361765656	1199361768228
20	1199361771805	1199361773206
20	1199361779659	1199361780447
20	1199361790404	1199361796590
20	1199361837758	1199361840312
20	1199361847663	1199361850745
20	1199361875287	1199361882963
20	1199361884294	1199361889393
20	1199362001511	1199362005531
20	1199362020270	1199362021918
20	1199362052441	1199362057230
20	1199362102559	1199362103190
20	1199362195807	1199362200951
20	1199362213741	1199362225442
20	1199362352433	1199362358772
20	1199362381515	1199362383607
20	1199362383990	1199362386544
20	1199362396253	1199362401415
20	1199362567989	1199362570573
20	1199362573373	1199362578776
20	1199362606483	1199362612553
20	1199362621936	1199362624216
20	1199362680556	1199362681307
20	1199362867669	1199362884585
20	1199362885745	1199362904345
20	1199362956894	1199362972301
20	1199363020653	1199363024652
20	1199363047355	1199363054653
20	1199363058403	1199363067138
20	1199363079561	1199363093534
20	1199363096583	1199363114420
20	1199363116581	1199363131808
20	1199363139560	1199363140720
20	1199363144938	1199363146749
20	1199363152100	1199363173632
20	1199363200949	1199363207663
20	1199363213558	1199363216234
20	1199363216954	1199363224575
20	1199363246866	1199363252969
20	1199363260663	1199363264502
20	1199363286399	1199363299183
20	1199363300314	1199363318892
20	1199363333467	1199363338207
20	1199363338459	1199363343627
20	1199363349571	1199363350822
20	1199363351803	1199363366772
20	1199363382174	1199363384864
20	1199363388854	1199363398541
20	1199363403266	1199363415670
20	1199363445601	1199363446899
20	1199363462640	1199363466772
20	1199363467243	1199363471121
20	1199363479615	1199363483776
20	1199363490205	1199363496581
20	1199363499260	1199363500923
20	1199363501923	1199363503179
20	1199363508684	1199363516359
20	1199363522202	1199363535315
20	1199363556265	1199363564519
20	1199363567242	1199363570669
20	1199363584373	1199363587948
20	1199363591116	1199363593900
20	1199363602974	1199363605139
20	1199363644225	1199363649627
20	1199363666623	1199363670790
20	1199363692386	1199363700587
20	1199363705192	1199363708635
20	1199363726631	1199363729562
20	1199363751654	1199363758607
20	1199363761191	1199363762342
20	1199363763695	1199363768536
20	1199363785634	1199363786385
20	1199363790785	1199363792954
20	1199363819603	1199363824465
20	1199363824722	1199363827926
20	1199363837176	1199363842205
20	1199363844356	1199363856596
20	1199363879388	1199363881731
20	1199363881988	1199363887701
20	1199363889182	1199363897321
20	1199363939370	1199363957642
20	1199363966964	1199363972646
20	1199364210614	1199364211501
20	1199364244554	1199364247290
20	1199364281367	1199364284547
20	1199364336657	1199364338797
20	1199364381837	1199364384310
20	1199364473294	1199364475468
20	1199364542358	1199364544654
20	1199364571908	1199364576482
20	1199364655326	1199364678786
20	1199364686683	1199364691679
20	1199364743421	1199364745607
20	1199364868307	1199364880721
20	1199364881345	1199364884167
20	1199364890544	1199364893328
20	1199364896282	1199364898848
20	1199364942868	1199364945739
20	1199364992694	1199364996878
20	1199365026663	1199365028771
20	1199365029445	1199365030342
20	1199365033288	1199365035324
20	1199365051269	1199365054573
20	1199365077567	1199365086702
20	1199365098565	1199365100871
20	1199365106741	1199365111779
20	1199365123679	1199365129571
20	1199365131283	1199365132949
20	1199365145746	1199365150153
20	1199365162568	1199365165322
20	1199365169152	1199365171575
20	1199365174649	1199365182366
20	1199365197719	1199365200231
20	1199365204676	1199365206836
20	1199365241925	1199365251163
20	1199365270574	1199365274511
20	1199365288269	1199365292228
20	1199365298650	1199365301533
20	1199365318281	1199365320227
20	1199365320829	1199365323487
20	1199365333249	1199365349666
20	1199365350274	1199365353162
20	1199365373111	1199365408523
20	1199365471309	1199365485677
20	1199365491557	1199365495527
20	1199365509231	1199365519670
20	1199365525985	1199365544720
20	1199365553591	1199365554677
20	1199365563305	1199365571404
20	1199365587686	1199365588971
20	1199365590576	1199365598424
20	1199365621620	1199365639940
20	1199365641318	1199365644867
20	1199365656195	1199365706573
20	1199365723745	1199365733337
20	1199365740669	1199365757628
20	1199365769970	1199365794377
20	1199365814711	1199365825568
20	1199365832269	1199365834686
20	1199365835572	1199365843170
20	1199365854780	1199365859695
20	1199365867996	1199365879347
20	1199365885364	1199365893637
20	1199365898640	1199365901175
20	1199365910657	1199365911553
20	1199365913320	1199365937868
20	1199365981582	1199365983874
20	1199366000362	1199366002842
20	1199366004429	1199366013581
20	1199366019906	1199366022194
20	1199366051582	1199366053627
20	1199366053880	1199366056308
20	1199366073362	1199366083370
20	1199366100336	1199366106808
20	1199366106984	1199366114566
20	1199366117679	1199366120106
20	1199366132594	1199366134398
20	1199366189304	1199366202315
20	1199366217164	1199366243619
20	1199366260505	1199366267628
20	1199366273138	1199366278147
20	1199366409504	1199366413378
20	1199366431993	1199366437610
20	1199366438107	1199366440344
20	1199366546579	1199366549571
20	1199366682474	1199366700183
20	1199366730691	1199366738965
20	1199366749437	1199366754346
20	1199366754948	1199366760649
20	1199366781499	1199366788909
20	1199366814367	1199366823449
20	1199366831360	1199366838952
20	1199366848382	1199366862551
20	1199366900776	1199366906129
20	1199366907889	1199366913522
20	1199366942853	1199366957447
20	1199366984278	1199366986314
20	1199366998610	1199367002246
20	1199367003913	1199367006234
20	1199367007252	1199367011889
20	1199367024979	1199367039678
20	1199367044485	1199367069379
20	1199367083606	1199367105161
20	1199367105872	1199367127310
20	1199367128710	1199367152738
20	1199367160602	1199367171299
20	1199367178577	1199367186114
20	1199367186984	1199367202569
20	1199367206257	1199367210991
20	1199367226680	1199367236672
20	1199367248837	1199367256587
20	1199367270596	1199367282966
20	1199367297110	1199367328470
20	1199367342387	1199367392352
20	1199367417578	1199367423663
20	1199367469913	1199367479255
20	1199367628311	1199367631877
20	1199367737552	1199367751149
20	1199367752943	1199367754217
20	1199367754597	1199367766357
20	1199367887356	1199367893527
20	1199367953313	1199367956119
20	1199368030322	1199368035660
20	1199368073284	1199368076292
20	1199368103599	1199368106304
20	1199368106560	1199368108453
20	1199368199908	1199368205726
20	1199368341687	1199368343379
20	1199368346550	1199368351528
20	1199368369829	1199368375645
20	1199368383272	1199368384427
20	1199368596656	1199368599357
20	1199368601535	1199368603535
20	1199368647657	1199368648150
20	1199368652199	1199368654326
20	1199368684259	1199368687824
20	1199368691144	1199368698600
20	1199368776826	1199368783815
20	1199369179970	1199369182164
20	1199369310596	1199369311599
20	1199369440840	1199369446656
20	1199369599659	1199369604500
20	1199369605195	1199369607623
20	1199369633595	1199369634735
20	1199369636323	1199369637454
20	1199369701715	1199369702216
20	1199369702464	1199369704362
20	1199369709729	1199369712158
20	1199369713554	1199369718562
20	1199369719856	1199369722105
20	1199369769562	1199369772269
20	1199369840287	1199369845264
20	1199369892488	1199369894320
20	1199369901631	1199369905665
20	1199369912118	1199369914406
20	1199370041763	1199370044300
20	1199370096389	1199370098189
20	1199370104291	1199370109537
20	1199370112285	1199370116741
20	1199370121462	1199370129269
20	1199370372765	1199370375701
20	1199370389197	1199370392875
20	1199370401686	1199370404119
20	1199370405940	1199370408244
20	1199370453527	1199370455943
20	1199370492292	1199370495800
20	1199370539579	1199370542812
20	1199370552200	1199370554745
20	1199370588306	1199370590723
20	1199370605274	1199370608345
20	1199370722654	1199370727482
20	1199370740141	1199370742519
20	1199370755647	1199370756994
20	1199370772577	1199370775339
20	1199370777514	1199370780394
20	1199370780882	1199370782123
20	1199370789578	1199370790299
20	1199370792291	1199370793692
20	1199370857555	1199370857947
20	1199370862211	1199370863475
20	1199370900117	1199370908535
20	1199370929709	1199370931996
20	1199370937462	1199370937852
20	1199370996263	1199370997143
20	1199371020789	1199371027637
20	1199371078585	1199371083391
20	1199371085563	1199371088111
20	1199371096120	1199371098559
20	1199371115367	1199371117666
20	1199371203199	1199371206997
20	1199371232265	1199371234462
20	1199371235806	1199371239576
20	1199371265602	1199371266634
20	1199371270637	1199371271799
20	1199371277257	1199371282686
20	1199371285983	1199371290348
20	1199371299638	1199371302264
20	1199371302664	1199371305472
20	1199371351338	1199371353310
20	1199371394478	1199371395927
20	1199371412523	1199371418582
20	1199371445274	1199371447513
20	1199371520630	1199371523259
20	1199371554599	1199371555359
20	1199371642331	1199371644906
20	1199371656529	1199371657171
20	1199371696384	1199371701332
20	1199371707663	1199371708602
20	1199371830224	1199371832484
20	1199371832737	1199371834904
20	1199371897273	1199371901273
20	1199371928611	1199371929358
20	1199371935257	1199371939158
20	1199371946134	1199371948713
20	1199371950213	1199371954421
20	1199372013593	1199372021170
20	1199372116620	1199372126138
20	1199372132655	1199372137629
20	1199372156340	1199372158861
20	1199372183657	1199372184317
20	1199372203625	1199372205120
20	1199372229277	1199372234550
20	1199372245438	1199372251632
20	1199372291911	1199372294351
20	1199372322287	1199372326640
20	1199372329647	1199372336608
20	1199372346141	1199372348354
20	1199372353747	1199372356347
20	1199372358712	1199372362890
20	1199372373339	1199372377748
20	1199372388200	1199372390802
20	1199372394772	1199372397221
20	1199372478264	1199372480567
20	1199372484919	1199372489528
20	1199372512141	1199372516614
20	1199372541730	1199372548105
20	1199372551546	1199372557580
20	1199372560282	1199372564385
20	1199372597975	1199372600434
20	1199372637354	1199372645274
20	1199372651154	1199372653714
20	1199372654346	1199372659642
20	1199372662362	1199372665672
20	1199372686325	1199372688982
20	1199372693614	1199372696336
20	1199372717443	1199372719492
20	1199372999612	1199373000840
20	1199373101527	1199373102933
20	1199373367884	1199373373664
20	1199373380147	1199373382574
20	1199373383342	1199373385635
20	1199373407547	1199373409556
20	1199373442822	1199373444918
20	1199373451157	1199373453830
20	1199373475588	1199373476194
20	1199373478321	1199373482650
20	1199373484865	1199373486157
20	1199373512251	1199373516473
20	1199373526605	1199373529361
20	1199373673664	1199373679743
20	1199373691640	1199373696609
20	1199373840348	1199373841628
20	1199373845609	1199373849660
20	1199373852269	1199373853940
20	1199373855460	1199373857884
20	1199373858645	1199373866578
20	1199373943934	1199373946235
20	1199373990583	1199373993151
20	1199373996967	1199374002622
20	1199374065577	1199374073658
20	1199374295721	1199374311395
20	1199374353505	1199374359604
20	1199374524889	1199374529927
20	1199374617376	1199374622495
20	1199374708536	1199374710864
20	1199374790584	1199374792977
20	1199374904292	1199374906401
20	1199374947979	1199374954658
20	1199374976435	1199374979987
20	1199374982224	1199374988560
20	1199375000502	1199375005646
20	1199375092959	1199375098735
20	1199375107593	1199375107856
20	1199375130621	1199375134316
20	1199375354439	1199375356751
20	1199375450573	1199375453132
20	1199375453397	1199375455769
20	1199375464966	1199375471905
20	1199375475792	1199375481598
20	1199375490956	1199375498894
20	1199375506664	1199375509215
20	1199375603602	1199375606164
20	1199375872565	1199375872951
20	1199375876748	1199375878474
20	1199375909667	1199375916208
20	1199375991792	1199375992486
20	1199376026671	1199376031365
20	1199376031610	1199376032878
20	1199376229573	1199376232359
20	1199376351343	1199376353394
20	1199376407655	1199376408921
20	1199376444986	1199376450650
20	1199376521765	1199376523861
20	1199376691375	1199376695303
20	1199376705614	1199376706631
20	1199376863528	1199376868327
20	1199377191971	1199377193771
20	1199377215676	1199377219194
20	1199377258968	1199377261261
20	1199377318543	1199377321303
20	1199377419588	1199377422273
20	1199377745317	1199377747379
20	1199378167664	1199378168637
20	1199378269696	1199378272345
20	1199378292874	1199378295843
20	1199378374391	1199378375878
20	1199378448856	1199378451498
20	1199378474611	1199378476335
20	1199378565238	1199378569859
20	1199378575691	1199378576495
20	1199378874709	1199378881748
20	1199378938186	1199378941755
20	1199379072980	1199379075775
20	1199379289640	1199379293203
20	1199379768890	1199379771741
20	1199380008287	1199380012377
20	1199380038363	1199380042899
20	1199380105646	1199380108296
20	1199380145117	1199380150996
20	1199380302788	1199380309578
20	1199380310586	1199380312685
20	1199380314357	1199380317147
20	1199380321907	1199380326626
20	1199380378935	1199380381493
20	1199380434440	1199380437385
20	1199380453949	1199380462542
20	1199380466481	1199380470565
20	1199380479612	1199380484310
20	1199380499469	1199380500809
20	1199380649538	1199380652302
20	1199381454430	1199381456880
20	1199381612333	1199381613873
20	1199382291927	1199382298606
20	1199382391446	1199382406507
20	1199382417634	1199382418546
20	1199382425371	1199382427170
20	1199382452606	1199382455499
20	1199382523461	1199382526104
20	1199382712437	1199382715913
20	1199382743343	1199382745111
20	1199383047996	1199383050292
20	1199383175568	1199383177760
20	1199383278885	1199383284600
20	1199383478691	1199383482931
20	1199383866927	1199383868797
20	1199383871989	1199383874422
20	1199384222946	1199384229222
20	1199384230228	1199384247788
20	1199384261411	1199384263723
20	1199384271985	1199384288232
20	1199384290507	1199384307265
20	1199384308330	1199384311349
20	1199384311590	1199384313989
20	1199384321527	1199384322787
21	1199339494268	1199339497543
21	1199339499512	1199339504416
21	1199352917548	1199352922606
21	1199352925252	1199352928593
21	1199354277162	1199354284718
21	1199354304163	1199354308598
21	1199354597688	1199354607877
21	1199354663272	1199354677551
21	1199355088605	1199355092754
21	1199356705481	1199356717757
21	1199356764637	1199356769893
21	1199356886472	1199356892928
21	1199356894112	1199356917776
21	1199356923321	1199356924288
21	1199356926967	1199356929817
21	1199356936248	1199356939903
21	1199356942102	1199356958334
21	1199356961482	1199356968540
21	1199356972133	1199356977304
21	1199356978762	1199356985510
21	1199357030522	1199357036557
21	1199357039308	1199357043917
21	1199357949925	1199357964662
21	1199358010536	1199358013103
21	1199358402980	1199358407827
21	1199358467583	1199358469734
21	1199358536382	1199358543152
21	1199358550535	1199358558247
21	1199358629793	1199358640417
21	1199358642742	1199358646601
21	1199358651641	1199358656877
21	1199358669727	1199358672205
21	1199358794935	1199358809107
21	1199358810803	1199358811334
21	1199358824530	1199358827337
21	1199358977301	1199358982480
21	1199358995294	1199358999956
21	1199359014849	1199359016105
21	1199359031664	1199359034848
21	1199359053339	1199359066454
21	1199359071479	1199359076542
21	1199359084955	1199359087117
21	1199359087750	1199359098909
21	1199359102655	1199359105308
21	1199359229544	1199359235152
21	1199359249399	1199359254662
21	1199359270646	1199359273661
21	1199359289674	1199359291948
21	1199359303141	1199359305826
21	1199359352894	1199359357550
21	1199359402569	1199359405944
21	1199359470337	1199359471271
21	1199359504339	1199359509170
21	1199359526592	1199359527871
21	1199359561701	1199359569624
21	1199359572365	1199359575163
21	1199359607692	1199359613155
21	1199359624135	1199359625415
21	1199359645798	1199359648856
21	1199359666568	1199359671623
21	1199359677798	1199359682492
21	1199359682809	1199359696821
21	1199359708320	1199359712162
21	1199359742265	1199359745256
21	1199359768307	1199359785428
21	1199359886509	1199359897928
21	1199359909658	1199359913744
21	1199360002594	1199360006150
21	1199360015785	1199360488803
21	1199360525234	1199360528678
21	1199360538577	1199360543264
21	1199361802802	1199361807515
21	1199362909945	1199362958867
21	1199363008825	1199363011329
21	1199363028198	1199363049722
21	1199363261417	1199363263993
21	1199363295349	1199363297527
21	1199363299559	1199363303357
21	1199363303974	1199363318517
21	1199363350513	1199363364481
21	1199363377631	1199363387402
21	1199363388102	1199363398285
21	1199363400459	1199363402884
21	1199363403649	1199363414342
21	1199363445848	1199363448321
21	1199363449338	1199363451378
21	1199363507707	1199363507905
21	1199363520561	1199363547545
21	1199363550362	1199363550763
21	1199363551160	1199363554132
21	1199363555266	1199363556590
21	1199363558590	1199363571285
21	1199363590356	1199363592635
21	1199363601436	1199363603227
21	1199363725599	1199363739258
21	1199363891484	1199363941996
21	1199363951827	1199363958452
21	1199363996328	1199363998879
21	1199364012561	1199364015263
21	1199364015515	1199364023617
21	1199364035972	1199364040589
21	1199364049842	1199364051986
21	1199364078117	1199364081561
21	1199364091588	1199364094305
21	1199364109133	1199364111620
21	1199364119927	1199364134459
21	1199364134728	1199364137199
21	1199364159581	1199364164999
21	1199364169849	1199364176609
21	1199364182278	1199364183545
21	1199364194886	1199364198550
21	1199364233365	1199364236195
21	1199364237635	1199364239243
21	1199364239538	1199364251658
21	1199364252154	1199364270250
21	1199364278592	1199364278843
21	1199364282992	1199364287486
21	1199364295595	1199364299639
21	1199364300983	1199364304194
21	1199364312613	1199364317508
21	1199364336411	1199364337673
21	1199364337918	1199364346601
21	1199364354752	1199364357216
21	1199364380580	1199364388765
21	1199364391557	1199364403148
21	1199364409427	1199364414551
21	1199364424374	1199364435339
21	1199364451319	1199364452447
21	1199364454955	1199364456143
21	1199364459583	1199364465585
21	1199364468329	1199364469718
21	1199364473471	1199364483556
21	1199364499779	1199364503725
21	1199364519362	1199364523689
21	1199364523929	1199364525193
21	1199364527737	1199364533640
21	1199364537272	1199364541607
21	1199364567615	1199364570290
21	1199364571922	1199364578482
21	1199364579504	1199364587259
21	1199364604388	1199364608986
21	1199364618610	1199364621618
21	1199364643809	1199364646700
21	1199364653748	1199364659431
21	1199364763116	1199364781583
21	1199364805704	1199364811341
21	1199364823878	1199364827309
21	1199364867817	1199364873756
21	1199365077934	1199365082504
21	1199365289144	1199365292986
21	1199365350530	1199365352767
21	1199365379303	1199365383679
21	1199365384706	1199365388103
21	1199365388919	1199365391437
21	1199365392264	1199365394311
21	1199365395324	1199365400598
21	1199365403324	1199365405964
21	1199365491187	1199365495282
21	1199365524834	1199365541518
21	1199365563378	1199365573269
21	1199365591789	1199365596247
21	1199365628304	1199365639559
21	1199365655799	1199365660666
21	1199365663603	1199365665286
21	1199365777266	1199365782389
21	1199365792580	1199365794870
21	1199365815966	1199365819558
21	1199365835301	1199365842597
21	1199365845919	1199365847239
21	1199365847623	1199365850502
21	1199365855338	1199365860377
21	1199365867660	1199365877255
21	1199365900672	1199365903199
21	1199365915863	1199365930379
21	1199365964706	1199365966866
21	1199365981834	1199365989498
21	1199366000650	1199366003274
21	1199366003564	1199366012583
21	1199366191601	1199366200151
21	1199366219360	1199366221491
21	1199366225693	1199366228761
21	1199366234605	1199366237258
21	1199366258730	1199366260906
21	1199366261924	1199366275778
21	1199366352993	1199366355336
21	1199366355976	1199366358768
21	1199366500747	1199366505620
21	1199366533310	1199366539653
21	1199366548472	1199366550640
21	1199366583389	1199366585957
21	1199366684895	1199366693331
21	1199366695787	1199366698435
21	1199366749307	1199366753461
21	1199366766412	1199366768821
21	1199366833599	1199366838569
21	1199366947792	1199366958309
21	1199367008658	1199367015740
21	1199367025271	1199367036141
21	1199367040684	1199367042697
21	1199367049593	1199367084788
21	1199367106108	1199367126813
21	1199367134630	1199367138368
21	1199367139698	1199367151681
21	1199367160499	1199367169816
21	1199367228889	1199367273359
21	1199367273863	1199367276549
21	1199367298819	1199367321526
21	1199367322412	1199367327949
21	1199367342769	1199367347508
21	1199367348394	1199367390767
21	1199367618590	1199367620891
21	1199367736545	1199367741232
21	1199371303200	1199371307602
21	1199371829543	1199371831976
21	1199371950838	1199371956463
21	1199372016552	1199372017816
21	1199372031440	1199372033556
21	1199372123801	1199372127519
21	1199374294384	1199374298652
21	1199374638456	1199374640891
21	1199374656278	1199374665620
21	1199375065104	1199375073580
21	1199375318985	1199375323655
21	1199375345588	1199375349236
21	1199375396517	1199375398355
21	1199375467437	1199375472778
21	1199375501527	1199375506283
21	1199375515815	1199375520969
21	1199375527385	1199375532628
21	1199375544345	1199375549585
21	1199375689460	1199375696144
21	1199375754626	1199375758520
21	1199375776461	1199375778758
21	1199375793389	1199375799963
21	1199375838550	1199375839851
21	1199375859552	1199375864540
21	1199375975287	1199375978962
21	1199375987136	1199375994276
21	1199376018750	1199376025535
21	1199376076526	1199376084114
21	1199376105661	1199376115150
21	1199376156131	1199376164890
21	1199376202733	1199376207412
21	1199376249373	1199376250803
21	1199376266309	1199376274138
21	1199376297642	1199376303182
21	1199376348611	1199376355442
21	1199376402287	1199376406929
21	1199376408524	1199376416544
21	1199376420812	1199376424493
21	1199376453252	1199376454523
21	1199376467622	1199376471193
21	1199376475805	1199376493536
21	1199376505406	1199376510373
21	1199376552621	1199376557403
21	1199376569560	1199376572292
21	1199376586616	1199376590135
21	1199376614684	1199376620598
21	1199376637611	1199376640889
21	1199376655737	1199376657345
21	1199376658113	1199376659386
21	1199376659764	1199376662833
21	1199376700116	1199376710289
21	1199376764528	1199376773617
21	1199376790587	1199376799773
21	1199376824619	1199376828370
21	1199376846872	1199376848137
21	1199376866103	1199376875666
21	1199376878385	1199376884211
21	1199376985836	1199376994651
21	1199377045674	1199377053945
21	1199377087240	1199377105162
21	1199377105658	1199377107809
21	1199377130616	1199377136840
21	1199377156667	1199377164591
21	1199377185954	1199377198657
21	1199377203212	1199377205667
21	1199377218386	1199377220939
21	1199377221806	1199377225413
21	1199377226316	1199377227537
21	1199377255653	1199377258214
21	1199377327193	1199377329358
21	1199377385583	1199377386746
21	1199377388334	1199377390105
21	1199377406857	1199377412616
21	1199377459340	1199377463325
21	1199377990997	1199377997534
21	1199378017268	1199378022499
21	1199378083214	1199378087641
21	1199378095104	1199378100969
21	1199378381681	1199378388578
21	1199378525351	1199378527335
21	1199378796592	1199378797231
21	1199378842493	1199378847671
21	1199378936650	1199378938931
21	1199378983583	1199378986992
21	1199378988998	1199378991553
21	1199379071314	1199379074262
21	1199379136610	1199379137609
21	1199379140472	1199379142752
21	1199379194631	1199379199526
21	1199379204516	1199379204753
21	1199379250429	1199379255607
21	1199379258274	1199379259754
21	1199379986601	1199379987137
21	1199380006273	1199380007488
21	1199380037612	1199380038116
21	1199380060688	1199380064522
21	1199380112493	1199380117548
21	1199380199816	1199380202884
21	1199380214275	1199380218610
21	1199380380334	1199380384667
21	1199380385547	1199380394715
21	1199380452594	1199380456765
21	1199380497860	1199380504474
21	1199380538632	1199380541583
21	1199380569931	1199380571196
21	1199380581530	1199380581775
21	1199380591546	1199380593708
21	1199380603298	1199380605485
21	1199380660214	1199380666668
21	1199380676331	1199380684647
21	1199380752449	1199380755465
21	1199380871544	1199380876952
21	1199381065135	1199381068594
21	1199381151137	1199381159645
21	1199381167886	1199381168395
21	1199381194889	1199381200762
21	1199381203812	1199381210612
21	1199381233684	1199381239575
21	1199381264705	1199381269393
21	1199381316538	1199381321529
21	1199381405379	1199381410983
21	1199381431640	1199381436860
21	1199381545816	1199381550614
21	1199381567635	1199381570354
21	1199381609684	1199381612889
21	1199381618641	1199381619281
21	1199381677676	1199381686580
21	1199381762421	1199381764205
21	1199381805585	1199381808343
21	1199381846463	1199381848567
21	1199381867197	1199381873604
21	1199381890572	1199381893968
21	1199381925805	1199381931230
21	1199381947180	1199381951771
21	1199381953405	1199381958596
21	1199382014935	1199382017221
21	1199382055747	1199382060635
21	1199382077605	1199382081137
21	1199382087409	1199382094608
21	1199382128614	1199382131349
21	1199382157830	1199382165355
21	1199382179659	1199382180224
21	1199382197671	1199382200415
21	1199382202317	1199382204461
21	1199382207894	1199382214343
21	1199382230669	1199382230921
21	1199382248656	1199382250733
21	1199382257707	1199382260102
21	1199382264705	1199382267305
21	1199382318983	1199382320206
21	1199382333529	1199382336386
21	1199382338409	1199382343259
21	1199382355753	1199382357913
21	1199382359561	1199382367493
21	1199382468538	1199382475899
21	1199384207975	1199384224801
21	1199384287646	0
22	1199343359384	1199343362293
22	1199343362530	1199343368616
22	1199343464922	1199343473344
22	1199352984357	1199352990712
22	1199354305275	1199354308102
22	1199354596904	1199354599729
22	1199354600973	1199354605925
22	1199354664623	1199354667639
22	1199354677771	1199354680605
22	1199355088153	1199355089648
22	1199356704705	1199356707674
22	1199357041695	1199357044652
22	1199357963168	1199357967602
22	1199358005511	1199358010316
22	1199359781536	1199359791849
22	1199359792101	1199359797289
22	1199359798435	1199359800534
22	1199359812403	1199359815664
22	1199359819871	1199359824750
22	1199359828207	1199359830479
22	1199359844760	1199359850732
22	1199359861310	1199359866860
22	1199359870691	1199359877529
22	1199359878421	1199359880377
22	1199359910167	1199359913106
22	1199360483813	1199360487928
22	1199361804345	1199361808699
22	1199362723137	1199362726591
22	1199363045475	1199363047819
22	1199363893259	1199363896881
22	1199364687807	1199364691402
22	1199364727319	1199364728559
22	1199364732630	1199364737642
22	1199367631292	1199367634432
22	1199367735698	1199367738697
22	1199371304272	1199371307164
22	1199371828449	1199371830960
22	1199371846428	1199371849108
22	1199372039846	1199372041911
22	1199372083587	1199372085476
22	1199372124403	1199372127998
22	1199374070650	1199374073298
22	1199374292935	1199374296167
22	1199380113789	1199380116444
22	1199380164431	1199380168991
22	1199380182213	1199380186296
22	1199380451855	1199380455758
22	1199382471549	1199382474525
22	1199384220719	1199384223579
23	1199343357966	1199343359704
23	1199352915908	1199352917526
23	1199353663653	1199353670619
23	1199354286506	1199354290622
23	1199354294428	1199354308888
23	1199354596135	1199354599105
23	1199354665567	1199354674364
23	1199354675351	1199354679870
23	1199357042548	1199357047180
23	1199357048324	1199357053901
23	1199358005732	1199358008258
23	1199359784915	1199359790603
23	1199359793457	1199359794734
23	1199359817408	1199359820127
23	1199359910944	1199359914233
23	1199359981610	1199359984518
23	1199361718783	1199361721851
23	1199361805368	1199362701168
23	1199362724312	1199362731648
23	1199362926395	1199362930624
23	1199364251896	1199364253992
23	1199366183776	1199366185835
23	1199367632517	1199367635321
23	1199367734915	1199367737944
23	1199371291538	1199371294537
23	1199371305721	1199371309450
23	1199371846793	1199371849664
23	1199371933735	1199371937424
23	1199372033936	1199372037684
23	1199372038831	1199372042672
23	1199372082814	1199372089895
23	1199372125550	1199372127766
23	1199372349907	1199372363287
23	1199374071252	1199374080232
23	1199374088917	1199374095342
23	1199374292854	1199374295183
23	1199374377925	1199374381788
23	1199374564609	1199374568270
23	1199380114309	1199380116804
23	1199380436232	1199380439562
23	1199382472704	1199382475295
23	1199384322542	1199384324376
24	1199339432692	1199339435941
24	1199339555936	1199339560650
24	1199343371210	1199343373104
24	1199343379904	1199343385610
24	1199346491327	1199346496605
24	1199346525979	1199346530659
24	1199346942113	1199346946144
24	1199347270113	1199347272678
24	1199352259970	1199352262781
24	1199352915486	1199352916682
24	1199353075914	1199353079365
24	1199353084310	1199353087338
24	1199353660786	1199353665877
24	1199353689271	1199353692677
24	1199354134314	1199354141950
24	1199354307238	1199354310211
24	1199354594717	1199354597936
24	1199354667879	1199354673630
24	1199354690615	1199354692294
24	1199355085890	1199355088874
24	1199356716563	1199356721537
24	1199356747647	1199356749342
24	1199358006783	1199358009465
24	1199358354803	1199358357189
24	1199359912335	1199359915488
24	1199359980603	1199359983240
24	1199360760659	1199360763938
24	1199361099647	1199361100885
24	1199361289458	1199361290914
24	1199361717847	1199361721395
24	1199361807272	1199361813637
24	1199362700317	1199362702814
24	1199362709313	1199362714689
24	1199362859244	1199362862515
24	1199362918768	1199362928947
24	1199363042669	1199363046707
24	1199363916391	1199363921582
24	1199364252520	1199364255750
24	1199364363608	1199364366412
24	1199366185327	1199366187772
24	1199366192113	1199366199619
24	1199367610780	1199367611676
24	1199367633453	1199367636437
24	1199367733741	1199367736835
24	1199369417184	1199369419419
24	1199371290604	1199371293139
24	1199371847745	1199371850500
24	1199371886164	1199371894691
24	1199371945683	1199371948318
24	1199372357970	1199372365586
24	1199374090308	1199374093279
24	1199374206636	1199374209261
24	1199374231447	1199374241522
24	1199374258320	1199374262166
24	1199374264142	1199374267276
24	1199374274751	1199374284463
24	1199374286246	1199374292397
24	1199374393643	1199374394988
24	1199374491195	1199374495708
24	1199374532272	1199374534582
24	1199374610976	1199374614849
24	1199374787428	1199374789962
24	1199375485836	1199375487645
24	1199376487448	1199376489190
24	1199380114836	1199380117301
24	1199380435802	1199380438360
24	1199382473744	1199382476526
24	1199384219737	1199384222438
24	1199384324620	1199384326518
25	1199333731239	1199333737896
25	1199339451425	1199339458592
25	1199343336922	1199343341220
25	1199343389714	1199343395823
25	1199343482771	1199343487596
25	1199344167646	1199344170378
25	1199344348803	1199344356330
25	1199344365663	1199344373704
25	1199346943312	1199346949893
25	1199346965106	1199346972832
25	1199347016661	1199347023663
25	1199347044743	1199347051119
25	1199347053736	1199347059897
25	1199353030610	1199353046561
25	1199353656359	1199353664517
25	1199353695612	1199353704547
25	1199353758803	1199353761887
25	1199355085401	1199355087624
25	1199361819975	1199361830629
25	1199362919515	1199362922479
25	1199362952637	1199362955419
25	1199366192625	1199366193929
25	1199367633994	1199367637942
25	1199372432628	1199374210540
25	1199374229531	1199374241342
25	1199374248816	1199374251814
25	1199374257624	1199374261768
26	1199333732946	1199333734254
26	1199333734451	1199333735605
26	1199343497287	1199343499943
26	1199353009708	1199353019758
26	1199353024571	1199353033294
26	1199353058614	1199353059124
26	1199361819223	1199361824824
26	1199372404717	1199372407473
26	1199372411816	1199372421544
26	1199372424289	1199372428244
26	1199372430668	0
27	1199339477719	1199339495233
27	1199343355833	1199343360709
27	1199343471406	1199343478433
27	1199364689316	1199364691149
27	1199380140173	1199380165640
27	1199380180719	1199380184368
27	1199380437127	1199380440766
27	1199380450358	1199380453465
27	1199380480523	1199380482806
28	1199339470492	1199339479756
28	1199343353690	1199343356410
28	1199343474244	1199343476546
28	1199343477747	1199343481592
28	1199346486497	1199346491778
28	1199353687696	1199353690313
28	1199354287594	1199354289874
28	1199354292315	1199354294660
28	1199356703101	1199356707508
28	1199363895825	1199363904615
28	1199364689592	1199364694828
28	1199364695357	1199364706318
28	1199372034976	1199372042416
28	1199372084778	1199372087924
28	1199372127278	1199372133127
28	1199374558459	1199374563756
28	1199374566390	1199374568682
28	1199380139636	1199380142401
29	1199343462357	1199343465277
29	1199343478820	1199343789120
29	1199343810508	1199343815410
29	1199343818349	1199343822243
29	1199343823461	1199343831235
29	1199343831587	1199343835219
29	1199343844633	1199343846870
29	1199343897295	1199343901701
29	1199343990723	1199343997730
29	1199344017761	1199344022469
29	1199344040849	1199344051541
29	1199344073908	1199344085912
29	1199344118264	1199344119903
29	1199344120139	1199344122932
29	1199344123177	1199344125345
29	1199344125848	1199344134555
29	1199344135338	1199344137238
29	1199344169510	1199344174764
29	1199344175299	1199344177760
29	1199344184575	1199344192182
29	1199344203249	1199344222183
29	1199344226390	1199344230479
29	1199344239168	1199344241175
29	1199344241983	1199344245363
29	1199344269558	1199344272673
29	1199344280385	1199344286529
29	1199344294403	1199344297906
29	1199344305371	1199344307772
29	1199344337621	1199344339350
29	1199344339606	1199344343844
29	1199346485265	1199346486913
29	1199346923387	1199346930276
29	1199346932452	1199346938595
29	1199347271246	1199347278542
29	1199347291187	1199347295679
29	1199347297302	1199347298280
29	1199348696582	1199348701523
29	1199348706530	1199348707334
29	1199348732559	1199348735567
29	1199348781879	1199348791653
29	1199348798683	1199348802814
29	1199348814796	1199348816519
29	1199348825598	1199348826126
29	1199348827461	1199348828222
29	1199348830776	1199348836405
29	1199348844510	1199348850133
29	1199353777633	1199353781395
29	1199353806564	1199353806890
29	1199353835680	1199353843102
29	1199353844647	1199353846615
29	1199353864887	1199353869389
29	1199353881891	1199353884342
29	1199353908544	1199353912153
29	1199353915736	1199353920873
29	1199356043631	1199356050661
29	1199356054795	1199356058867
29	1199356073604	1199356077465
29	1199356700179	1199362702296
29	1199363042362	1199363044800
29	1199371310361	1199371310577
29	1199371728168	1199371733600
29	1199371797298	1199371799473
29	1199371804831	1199371865380
29	1199371883755	1199371887202
29	1199371914318	1199371921361
29	1199371932343	1199371937918
29	1199372160712	1199372171786
29	1199372359830	1199372360986
29	1199372364809	1199372370577
29	1199372396642	1199372545465
29	1199372612101	1199372616404
29	1199374080485	1199374082527
29	1199374107749	1199374110733
29	1199374317769	1199374328341
29	1199374329608	1199374332354
29	1199374376535	1199374379888
29	1199374532927	1199374534958
29	1199374537503	1199374541583
29	1199374566928	1199374569523
29	1199374569941	1199374580634
29	1199374587474	1199374589626
29	1199374592555	0
30	1199339322610	1199339326255
30	1199339359210	1199339361914
30	1199339466242	1199339469735
30	1199339560945	1199339564153
30	1199343351508	1199343354518
30	1199343406336	1199343409844
30	1199343462237	1199343464570
30	1199344142580	1199344145159
30	1199344152422	1199344155740
30	1199344168149	1199344172727
30	1199344342164	1199344345115
30	1199346484708	1199346488454
30	1199346539745	1199346543107
30	1199347013979	1199347018877
30	1199347302949	1199347306709
30	1199348695665	1199348698458
30	1199348781626	1199348785747
30	1199348833335	1199348837403
30	1199348844261	1199348846933
30	1199352259693	1199352261408
30	1199352946133	1199352949661
30	1199352979647	1199352982680
30	1199353085658	1199353092571
30	1199353759491	1199353762127
30	1199353776991	1199353779832
30	1199353789693	1199353791455
30	1199353795359	1199353796319
30	1199353916557	1199353919832
30	1199354137206	1199354140631
30	1199354593318	1199354597152
30	1199356043151	1199356046449
30	1199356075279	1199356078915
30	1199356699922	1199356703658
30	1199356715291	1199356719121
30	1199358353883	1199358357408
30	1199359913349	1199359916376
30	1199359980358	1199359982994
30	1199361715980	1199362704488
30	1199362707777	1199362736322
30	1199362739569	1199362741585
30	1199362742739	1199362748617
30	1199362748981	1199362754902
30	1199362857436	1199362861855
30	1199362928694	1199363045871
30	1199364253729	1199364256992
30	1199367888176	1199367906980
30	1199367907270	1199367920316
30	1199367920564	1199367933976
30	1199367959434	1199367959806
30	1199367961601	1199367979575
30	1199367985446	1199367993937
30	1199367994429	1199368002947
30	1199368004306	1199368005709
30	1199368005965	1199368008255
30	1199368010914	1199368013317
30	1199368146656	1199368148694
30	1199368160326	1199368160507
30	1199368163134	1199368165694
30	1199368181405	1199368198261
30	1199368283245	1199368463373
30	1199368465948	1199368523135
30	1199368523452	1199368540374
30	1199368706205	1199368708504
30	1199368708757	1199368757122
30	1199368759819	1199368793257
30	1199368793689	1199368802387
30	1199368803370	1199368805161
30	1199368805409	1199368826391
30	1199368827287	1199368892434
30	1199368892711	1199368928780
30	1199368929505	1199369620786
30	1199369639711	1199369641855
30	1199369645680	1199369650966
30	1199369655647	1199369660749
30	1199369661194	1199369662784
30	1199369668133	1199369670607
30	1199369672616	1199369678478
30	1199369827855	1199369831134
30	1199369832542	1199369849875
30	1199371307916	1199371312113
30	1199371316733	1199371325987
30	1199371334275	1199371338103
30	1199371743104	1199371781285
30	1199371848810	1199371851540
30	1199372141972	1199372166627
30	1199372398368	1199372543323
30	1199372613604	1199372616140
30	1199374108749	1199374111444
30	1199374266391	1199374269702
30	1199374597676	1199374600730
30	1199374609129	1199374791967
30	1199376488164	1199376490961
30	1199380115484	1199380117792
30	1199380132335	1199380134404
30	1199380421189	1199380431289
30	1199382475137	1199382478305
30	1199382664307	1199382666345
31	1199333723326	1199333729555
31	1199333738264	1199333740262
31	1199339277485	1199339280760
31	1199339351398	1199339356561
31	1199339414522	1199339415785
31	1199339430609	1199339432477
31	1199339464220	1199339467955
31	1199339562346	1199339564569
31	1199339580657	1199339583680
31	1199339589114	1199339594556
31	1199339600662	1199339602747
31	1199339603599	1199339606564
31	1199339611625	1199339613309
31	1199343334485	1199343341749
31	1199343407415	1199343409559
31	1199343460185	1199343464131
31	1199344143613	1199344150574
31	1199344150942	1199344154726
31	1199346452168	1199346457418
31	1199346462545	1199346466448
31	1199346473103	1199346479680
31	1199346483481	1199346486971
31	1199346540894	1199346547777
31	1199346691896	1199346693821
31	1199346707627	1199346712911
31	1199347011420	1199347015764
31	1199347433329	1199347439536
31	1199347442536	1199347453668
31	1199348321581	1199348323359
31	1199348780355	1199348783269
31	1199348834494	1199348836775
31	1199348842788	1199348845528
31	1199348869640	1199348871927
31	1199348885841	1199348893728
31	1199352820670	1199352830469
31	1199352912864	1199352914518
31	1199353640887	1199353646626
31	1199353760191	1199353762578
31	1199353775927	1199353778493
31	1199353790100	1199353792180
31	1199353793443	1199353795995
31	1199353918873	1199353925553
31	1199354053478	1199354064955
31	1199354309566	1199354311876
31	1199354966197	1199354969461
31	1199355083635	1199355085646
31	1199356079891	1199356701458
31	1199357061884	1199357064176
31	1199358010863	1199358015659
31	1199358056617	1199358059279
31	1199358065626	1199358068416
31	1199358352683	1199358355162
31	1199359009643	1199359011595
31	1199359914607	1199359920566
31	1199359978594	1199359981106
31	1199360861577	1199360864322
31	1199360870702	1199360874389
31	1199361290354	1199361292699
31	1199362751334	1199362754660
31	1199364254473	1199364256752
31	1199367601490	1199367612567
31	1199367732334	1199367734417
31	1199368290574	1199368291339
31	1199368327977	1199368344383
31	1199368520503	1199368528640
31	1199369095136	1199369099503
31	1199369293932	1199369296286
31	1199369449797	1199369451737
31	1199369857317	1199369862870
31	1199370660112	1199370662462
31	1199371673645	1199371674412
31	1199372614475	1199372616644
31	1199374092313	1199374094702
31	1199374122357	1199374125786
31	1199374200805	1199374210793
31	1199374240546	1199374245778
31	1199374247948	1199374258759
31	1199374789705	1199374792737
31	1199376489807	1199376491857
31	1199382475639	1199382479286
31	1199384346477	1199384349564
32	1199339329334	1199339331863
32	1199339341353	1199339342659
32	1199339373988	1199339376242
32	1199339377489	1199339382481
32	1199339392322	1199339393376
32	1199339601408	1199339605590
32	1199343504586	1199343508765
32	1199343515308	1199343521561
32	1199346451393	1199346454732
32	1199346691493	1199346694899
32	1199346706796	1199346712329
32	1199347267278	1199347271894
32	1199347303771	1199347307467
32	1199347339763	1199347341961
32	1199348320616	1199348324869
32	1199348884896	1199348888625
32	1199352826391	1199352827558
32	1199352981524	1199352983217
32	1199353643592	1199353644848
32	1199353655320	1199353657983
32	1199354590790	1199354595800
32	1199354967593	1199354971566
32	1199355031480	1199355035427
32	1199356042375	1199356044559
32	1199356713556	1199356715930
32	1199357061423	1199357063618
32	1199357948644	1199357962939
32	1199357972682	1199357975192
32	1199358066993	1199358079401
32	1199359009297	1199359012834
32	1199359105939	1199359114149
32	1199359631847	1199359637659
32	1199359640332	1199359646437
32	1199362702542	1199362706265
32	1199363041132	1199363042304
32	1199366187239	1199366192913
32	1199367616526	1199367618973
32	1199367619612	1199367632932
32	1199367635725	1199367644578
32	1199367661626	1199367662763
32	1199367664857	1199367667511
32	1199367719284	1199367719512
32	1199367723850	1199367729602
32	1199367770105	1199367772377
32	1199367773687	1199367776593
32	1199367800332	1199367803476
32	1199367804108	1199367814592
32	1199367821402	1199367825899
32	1199367834338	1199367836357
32	1199367857926	1199367859951
32	1199367886214	1199367888781
32	1199367889417	1199367893386
32	1199367900510	1199367910273
32	1199367941482	1199367945687
32	1199367972248	1199368007883
32	1199368011159	1199368012946
32	1199368013562	1199368018591
32	1199368022622	1199368024666
32	1199368026588	1199368028914
32	1199368036293	1199368038353
32	1199368044743	1199368046928
32	1199368131743	1199368137664
32	1199368192811	1199368197181
32	1199368198925	1199368201784
32	1199368222659	1199368226578
32	1199368227981	1199368243842
32	1199368259374	1199368263564
32	1199368268725	1199368273584
32	1199368279772	1199368295251
32	1199368317614	1199368318767
32	1199368327743	1199368336425
32	1199368358582	1199368378736
32	1199368380342	1199368395364
32	1199368397891	1199368401449
32	1199368404777	1199368426637
32	1199368429254	1199368434631
32	1199368437600	1199368444226
32	1199368449384	1199368453206
32	1199368453638	1199368478595
32	1199368498182	1199368511566
32	1199368518917	1199368528875
32	1199368531478	1199368545631
32	1199368548357	1199368549484
32	1199368563564	1199368568294
32	1199368570464	1199368572764
32	1199368579728	1199368589537
32	1199368602921	1199368607224
32	1199368613625	1199368617902
32	1199368625663	1199368638213
32	1199368648549	1199368650327
32	1199368658534	1199368668923
32	1199368671750	1199368672458
32	1199368676276	1199368681519
32	1199368701328	1199368705308
32	1199368706969	1199368709524
32	1199368710288	1199368720515
32	1199368727974	1199368732621
32	1199368735477	1199368736740
32	1199368800528	1199368806920
32	1199368808558	1199368810712
32	1199368834597	1199368837605
32	1199368837858	1199368843379
32	1199368852286	1199368858246
32	1199368878233	1199368879488
32	1199368880850	1199368923759
32	1199369004623	1199369008797
32	1199369010180	1199369012775
32	1199369026580	1199369030147
32	1199369093494	1199369098894
32	1199369115877	1199369118296
32	1199369134667	1199369140626
32	1199369143355	1199369145769
32	1199369167971	1199369178824
32	1199369179331	1199369181908
32	1199369184975	1199369187240
32	1199369228251	1199369230269
32	1199369236308	1199369242611
32	1199369245497	1199369247441
32	1199369259587	1199369259844
32	1199369271635	1199369276602
32	1199369277605	1199369279832
32	1199369280472	1199369283374
32	1199369288197	1199369305955
32	1199369311347	1199369315660
32	1199369327635	1199369328551
32	1199369331300	1199369332663
32	1199369435593	1199369437399
32	1199369449544	1199369452513
32	1199369453545	1199369456991
32	1199369473275	1199369475428
32	1199369506664	1199369517500
32	1199369560600	1199369565622
32	1199369568353	1199369574748
32	1199369591122	1199369593163
32	1199369620671	1199369622904
32	1199369626362	1199369628882
32	1199369638207	1199369640824
32	1199369641223	1199369653359
32	1199369662404	1199369672351
32	1199369673557	1199369675980
32	1199369728526	1199369730719
32	1199369735631	1199369739833
32	1199369741712	1199369744294
32	1199369752558	1199369756820
32	1199369758844	1199369760996
32	1199369786590	1199369786977
32	1199369793322	1199369806259
32	1199369828343	1199369843493
32	1199369864489	1199369866202
32	1199370659749	1199370663607
32	1199371288889	1199371292734
32	1199371321338	1199371325444
32	1199371690652	1199371693281
32	1199371694679	1199371697462
32	1199371744950	1199371747219
32	1199371776425	1199371779647
32	1199371849382	1199371852852
32	1199372159259	1199372161457
32	1199372466604	1199372467929
32	1199372602343	1199372608780
32	1199372618459	1199372620987
32	1199374048394	1199374124275
32	1199374216852	1199374223605
32	1199374224158	1199374228389
32	1199374260288	1199374265444
32	1199374598735	1199374603580
32	1199380115881	1199380118369
32	1199380125735	1199380127615
32	1199382638648	1199382639518
33	1199339478634	1199339482745
33	1199343355752	1199343357576
33	1199380140904	1199380143564
33	1199380161506	1199380164672
33	1199380167763	1199380173689
33	1199380179836	1199380182734
33	1199380449358	1199380452254
33	1199380480928	1199380483728
34	1199339479382	1199339483540
34	1199339484708	1199339492669
34	1199380160263	1199380164936
34	1199380179587	1199380181591
34	1199380482337	1199380498975
36	1199380161851	1199380162810
36	1199380179343	1199380182458
36	1199380448859	1199380451610
37	1199380143156	1199380146189
37	1199380178846	1199380181216
37	1199380441878	1199380445728
37	1199380448240	1199380451364
37	1199380483936	1199380485785
37	1199380496701	1199380497306
39	1199339330650	1199339339564
39	1199339396659	1199339400689
39	1199339415545	1199339418106
39	1199339424919	1199339427870
39	1199339601659	1199339606336
39	1199343396202	1199343404270
39	1199343412832	1199343419689
39	1199343504859	1199343511501
39	1199343513117	1199343521873
39	1199343770508	1199343776698
39	1199344371703	1199344374406
39	1199346449989	1199346453696
39	1199346691315	1199346693375
39	1199346695918	1199346700651
39	1199346706324	1199346708996
39	1199346709491	1199346712699
39	1199347059410	1199347067579
39	1199347266535	1199347269845
39	1199347304537	1199347307285
39	1199347338289	1199347346771
39	1199347392875	1199347397707
39	1199347448652	1199347459568
39	1199348319912	1199348322933
39	1199348326170	1199348332670
39	1199348693985	1199348697235
39	1199348876732	1199348878786
39	1199348884863	1199348888257
39	1199352837716	1199352840427
39	1199352943352	1199352946699
39	1199352981297	1199352985126
39	1199353002515	1199353007778
39	1199353211766	1199353214369
39	1199353636814	1199353638776
39	1199354061608	1199354063489
39	1199354350614	1199354355252
39	1199354429154	1199354435680
39	1199354481512	1199354489386
39	1199354496981	1199354503704
39	1199354533110	1199354537716
39	1199354571586	1199354572293
39	1199354588584	1199354595472
39	1199354967973	1199354970620
39	1199354974234	1199354974445
39	1199354996528	1199355000344
39	1199355030632	1199355038451
39	1199355053634	1199355055413
39	1199355064607	1199355064903
39	1199355066334	1199355070154
39	1199355072156	1199355081562
39	1199355083298	1199355086230
39	1199355438692	1199355440579
39	1199356027757	1199356033813
39	1199356041845	1199356044327
39	1199356691896	1199356696692
39	1199357053541	1199357057566
39	1199357060880	1199357063291
39	1199357954837	1199357957493
39	1199357958732	1199357965310
39	1199357972448	1199357977253
39	1199358014268	1199358022590
39	1199358023541	1199358025911
39	1199358043285	1199358046708
39	1199358057866	1199358064266
39	1199358065945	1199358078944
39	1199358280272	1199358281990
39	1199359008624	1199359011270
39	1199359059800	1199359060902
39	1199359093716	1199359100146
39	1199359110637	1199359114527
39	1199359642230	1199359645215
39	1199359646661	1199359654783
39	1199359725321	1199359728265
39	1199359759312	1199359762324
39	1199359800244	1199359807785
39	1199360662183	1199360668672
39	1199360674631	1199360677472
39	1199361706170	1199361711724
39	1199361714478	1199361717502
39	1199362703184	1199362709423
39	1199367627663	1199367630354
39	1199367637634	1199367648945
39	1199367654167	1199367666895
39	1199367667139	1199367678678
39	1199367679575	1199367683256
39	1199367687605	1199367695582
39	1199367695841	1199367698386
39	1199367698652	1199367701337
39	1199367702448	1199367712586
39	1199367715259	1199367716258
39	1199367719907	1199367730993
39	1199367754849	1199367756889
39	1199367758716	1199367768554
39	1199367773391	1199367784724
39	1199367785365	1199367800694
39	1199367802724	1199367809670
39	1199367815732	1199367817724
39	1199367820659	1199367841129
39	1199367842422	1199367848593
39	1199367851409	1199367860319
39	1199367860560	1199367866679
39	1199367874438	1199367876376
39	1199367882598	1199367888529
39	1199367892493	1199367899861
39	1199367910997	1199367916555
39	1199367917426	1199367933602
39	1199367939931	1199367946595
39	1199367950713	1199367951451
39	1199367958357	1199367967699
39	1199367971848	1199367979818
39	1199367984551	1199368001604
39	1199368038875	1199368046396
39	1199368082361	1199368086684
39	1199368087411	1199368089533
39	1199368172168	1199368174393
39	1199368175695	1199368177488
39	1199368177760	1199368180100
39	1199368180538	1199368188576
39	1199368208306	1199368212226
39	1199368531711	1199368534910
39	1199368535661	1199368540870
39	1199368582299	1199368584356
39	1199368659677	1199368664572
39	1199368801271	1199368805657
39	1199368879848	1199368885608
39	1199368888345	1199368891794
39	1199368893712	1199368897368
39	1199368902680	1199368910150
39	1199368913912	1199368922267
39	1199369097349	1199369099163
39	1199369116126	1199369118460
39	1199369123621	1199369126313
39	1199369129231	1199369130937
39	1199369167727	1199369181143
39	1199369202287	1199369208573
39	1199369245752	1199369247848
39	1199369293561	1199369297557
39	1199369298699	1199369302657
39	1199369474787	1199369480565
39	1199369506419	1199369508569
39	1199369508939	1199369514603
39	1199369515883	1199369518786
39	1199369566764	1199369568853
39	1199369605458	1199369607332
39	1199369624426	1199369626706
39	1199369654399	1199369654984
39	1199369657295	1199369657471
39	1199369677625	1199369684588
39	1199369742403	1199369746871
39	1199369796257	1199369803561
39	1199369814657	1199369820641
39	1199369854684	1199369871626
39	1199370228740	1199370230108
39	1199370534621	1199370535297
39	1199370658828	1199370661790
39	1199370776535	1199370779137
39	1199371288217	1199371291814
39	1199371321699	1199371324603
39	1199371333627	1199371336438
39	1199371695312	1199371698134
39	1199371724693	1199371727322
39	1199371745226	1199371747934
39	1199371775692	1199371778478
39	1199371809706	1199371810523
39	1199371820797	1199371826731
39	1199371849938	1199371853883
39	1199372142997	1199372149798
39	1199372158616	1199372161212
39	1199372438764	1199372441301
39	1199372464498	1199372467695
39	1199372535675	1199372540749
39	1199372569840	1199372574896
39	1199372601622	1199372604775
39	1199372618372	1199372625782
39	1199374047641	1199374053778
39	1199374109749	1199374112323
39	1199374121701	1199374122717
39	1199374249806	1199374252874
39	1199374258584	1199374267681
39	1199374600369	1199374603824
39	1199380116149	1199380122725
39	1199380125357	1199380127237
39	1199380411885	1199380412750
39	1199380420303	1199380423347
39	1199382647902	1199382650449
39	1199382658380	1199382661312
39	1199382903619	1199382910681
40	1199343747800	1199343753332
40	1199347079974	1199347091601
40	1199347093506	1199347096967
40	1199347108575	1199347110303
40	1199347119634	1199347128491
40	1199347130138	1199347142554
40	1199347162807	1199347165817
40	1199347170352	1199347176575
40	1199347247399	1199347249166
40	1199347363744	1199347372658
40	1199347380851	1199347387892
40	1199359419953	1199359423431
40	1199371852247	1199371854318
40	1199374603571	1199374608608
41	1199346449655	1199346450640
41	1199347305787	1199347339136
41	1199347457557	1199347459204
41	1199352942264	1199352943987
41	1199356041693	1199356042711
41	1199356513843	1199356515426
41	1199359354774	1199359356581
41	1199371323439	1199371698782
41	1199371746823	1199371748807
41	1199372157627	1199372473120
41	1199374111205	1199374113918
41	1199374268332	1199382673445
42	1199339397833	1199339399790
42	1199339416261	1199339418883
42	1199346449720	1199346454318
42	1199346690744	1199346694125
42	1199347062577	1199347066439
42	1199347304341	1199347307882
42	1199347450256	1199347453901
42	1199347455812	1199347458836
42	1199348326609	1199348697575
42	1199348884250	1199348887632
42	1199352981904	1199352984600
42	1199354371668	1199354374244
42	1199354386242	1199354387385
42	1199354409399	1199354411694
42	1199354445721	1199354447198
42	1199354469545	1199354474816
42	1199354532886	1199354539236
42	1199354574394	1199354578597
42	1199354580136	1199354582153
42	1199354968663	1199354979589
42	1199354981233	1199354982571
42	1199354991331	1199355002216
42	1199355016687	1199355017840
42	1199355018610	1199355023183
42	1199356041622	1199356044996
42	1199357054124	1199357056919
42	1199357060659	1199357063862
42	1199357972922	1199357976245
42	1199358014476	1199358017124
42	1199358067314	1199358073692
42	1199358074236	1199358077148
42	1199358278878	1199358284315
42	1199359111703	1199359349287
42	1199359722708	1199359730440
42	1199359759548	1199359764728
42	1199359800796	1199359803500
42	1199361706457	1199361718450
42	1199362703705	1199362709557
42	1199367636875	1199367644938
42	1199367706125	1199367768145
42	1199367785688	1199367792174
42	1199367798332	1199367805627
42	1199367894278	1199367899603
42	1199367995307	1199369662149
42	1199369855659	1199369861304
42	1199369864300	1199369874391
42	1199371695979	1199371697782
42	1199371745823	1199371748432
42	1199371850214	1199371853151
42	1199372158371	1199372160468
42	1199374109986	1199374113328
42	1199374249807	1199374252960
42	1199374263391	1199374266665
42	1199374601360	1199374604931
42	1199380419556	1199382639433
42	1199382656860	0
43	1199339418616	1199339426307
43	1199343674651	1199343676280
43	1199343677168	1199343684455
43	1199343684711	1199343691792
43	1199343744570	1199343751520
43	1199343752164	1199343759517
43	1199345377564	1199345379122
43	1199346125459	1199346127526
43	1199346161375	1199346163633
43	1199346175801	1199346190901
43	1199346224894	1199346229802
43	1199346236321	1199346241573
43	1199346243326	1199346246510
43	1199346246777	1199346248809
43	1199346249560	1199346253376
43	1199346253621	1199346276359
43	1199346277393	1199346281169
43	1199346281698	1199346283648
43	1199346303445	1199346312836
43	1199346313587	1199346315859
43	1199346316231	1199346318907
43	1199346319152	1199346320292
43	1199346328322	1199346328950
43	1199346330231	1199346334319
43	1199346344138	1199346345495
43	1199346348989	1199346350886
43	1199346351268	1199346353542
43	1199346448176	1199346452682
43	1199346689120	1199346692184
43	1199346776389	1199346777541
43	1199346780608	1199346785602
43	1199346889707	1199346892536
43	1199346915227	1199347083731
43	1199347161383	1199347164817
43	1199347193555	1199347196139
43	1199347201764	1199347214514
43	1199347245360	1199347249399
43	1199347335915	1199347338233
43	1199347367592	1199347372633
43	1199347374357	1199347382940
43	1199347458198	1199347460701
43	1199347550589	1199347552342
43	1199347574678	1199347576508
43	1199347602732	1199347604481
43	1199347794314	1199347796775
43	1199347813486	1199347817992
43	1199347843613	1199347863603
43	1199347864913	1199347865219
43	1199347907608	1199347909348
43	1199347916754	1199347918640
43	1199347960327	1199347961729
43	1199348038898	1199348043581
43	1199348045334	1199348048437
43	1199348116943	1199348120333
43	1199348151617	1199348153777
43	1199348317267	1199348320925
43	1199348335155	1199348337581
43	1199348608112	1199348609904
43	1199348691259	1199348695418
43	1199348881760	1199348883425
43	1199352839907	1199352843563
43	1199352844698	1199352847629
43	1199352854553	1199352856291
43	1199352913120	1199352914762
43	1199352993616	1199352998970
43	1199352999137	1199353215578
43	1199353595428	1199353597851
43	1199353604414	1199353606655
43	1199353624309	1199353626307
43	1199353632732	1199354067141
43	1199354069852	1199354074123
43	1199354082773	1199354085492
43	1199354090826	1199354095698
43	1199354099632	1199354104553
43	1199354107526	1199354112557
43	1199354116224	1199354129759
43	1199354133665	1199354138287
43	1199354158468	1199354163607
43	1199354437858	1199354441634
43	1199354488271	1199354491329
43	1199354576938	1199354578838
43	1199354591754	1199354593759
43	1199355002425	1199355004944
43	1199355110505	1199355115561
43	1199355372937	1199355374825
43	1199356035494	1199356036157
43	1199356039796	1199356043405
43	1199356147791	1199356152589
43	1199356186976	1199356188743
43	1199356514648	1199356520571
43	1199356526937	1199356531689
43	1199356689213	1199357073476
43	1199357080527	1199357082103
43	1199357363231	1199357364931
43	1199357370579	1199357376580
43	1199357403736	1199357405830
43	1199357974959	1199357977485
43	1199358008610	1199358012787
43	1199358077393	1199358081168
43	1199358097288	1199358100631
43	1199358100965	1199358107580
43	1199358108787	1199358111305
43	1199358112649	1199358116580
43	1199358118520	1199358124542
43	1199358284871	1199358289193
43	1199358354139	1199358355900
43	1199358492286	1199358498590
43	1199358501348	1199358504942
43	1199358560808	1199358566664
43	1199358608515	1199358610547
43	1199358642336	1199358644813
43	1199358685662	1199358688497
43	1199358710436	1199358712500
43	1199358726631	1199358728474
43	1199358774147	1199358775719
43	1199358782741	1199358787701
43	1199358807357	1199358812594
43	1199358838632	1199358841258
43	1199358843440	1199358844585
43	1199358859370	1199358860905
43	1199358890387	1199358892621
43	1199358984900	1199358986582
43	1199358992804	1199358996630
43	1199359060646	1199359064801
43	1199359113742	1199359116802
43	1199359300698	1199359302627
43	1199359416637	1199359425447
43	1199359427751	1199359433650
43	1199359438400	1199359445575
43	1199359454392	1199359460791
43	1199359490730	1199359494578
43	1199359494820	1199359496698
43	1199359679321	1199359683232
43	1199359764468	1199359768549
43	1199359948472	1199359950111
43	1199360083543	1199360085474
43	1199360276292	1199360279159
43	1199360301948	1199360303922
43	1199360304158	1199360306305
43	1199360428411	1199360429766
43	1199360600368	1199360606555
43	1199360631552	1199360633861
43	1199360646161	1199360652921
43	1199360657534	1199360663460
43	1199360682195	1199360692328
43	1199360709427	1199360711261
43	1199361034940	1199361036720
43	1199361107881	1199361109608
43	1199361360971	1199361363293
43	1199361445613	1199361450149
43	1199361462818	1199361464730
43	1199361474927	1199361477412
43	1199361483394	1199361490630
43	1199361508860	1199361515418
43	1199361516417	1199361518702
43	1199361524607	1199361525354
43	1199361527453	1199361534986
43	1199361694621	1199361701661
43	1199369874677	1199369878651
43	1199369915670	1199369917317
43	1199369940325	1199369940572
43	1199370535653	1199370539323
43	1199370653617	1199370653988
43	1199370655440	1199370657880
43	1199371285320	1199371289177
43	1199371324827	1199371325772
43	1199371697849	1199371700572
43	1199371747558	1199371750958
43	1199372156735	1199372157999
43	1199372439623	1199372442648
43	1199372462314	1199372465199
43	1199373466533	1199373468743
43	1199373968616	1199373971344
43	1199373972786	1199373976344
43	1199374111811	1199374114700
43	1199382695252	1199382706554
43	1199382711549	1199382713866
43	1199382867574	1199382869621
43	1199382870597	1199382885554
44	1199339398608	1199339401747
44	1199339402912	1199339407705
44	1199339417475	1199339426622
44	1199343404839	1199343408873
44	1199343746643	1199343750355
44	1199343769548	1199344374812
44	1199346448792	1199346452438
44	1199346598641	1199346600284
44	1199346689928	1199346693693
44	1199346705172	1199346708763
44	1199346711107	1199346717599
44	1199346917264	1199346921723
44	1199347064512	1199347068838
44	1199347074647	1199347076390
44	1199347264685	1199347268173
44	1199347305491	1199347312571
44	1199347337176	1199347341298
44	1199347457316	1199347460934
44	1199348318774	1199348322141
44	1199348693322	1199348696961
44	1199348882912	1199348885481
44	1199352839430	1199352842554
44	1199352941862	1199352944917
44	1199353001726	1199353214753
44	1199356040741	1199356043991
44	1199356084573	1199356086259
44	1199356509621	1199356518677
44	1199357055488	1199357059166
44	1199357059502	1199357061665
44	1199357974288	1199357977717
44	1199358012542	1199358016687
44	1199358076297	1199358078425
44	1199358277673	1199358281350
44	1199358283286	1199358287202
44	1199359113338	1199359115141
44	1199359354406	1199359365613
44	1199359640975	1199359644293
44	1199359647537	1199359649816
44	1199360634151	1199360641299
44	1199360660281	1199360664610
44	1199360675235	1199360678499
44	1199369872162	1199369876429
44	1199370657612	1199370660766
44	1199370778113	1199370781506
44	1199371286753	1199371290942
44	1199371322946	1199371327275
44	1199371696768	1199371700317
44	1199371746575	1199371750199
44	1199371851223	1199371854906
44	1199371855566	1199371860616
44	1199372157104	1199372159875
44	1199372463463	1199372467201
44	1199372472625	1199372475378
44	1199372600117	1199372603589
44	1199374110969	1199374114203
44	1199374250823	1199374261271
44	1199374602160	1199374605584
44	1199374606488	1199374609472
44	1199382672670	1199382675796
44	1199382728386	1199382731245
44	1199382777293	1199382778468
44	1199382869451	1199382876562
44	1199382881210	1199382887180
45	1199343407102	1199343408394
45	1199343410288	1199343415789
45	1199347265845	1199347267547
45	1199354352712	1199354354588
45	1199354354920	1199354357245
45	1199354369285	1199354379747
45	1199354384938	1199354388841
45	1199354408389	1199354413999
45	1199354426161	1199354506844
45	1199358282314	1199358286751
45	1199359348639	1199359349897
45	1199359353402	1199359357785
45	1199382650702	1199382655714
