1	1205750066911	1205750070389
1	1205750094227	1205750096393
1	1205753758233	1205753760560
1	1205757399855	1205757402459
1	1205759907818	1205759909304
1	1205759909822	1205759912632
1	1205760418750	1205760423294
1	1205769219509	1205769222545
1	1205769289869	1205769291703
1	1205772039437	1205772057676
1	1205772074398	1205772076424
2	1205732997982	1205733001105
2	1205733004614	1205733006702
2	1205750053328	1205750055766
2	1205752988812	1205752990894
2	1205757887999	1205757891479
2	1205757980947	1205757983499
2	1205760431140	1205760434795
2	1205760487991	1205760491216
2	1205767919737	1205767921853
2	1205768264463	1205768266287
2	1205770574543	1205770575736
2	1205770577981	1205770580139
2	1205771159736	1205771163197
2	1205771374710	1205771377630
2	1205771918781	1205771920947
2	1205779141256	1205779144695
2	1205779652375	1205779655790
2	1205779661774	1205779666121
2	1205779675429	1205779678353
2	1205779688132	1205779691794
2	1205779692924	1205779701489
2	1205779706247	1205779711287
2	1205779780131	1205779785573
2	1205779791270	1205779793359
2	1205779856151	1205779858118
2	1205779970574	1205779980789
2	1205780042412	1205780051585
2	1205780081956	1205780084142
2	1205780104799	1205780106962
2	1205780123257	1205780128926
2	1205780131647	1205780133759
2	1205780142271	1205780145109
2	1205780155644	1205780159424
2	1205780213313	1205780220526
2	1205780448210	1205780452471
2	1205780455456	1205780457892
2	1205780487495	1205780489599
2	1205780506736	1205780509604
2	1205780636898	1205780639526
2	1205780689232	1205780696856
2	1205780870611	1205780872224
2	1205780880412	1205780883222
2	1205781334334	1205781338625
2	1205781627771	1205781630609
2	1205781731192	1205781740458
2	1205781983613	1205781985178
2	1205782146970	1205782150926
2	1205782151234	1205782159377
2	1205782206487	1205782209187
2	1205782212240	1205782217701
2	1205782221828	1205782224649
2	1205782237433	1205782237450
2	1205782277310	1205782282476
2	1205782307962	1205782310620
2	1205782312372	1205782314768
2	1205782426547	1205782428984
2	1205782455227	1205782462609
2	1205782610820	1205782615527
2	1205782740931	1205782742147
2	1205782957154	1205782964669
2	1205783047981	1205783049345
2	1205783192895	1205783201432
2	1205783300996	1205783303464
2	1205783477822	1205783481629
2	1205783482422	1205783488613
2	1205783523736	1205783525869
2	1205783595882	1205783598177
2	1205783705880	1205783707993
2	1205783708811	1205783711741
2	1205783750702	1205783754629
2	1205783812152	1205783814743
2	1205783829178	1205783831556
2	1205784085100	1205784090156
2	1205784090739	1205784093159
2	1205784247598	1205784249634
2	1205784315712	1205784322778
2	1205784420258	1205784421502
2	1205784421837	1205784424189
2	1205784662842	1205784674531
2	1205784676246	1205784681545
2	1205784684929	1205784686332
2	1205784687322	1205784692365
2	1205784714578	1205784720371
2	1205784740290	1205784742425
2	1205784776741	1205784779404
2	1205784889619	1205784893450
2	1205784895433	1205784902295
2	1205784902645	1205784906220
2	1205785007354	1205785011454
2	1205785021411	1205785024186
2	1205785120322	1205785122700
2	1205785125366	1205785127851
2	1205785423108	1205785427306
2	1205785519643	1205785523919
2	1205785567134	1205785568395
2	1205785569120	1205785572425
2	1205785724866	1205785729277
2	1205785736954	1205785740728
2	1205785796540	1205785801874
2	1205785812218	1205785819402
2	1205785862906	1205785865888
2	1205785887413	1205785889751
2	1205785899781	1205785902325
2	1205786188381	1205786190149
2	1205786294247	1205786296326
2	1205786304684	1205786315599
2	1205786353409	1205786356233
2	1205786401960	1205786404376
2	1205786437182	1205786439384
2	1205786456617	1205786462478
2	1205786501834	1205786505140
2	1205786577102	1205786578346
2	1205786597239	1205786599726
2	1205786602767	1205786605103
2	1205786606185	1205786609591
2	1205786610894	1205786613596
2	1205786615454	1205786617525
2	1205786641732	1205786647840
2	1205786816291	1205786818168
2	1205786828148	1205786830467
2	1205786830745	1205786833239
2	1205786858376	1205786860975
2	1205786885887	1205786891197
2	1205787205973	1205787209464
2	1205787340373	1205787341237
2	1205787393914	1205787403175
2	1205787420240	1205787423747
2	1205787475761	1205787478977
2	1205787715174	1205787719733
2	1205787724462	1205787731715
2	1205787732414	1205787734571
2	1205787734799	1205787738745
2	1205787767746	1205787771457
2	1205787780751	1205787783158
2	1205787786491	1205787789359
2	1205787796713	1205787798916
2	1205787801328	1205787804621
2	1205787811655	1205787813616
2	1205787813968	1205787816608
2	1205787822752	1205787830492
2	1205787831741	1205787833571
2	1205787863856	1205787865962
2	1205787875659	1205787877675
2	1205787925973	1205787929402
2	1205787938546	1205787940772
2	1205787942790	1205787946931
2	1205787953696	1205787955881
2	1205788020554	1205788029306
2	1205788031899	1205788034182
2	1205788049455	1205788053736
2	1205788054554	1205788058653
2	1205788060916	1205788065767
2	1205788076325	1205788084437
2	1205788093923	1205788097676
2	1205788100611	1205788106131
2	1205788107120	1205788111563
2	1205788142113	1205788145792
2	1205788147676	1205788150983
2	1205788165681	1205788170374
2	1205788171724	1205788176722
2	1205788178830	1205788180974
2	1205788183298	1205788194602
2	1205788194954	1205788196263
2	1205788203881	1205788206230
2	1205788211596	1205788227616
2	1205788238441	1205788241497
2	1205788265608	1205788268209
2	1205788272799	1205788277323
2	1205788286213	1205788289828
2	1205788293658	1205788298158
2	1205788308233	1205788309531
2	1205788311331	1205788313931
2	1205788388305	1205788392532
2	1205788416239	1205788418598
2	1205788441370	1205788442654
2	1205788533174	1205788537350
2	1205788544822	1205788549615
2	1205788578615	1205788582354
2	1205788589685	1205788598363
2	1205788672866	1205788675304
2	1205788692273	1205788694983
2	1205788695117	1205788698867
2	1205788773144	1205788777991
2	1205788937697	1205788940545
2	1205788942621	1205788945225
2	1205788951742	1205788954212
2	1205789022958	1205789027654
2	1205789052163	1205789052265
2	1205789061524	1205789065452
2	1205789093718	1205789095924
2	1205789304682	1205789308723
2	1205789445833	1205789457247
2	1205789567349	1205789571707
2	1205789574201	1205789576758
2	1205789680955	1205789684479
2	1205789690128	1205789693886
2	1205789720528	1205789724872
2	1205789753508	1205789756965
2	1205789770656	1205789773106
2	1205789775595	1205789778277
2	1205789832986	1205789837124
2	1205789860855	1205789864164
2	1205789950883	1205789953506
2	1205789956976	1205789958897
2	1205789959435	1205789961157
2	1205789994564	1205789999427
2	1205790011984	1205790014635
2	1205790028635	1205790032350
2	1205790162609	1205790169451
2	1205790242713	1205790247566
2	1205790292392	1205790296162
2	1205790346601	1205790349396
2	1205790351363	1205790354459
2	1205790483468	1205790487826
2	1205790519865	1205790523535
2	1205790605699	1205790611469
2	1205790750358	1205790755225
2	1205790939425	1205790945575
2	1205790955470	1205790957886
2	1205791051319	1205791056947
2	1205791065120	1205791068300
2	1205791136238	1205791140215
2	1205791178217	1205791183778
2	1205791190791	1205791193664
2	1205791206998	1205791210958
2	1205791213437	1205791215702
2	1205791224796	1205791230837
2	1205791242509	1205791245800
2	1205791309173	1205791312405
2	1205791374497	1205791377380
2	1205791419675	1205791422173
2	1205791453643	1205791465133
2	1205791472355	1205791477322
2	1205791485710	1205791489349
2	1205791502815	1205791507296
2	1205791510237	1205791526174
2	1205791641653	1205791646337
2	1205791737689	1205791743245
2	1205791835691	1205791840130
2	1205791844320	1205791847557
2	1205791930725	1205791936345
2	1205791942784	1205791944820
2	1205791962472	1205791964708
2	1205791969824	1205791972269
2	1205791974153	1205791976495
2	1205791978515	1205791980742
2	1205791991679	1205791998877
2	1205792002397	1205792014105
2	1205792025781	1205792027597
2	1205792058472	1205792060689
2	1205792068775	1205792070969
2	1205792076670	1205792078780
2	1205792158679	1205792161655
2	1205792171507	1205792174351
2	1205792174796	1205792178567
2	1205792191171	1205792193590
2	1205792198541	1205792201577
2	1205792287348	1205792292411
2	1205792372516	1205792374767
2	1205792428658	1205792430917
2	1205792432713	1205792434973
2	1205792465918	1205792467202
2	1205792468750	1205792471579
2	1205792472270	1205792474692
2	1205792486355	1205792503947
2	1205792504891	1205792506842
2	1205792510272	1205792516293
2	1205792720645	1205792728821
2	1205792887322	1205792893346
2	1205792894486	1205792897158
2	1205793026603	1205793032803
2	1205793047720	1205793050500
2	1205793216552	1205793222764
2	1205793224369	1205793227959
2	1205793231552	1205793232530
2	1205793257486	1205793261534
2	1205793262949	1205793267743
2	1205793278557	1205793280640
2	1205793312922	1205793315504
2	1205793320180	1205793322583
2	1205793325520	1205793332719
2	1205793576219	1205793578479
2	1205793611152	1205793613161
2	1205793665862	1205793670782
2	1205793825100	1205793827263
2	1205793856710	1205793857985
2	1205793858397	1205793860559
2	1205793973112	1205793976226
2	1205794089251	1205794097570
2	1205794104715	1205794105383
2	1205794105785	1205794107981
2	1205794112656	1205794115950
2	1205794310813	1205794312631
2	1205794313943	1205794315858
2	1205794327322	1205794329608
2	1205794630320	1205794632542
2	1205794635591	1205794643294
2	1205794655768	1205794658591
2	1205794703421	1205794704665
2	1205794710414	1205794713124
2	1205794729125	1205794733486
2	1205794762701	1205794764904
3	1205740218139	1205740222375
3	1205742770123	1205742773365
3	1205745862313	1205745866818
3	1205745998107	1205746003857
3	1205760433204	1205760436837
3	1205760438635	1205760442974
3	1205760478658	1205760492931
3	1205770575230	1205770580597
3	1205771161112	1205771167155
3	1205771176161	1205771176400
3	1205771211881	1205771214420
3	1205771214883	1205771217972
3	1205771219488	1205771221963
3	1205771242107	1205771244101
3	1205771262794	1205771265672
3	1205771270442	1205771276449
3	1205771372376	1205771377436
3	1205779676271	1205779680609
3	1205779686641	1205779697165
3	1205779728329	1205779730307
3	1205779735622	1205779739338
3	1205779742384	1205779745468
3	1205779748835	1205779752502
3	1205779757759	1205779764733
3	1205780082410	1205780085550
3	1205780101573	1205780105800
3	1205782215228	1205782217569
3	1205782219903	1205782221210
3	1205782223280	1205782235752
3	1205782237849	1205782240219
3	1205782271671	1205782276508
3	1205782277464	1205782284227
3	1205788189440	1205788196644
3	1205788202795	1205788208905
3	1205794311430	1205794316602
7	1205740677349	1205740682712
7	1205740683315	1205740684341
7	1205740692854	1205740700949
7	1205740701514	1205740709866
7	1205740717453	1205740724123
7	1205740726743	1205740730500
7	1205740744806	1205740748724
7	1205740748846	1205740760588
7	1205740766588	1205740775229
7	1205740800192	1205740804257
7	1205740805723	1205740812947
7	1205740825602	1205740828334
7	1205740840374	1205740843457
7	1205740938808	1205740948477
7	1205740970741	1205740978236
7	1205740996767	1205740998588
7	1205741086213	1205741088915
7	1205741089247	1205741091664
7	1205741102934	1205741105352
7	1205741296127	1205741298590
7	1205741403164	1205741404399
7	1205741679649	1205741680863
7	1205742396560	1205742398621
7	1205742730419	1205742733642
7	1205742736241	1205742738692
7	1205742742268	1205742745601
7	1205742746249	1205742750744
7	1205742751761	1205742755434
7	1205743983526	1205743986929
7	1205743988369	1205743998189
7	1205743998519	1205744004536
7	1205744570181	1205744571387
7	1205744765588	1205744766282
7	1205745493319	1205745495315
7	1205745500724	1205745519160
7	1205745679123	1205745682705
7	1205745687185	1205745691768
7	1205745694977	1205745696287
7	1205745697729	1205745699907
7	1205745700992	1205745704281
7	1205746961255	1205746970878
7	1205747823810	1205747830209
7	1205747830369	1205747841287
7	1205747855975	1205747861614
7	1205747965436	1205747967774
7	1205748308206	1205748310545
7	1205748460998	1205748463326
7	1205748465501	1205748470730
7	1205748814423	1205748815620
7	1205748815860	1205748820452
7	1205748827390	1205748832848
7	1205749071273	1205749075940
7	1205749402291	1205749406401
7	1205749519552	1205749525845
7	1205749711822	1205749713771
7	1205749717877	1205749719573
7	1205749732419	1205749734783
7	1205749735907	1205749737242
7	1205749821917	1205749828567
7	1205749832826	1205749837751
7	1205750017854	1205750020725
7	1205750024220	1205750033318
7	1205750037226	1205750041709
7	1205750051386	1205750059162
7	1205750061515	1205750063883
7	1205750076499	1205750081165
7	1205750082553	1205750085996
7	1205752991492	1205752993813
7	1205752994739	1205752995402
7	1205753708964	1205753711123
7	1205753749994	1205753757858
7	1205753858896	1205753861396
7	1205754126223	1205754130947
7	1205754143490	1205754146268
7	1205754670270	1205754676277
7	1205754723143	1205754725134
7	1205756039375	1205756040569
7	1205756067245	1205756078757
7	1205756084127	1205756086924
7	1205756110571	1205756115282
7	1205756738699	1205756742677
7	1205757393696	1205757405205
7	1205757459640	1205757464322
7	1205757723253	1205757724483
7	1205757725529	1205757728627
7	1205757884416	1205757888629
7	1205757982688	1205757984968
7	1205759218534	1205759223577
7	1205759223717	1205759225605
7	1205759385306	1205759387976
7	1205759543702	1205759546992
7	1205759903486	1205759906510
7	1205759906786	1205759912172
7	1205759914730	1205759916259
7	1205759921744	1205759925699
7	1205759942828	1205759948722
7	1205760410198	1205760412530
7	1205760412665	1205760428551
7	1205765088168	1205765092378
7	1205765731150	1205765733803
7	1205765738601	1205765740864
7	1205765762744	1205765765206
7	1205765819237	1205765829124
7	1205765906988	1205765912794
7	1205765920243	1205765925452
7	1205765962373	1205765963820
7	1205765965322	1205765970646
7	1205766339672	1205766342258
7	1205766349231	1205766351713
7	1205766358240	1205766360416
7	1205766371405	1205766375333
7	1205766720377	1205766724351
7	1205766724475	1205766726870
7	1205766727622	1205766730790
7	1205768258708	1205768265935
7	1205768380737	1205768384992
7	1205768984437	1205768989850
7	1205769395473	1205769398877
7	1205770572163	1205770577525
7	1205770580853	1205770586135
7	1205770722479	1205770723719
7	1205770923416	1205770925511
7	1205771368172	1205771371138
7	1205771376647	1205771381938
7	1205771393715	1205771396111
7	1205771421305	1205771422613
7	1205771554617	1205771556637
7	1205771874975	1205771878971
7	1205771880107	1205771882800
7	1205771885435	1205771895896
7	1205771896320	1205771911755
7	1205771912636	1205771920404
7	1205772072200	1205772075247
7	1205772075782	1205772081150
7	1205778969550	1205778973230
7	1205778975235	1205779006275
7	1205779011994	1205779013233
7	1205779014619	1205779022461
7	1205779035681	1205779038239
7	1205779038451	1205779039790
7	1205779053582	1205779054894
7	1205779070254	1205779075379
7	1205779142952	1205779146649
7	1205779146795	1205779153775
7	1205779238818	1205779242780
7	1205779243447	1205779249542
7	1205779254365	1205779254660
7	1205779265173	1205779269400
7	1205779656458	1205779662458
7	1205779669183	1205779671295
7	1205779672999	1205779675271
7	1205779777713	1205779780284
7	1205779857369	1205779863476
7	1205779864262	1205779870994
7	1205780115439	1205780118110
7	1205780180594	1205780183243
7	1205780409934	1205780415258
7	1205780644534	1205780646840
7	1205780647168	1205780651845
7	1205781711164	1205781714357
7	1205781735794	1205781749447
7	1205781761267	1205781764133
7	1205782207721	1205782214718
7	1205782280358	1205782284460
7	1205782328315	1205782330210
7	1205782378558	1205782383610
7	1205782482487	1205782484859
7	1205782573332	1205782582246
7	1205783422637	1205783424783
7	1205783437714	1205783448942
7	1205785309603	1205785313568
7	1205786372808	1205786379701
7	1205786496419	1205786502878
7	1205786510248	1205786513201
7	1205786829698	1205786833119
7	1205787285602	1205787288855
7	1205787537113	1205787539834
7	1205787816855	1205787822539
7	1205787997359	1205788006150
7	1205788168224	1205788172706
7	1205788179944	1205788183924
7	1205788184610	1205788188938
7	1205788206951	1205788211880
7	1205788212630	1205788217668
7	1205788232493	1205788234842
7	1205788310936	1205788312209
7	1205788316778	1205788318899
7	1205788325656	1205788327276
7	1205788353638	1205788358436
7	1205788566710	1205788567906
7	1205788568459	1205788571360
7	1205788603975	1205788606784
7	1205788618999	1205788622699
7	1205788772425	1205788774858
7	1205788799753	1205788802884
7	1205788835355	1205788837556
7	1205788844590	1205788846678
7	1205788853370	1205788855570
7	1205788970809	1205788973169
7	1205788973301	1205788975956
7	1205789010803	1205789017500
7	1205789018843	1205789020949
7	1205789024499	1205789026906
7	1205789027500	1205789030426
7	1205789043635	1205789049153
7	1205789063684	1205789065849
7	1205789153619	1205789163458
7	1205789182513	1205789189565
7	1205789202764	1205789207354
7	1205790849788	1205790856486
7	1205790923720	1205790924985
7	1205790987104	1205790991345
7	1205792328523	1205792329914
7	1205792330104	1205792332890
7	1205792342171	1205792347239
7	1205792575428	1205792579985
7	1205793034680	1205793040727
7	1205793684881	1205793693438
7	1205793715543	1205793721315
7	1205793737300	1205793741654
7	1205793845158	1205793847754
7	1205793851547	1205793854715
7	1205794306386	1205794307576
7	1205794308394	1205794312177
7	1205794316664	1205794320751
7	1205794447130	1205794450155
7	1205794450537	1205794453216
7	1205794557648	1205794564943
7	1205794749166	1205794753913
8	1205732997428	1205733000978
8	1205733004684	1205733008550
8	1205737952439	1205737955635
8	1205740217405	1205740219282
8	1205740670703	1205740673295
8	1205742771689	1205742773532
8	1205745864463	1205745866330
8	1205745997408	1205745999911
8	1205749404929	1205749409340
8	1205749517587	1205749521502
8	1205749851466	1205749854787
8	1205750006653	1205750010399
8	1205750051184	1205750056284
8	1205750095332	1205750099116
8	1205752988394	1205752993292
8	1205753005632	1205753008834
8	1205753704693	1205753705941
8	1205753763670	1205753767350
8	1205753857130	1205753861385
8	1205757887999	1205757892505
8	1205757980780	1205757984692
8	1205760430556	1205760434957
8	1205760489574	1205760490883
8	1205760492115	1205760496202
8	1205765086256	1205765090186
8	1205767250999	1205767256303
8	1205767258811	1205767263274
8	1205767880471	1205767886598
8	1205767914911	1205767919618
8	1205767920126	1205767922443
8	1205767925317	1205767927807
8	1205768130831	1205768132977
8	1205768264185	1205768268278
8	1205768378305	1205768382153
8	1205769210791	1205769213407
8	1205769228235	1205769229576
8	1205769261368	1205769263124
8	1205769295404	1205769297728
8	1205770573953	1205770577305
8	1205770578227	1205770581597
8	1205771159294	1205771162687
8	1205771272502	1205771273797
8	1205771370601	1205771377772
8	1205771870860	1205771872829
8	1205771907499	1205771911183
8	1205771915342	1205771923145
8	1205772031646	1205772034356
8	1205772061586	1205772063713
8	1205772087803	1205772089871
8	1205778967117	1205778978594
8	1205779071163	1205779080560
8	1205779082136	1205779088694
8	1205779140804	1205779144265
8	1205779228547	1205779232464
8	1205779257241	1205779260992
8	1205779265897	1205779271640
8	1205779651760	1205779655656
8	1205779712299	1205779716542
8	1205779763345	1205779767836
8	1205779855713	1205779859814
8	1205780047300	1205780051409
8	1205780079450	1205780084652
8	1205780104265	1205780107943
8	1205782213500	1205782218224
8	1205782278553	1205782282835
8	1205786643898	1205786648410
8	1205786815754	1205786818772
8	1205787831765	1205787835756
8	1205787937462	1205787940772
8	1205788187669	1205788193554
8	1205788203469	1205788207332
8	1205793048235	1205793051794
8	1205793216228	1205793219271
8	1205794310561	1205794318531
9	1205732996776	1205732998564
9	1205737945988	1205737959300
9	1205740216539	1205740218791
9	1205742769203	1205742775644
9	1205745861226	1205745867923
9	1205745997222	1205745999552
9	1205746000478	1205746004846
9	1205749516971	1205749519117
9	1205750006100	1205750007996
9	1205750096676	1205750098837
9	1205752987870	1205752989936
9	1205753764483	1205753766502
9	1205753856597	1205753858694
9	1205757889157	1205757892347
9	1205757980234	1205757982549
9	1205760493974	1205760495188
9	1205765085834	1205765087940
9	1205767207354	1205767210760
9	1205767536566	1205767537821
9	1205767790338	1205767793957
9	1205767879313	1205767888544
9	1205767915584	1205767919353
9	1205767920126	1205767925953
9	1205768023593	1205768034184
9	1205768034517	1205768038805
9	1205768083853	1205768086616
9	1205768130971	1205768133231
9	1205768147866	1205768153929
9	1205768242504	1205768249497
9	1205768264955	1205768267343
9	1205768377765	1205768380951
9	1205771158286	1205771161898
9	1205771271158	1205771278602
9	1205771909584	1205771911620
9	1205771919916	1205771923416
9	1205772060996	1205772062904
9	1205776114730	1205776118540
9	1205779082834	1205779086249
9	1205779140405	1205779144419
9	1205779228368	1205779230260
9	1205779269558	1205779273391
9	1205779651459	1205779653815
9	1205787833990	1205787836548
9	1205787936921	1205787940310
9	1205793049153	1205793052906
9	1205793215620	1205793217804
10	1205732979976	1205732982642
10	1205732992155	1205732995219
10	1205752523850	1205752527964
10	1205752754911	1205752759891
10	1205753006516	1205753009719
10	1205753010968	1205753013496
10	1205753058703	1205753067107
10	1205753075325	1205753079907
10	1205767207670	1205767209766
10	1205767248525	1205767252717
10	1205767287188	1205767289362
10	1205767324632	1205767329421
10	1205767345617	1205767347591
10	1205767361854	1205767366783
10	1205767375888	1205767378445
10	1205767741983	1205767744932
10	1205767786239	1205767787451
10	1205767787865	1205767791238
10	1205767792112	1205767803232
10	1205767868338	1205767879185
10	1205772178277	1205772181405
10	1205772203556	1205772206363
10	1205772684499	1205772688763
10	1205773297210	1205773300225
10	1205773336635	1205773339424
10	1205775093673	1205775098212
10	1205775446611	1205775449617
10	1205776264919	1205776267553
10	1205779787294	1205779789812
10	1205779793871	1205779796548
10	1205780321134	1205780323370
10	1205780327472	1205780329888
11	1205732979100	1205732982135
11	1205752613506	1205752616980
11	1205752630589	1205752634242
11	1205753077458	1205753079626
11	1205753109283	1205753112735
11	1205767176431	1205767182150
11	1205767192748	1205767205706
11	1205767215399	1205767217542
11	1205767264662	1205767266972
11	1205767328825	1205767330839
11	1205767340473	1205767342240
11	1205767363831	1205767367205
11	1205767422593	1205767428519
11	1205767434191	1205767438688
11	1205767454756	1205767459500
11	1205767532369	1205767534477
11	1205767554613	1205767558345
11	1205767610176	1205767613326
11	1205767648450	1205767650619
11	1205767654430	1205767656470
11	1205767676773	1205767678867
11	1205767682207	1205767684492
11	1205767717856	1205767722220
11	1205767761264	1205767763625
11	1205767765229	1205767767453
11	1205767779465	1205767781496
11	1205767795560	1205767799204
11	1205767799992	1205767804931
11	1205767876948	1205767879595
11	1205767888782	1205767892698
11	1205768004700	1205768007903
11	1205768060973	1205768062937
11	1205768066497	1205768068848
11	1205768244849	1205768247494
11	1205772176440	1205772178638
11	1205772389373	1205772393683
11	1205772394426	1205772398131
11	1205772430629	1205772436315
11	1205772452853	1205772454716
11	1205772555543	1205772555850
11	1205772564386	1205772567446
11	1205772645276	1205772647783
11	1205772682738	1205772687793
11	1205772874488	1205772885894
11	1205772911520	1205772914330
11	1205772983233	1205772986882
11	1205772994743	1205772999570
11	1205773013432	1205773020936
11	1205773037865	1205773037874
11	1205773041395	1205773045974
11	1205773051750	1205773056122
11	1205773069403	1205773074724
11	1205773095836	1205773100897
11	1205773109169	1205773113398
11	1205773125156	1205773132439
11	1205773142174	1205773143394
11	1205773146416	1205773147238
11	1205773150378	1205773150414
11	1205773152437	1205773154693
11	1205773229104	1205773246167
11	1205773246967	1205773259543
11	1205773259783	1205773265159
11	1205773271507	1205773274315
11	1205773285412	1205773288580
11	1205778134765	1205778141516
11	1205778148966	1205778153621
11	1205779757158	1205779762786
11	1205779769442	1205779771593
11	1205779771955	1205779778844
11	1205779794596	1205779810617
11	1205779815201	1205779817346
11	1205779818842	1205779824502
12	1205752125835	1205752128872
12	1205752537267	1205752550182
12	1205752552437	1205752567710
12	1205752567961	1205752575340
12	1205752580335	1205752580797
12	1205752592422	1205752592768
12	1205752594696	1205752599611
12	1205752600151	1205752602148
12	1205752606983	1205752609214
12	1205752615783	1205752617873
12	1205752618261	1205752626457
12	1205752626737	1205752632909
12	1205752652407	1205752654857
12	1205752655273	1205752681880
12	1205752682788	1205752689814
12	1205752695617	1205752704283
12	1205752707864	1205752710852
12	1205752711283	1205752712244
12	1205752716987	1205752724979
12	1205752734428	1205752734826
12	1205752745450	1205752749378
12	1205752749798	1205752751825
12	1205752754554	1205752756511
12	1205752757307	1205752763525
12	1205752769169	1205752770357
12	1205752781437	1205752785215
12	1205752809330	1205752811550
12	1205752815120	1205752818786
12	1205752820336	1205752825561
12	1205752826259	1205752828483
12	1205752829875	1205752832196
12	1205752846926	1205752850803
12	1205752851274	1205752853165
12	1205752859455	1205752861505
12	1205752884254	1205752886270
12	1205752891454	1205752895202
12	1205752897977	1205752901936
12	1205752913946	1205752917891
12	1205752924969	1205752930361
12	1205752931938	1205752954473
12	1205752954631	1205752970361
12	1205752970658	1205752974459
12	1205752974580	1205753005471
12	1205753012368	1205753015434
12	1205753015636	1205753026813
12	1205753038217	1205753053940
12	1205753063719	1205753067225
12	1205753069367	1205753070579
12	1205753071654	1205753115641
12	1205753118813	1205753122861
12	1205753123406	1205753125432
12	1205753126234	1205753131884
12	1205753134711	1205753139512
12	1205753150268	1205753151500
12	1205753165590	1205753172516
12	1205753176567	1205753181619
12	1205753195400	1205753198585
12	1205753214367	1205753220305
12	1205753221706	1205753226652
12	1205767202431	1205767204919
12	1205767794692	1205767796769
13	1205752120236	1205752122988
13	1205752124412	1205752126704
13	1205772819781	1205772825767
14	1205733006287	1205733008416
14	1205737944605	1205737946605
14	1205740215460	1205740217680
14	1205740221788	1205740223996
14	1205742724765	1205742726644
14	1205742768259	1205742770430
14	1205742772918	1205742775788
14	1205745860698	1205745862729
14	1205745865747	1205745867789
14	1205745995998	1205745998465
14	1205746001867	1205746003975
14	1205749406913	1205749409204
14	1205752104341	1205752109368
14	1205752110904	1205752113782
14	1205752114695	1205752117272
14	1205752118173	1205752124547
14	1205752137615	1205752140236
14	1205752170554	1205752177490
14	1205752184843	1205752187270
14	1205752192510	1205752194810
14	1205752208314	1205752209617
14	1205752232837	1205752235362
14	1205752256268	1205752259752
14	1205752276687	1205752278467
14	1205755421118	1205755423911
14	1205762327787	1205762329978
14	1205762332399	1205762336599
14	1205762337673	1205762340295
14	1205762393419	1205762395600
14	1205764837228	1205764847793
14	1205764990508	1205764992423
14	1205764992916	1205764994502
14	1205767157243	1205767159972
14	1205767199292	1205767200662
14	1205767202319	1205767209696
14	1205767218297	1205767220650
14	1205767383346	1205767385943
14	1205767387795	1205767389947
14	1205767409363	1205767411280
14	1205767419445	1205767421677
14	1205767430104	1205767432188
14	1205767436345	1205767438529
14	1205767607891	1205767610488
14	1205767789434	1205767791712
14	1205767792682	1205767796245
14	1205767877682	1205767879812
14	1205768240828	1205768243173
14	1205768247602	1205768249850
14	1205768265817	1205768267830
14	1205771274543	1205771278241
14	1205771281403	1205771284331
14	1205771285572	1205771286875
14	1205771290377	1205771292356
14	1205771293697	1205771296136
14	1205772326503	1205772328718
14	1205779084657	1205779085855
14	1205779270489	1205779271996
14	1205786645898	1205786648410
14	1205786814827	1205786816501
14	1205787834124	1205787836347
15	1205732995342	1205732998277
15	1205733006566	1205733008224
15	1205737943551	1205737947184
15	1205737955480	1205737956960
15	1205740260646	1205740263610
15	1205740325890	1205740327978
15	1205740669554	1205740671117
15	1205742723825	1205742728235
15	1205742768914	1205742771941
15	1205742773245	1205742775788
15	1205745860418	1205745863981
15	1205745865397	1205745869893
15	1205745996314	1205745999774
15	1205746002383	1205746004301
15	1205749407194	1205749409648
15	1205749515807	1205749519269
15	1205750004910	1205750006813
15	1205750098913	1205750100582
15	1205752089960	1205752090791
15	1205752102773	1205752121744
15	1205752123308	1205752140804
15	1205752141513	1205752142364
15	1205752151370	1205752153642
15	1205752155217	1205752157412
15	1205752170920	1205752177263
15	1205752186831	1205752196946
15	1205752205477	1205752210857
15	1205752221225	1205752223365
15	1205752224638	1205752227213
15	1205752227343	1205752235233
15	1205752235879	1205752239119
15	1205752247603	1205752251468
15	1205752256108	1205752258123
15	1205752259216	1205752261749
15	1205752276236	1205752280344
15	1205752319671	1205752322570
15	1205752625225	1205752627210
15	1205752986724	1205752988660
15	1205752989783	1205752991741
15	1205753007611	1205753009319
15	1205753258234	1205753260966
15	1205753288347	1205753293326
15	1205753379248	1205753385903
15	1205753765200	1205753767598
15	1205753855620	1205753857664
15	1205755420286	1205755428968
15	1205755456639	1205755462644
15	1205757890896	1205757892929
15	1205757979202	1205757982850
15	1205760494140	1205760496160
15	1205762333228	1205762335391
15	1205764836955	1205764840912
15	1205764984434	1205764985692
15	1205764986817	1205764989321
15	1205764989541	1205764994617
15	1205765084908	1205765086932
15	1205767156342	1205767160850
15	1205767188707	1205767193132
15	1205767198700	1205767207157
15	1205767300145	1205767301364
15	1205767328387	1205767333800
15	1205767336810	1205767338843
15	1205767379731	1205767383484
15	1205767574471	1205767575639
15	1205767771676	1205767775925
15	1205767791358	1205767801614
15	1205767801920	1205767804387
15	1205767876266	1205767879661
15	1205767881565	1205767885320
15	1205767888386	1205767897416
15	1205767909149	1205767915838
15	1205767917573	1205767920217
15	1205767921935	1205767925701
15	1205767999770	1205768007452
15	1205768008410	1205768011380
15	1205768020479	1205768028367
15	1205768081753	1205768086653
15	1205768164585	1205768167867
15	1205768202271	1205768205287
15	1205768211650	1205768217946
15	1205768236445	1205768238568
15	1205768239705	1205768245153
15	1205768247494	1205768251927
15	1205768266287	1205768269733
15	1205768376881	1205768378717
15	1205771129699	1205771130898
15	1205771157953	1205771159156
15	1205771274261	1205771279155
15	1205771868436	1205771870172
15	1205771921469	1205771925138
15	1205772030220	1205772031980
15	1205772089459	1205772091785
15	1205772295268	1205772298461
15	1205772305829	1205772307298
15	1205772325577	1205772327794
15	1205776116532	1205776117711
15	1205778965395	1205778969418
15	1205779084657	1205779087143
15	1205779139256	1205779142720
15	1205779270378	1205779273511
15	1205779650338	1205779652387
15	1205779854227	1205779857202
15	1205786646164	1205786649784
15	1205786814275	1205786816723
15	1205787834428	1205787838502
15	1205787935972	1205787938674
15	1205793050729	1205793054588
15	1205793214424	1205793217680
16	1205732994771	1205732997410
16	1205749515545	1205749517262
16	1205750098524	1205750101141
16	1205750895549	1205750899722
16	1205752097627	1205752102129
16	1205752117540	1205752119837
16	1205752126405	1205752132710
16	1205752135709	1205752137859
16	1205752183232	1205752186991
16	1205752187132	1205752190570
16	1205752208677	1205752212236
16	1205752226653	1205752231333
16	1205752248462	1205752253208
16	1205752261400	1205752265685
16	1205752313608	1205752319243
16	1205752522301	1205752529977
16	1205752624328	1205752626514
16	1205752627913	1205752630417
16	1205753059787	1205753062287
16	1205753382902	1205753389219
16	1205753765832	1205753767760
16	1205755459964	1205755462939
16	1205757890753	1205757892929
16	1205757978946	1205757980947
16	1205760494587	1205760496718
16	1205765084645	1205765086572
16	1205767155894	1205767158955
16	1205767176895	1205767179908
16	1205767183937	1205767185283
16	1205767186480	1205767194106
16	1205767198828	1205767206621
16	1205767210598	1205767212998
16	1205767227122	1205767228393
16	1205767289958	1205767292826
16	1205767301300	1205767305243
16	1205767329956	1205767333674
16	1205767374437	1205767377945
16	1205767378218	1205767383230
16	1205767402619	1205767406364
16	1205767406645	1205767410496
16	1205767439782	1205767442101
16	1205767448266	1205767452916
16	1205767490134	1205767492129
16	1205767513892	1205767518697
16	1205767525157	1205767528281
16	1205767530767	1205767536387
16	1205767545152	1205767548954
16	1205767557200	1205767558485
16	1205767567209	1205767568811
16	1205767583146	1205767590282
16	1205767608593	1205767611327
16	1205767617497	1205767622793
16	1205767627199	1205767630374
16	1205767669256	1205767671309
16	1205767680804	1205767689530
16	1205767699249	1205767700516
16	1205767700896	1205767707117
16	1205767707455	1205767709686
16	1205767710644	1205767714787
16	1205767720272	1205767729922
16	1205767736742	1205767740929
16	1205767749530	1205767755290
16	1205767757821	1205767759898
16	1205767768750	1205767774118
16	1205767787113	1205767790833
16	1205767795900	1205767812311
16	1205767814151	1205767819148
16	1205767860356	1205767864992
16	1205767871421	1205767880243
16	1205768241932	1205768245153
16	1205768266627	1205768268527
16	1205768376473	1205768379505
16	1205771142259	1205771146767
16	1205771156686	1205771160121
16	1205771920661	1205771921838
16	1205772205263	1205772207384
16	1205772221592	1205772223737
16	1205772226827	1205772231443
16	1205772294185	1205772297551
16	1205772873490	1205772875558
16	1205772914519	1205772918697
16	1205773112571	1205773114852
16	1205773122948	1205773125719
16	1205773260662	1205773262618
16	1205773270417	1205773272312
16	1205773298562	1205773300790
16	1205773336503	1205773338239
16	1205775092588	1205775094578
16	1205775448658	1205775451449
16	1205776113922	1205776115917
16	1205776116806	1205776120276
16	1205776122584	1205776125971
16	1205778150257	1205778152206
16	1205779139530	1205779141561
16	1205779226465	1205779228702
16	1205779271455	1205779274684
16	1205779649767	1205779653219
16	1205779756570	1205779758213
16	1205779775198	1205779777872
16	1205779786388	1205779787706
16	1205779820795	1205779823931
16	1205779853989	1205779855986
16	1205780328713	1205780330661
16	1205786646718	1205786648690
16	1205787935704	1205787937772
16	1205793051240	1205793053678
17	1205732978783	1205732981544
17	1205751431865	1205751436327
17	1205751455698	1205751458207
17	1205751467492	1205751472969
17	1205751484694	1205751487593
17	1205751487706	1205751489282
17	1205751491340	1205751495478
17	1205751495721	1205751498445
17	1205751501871	1205751504262
17	1205751506586	1205751508948
17	1205751527766	1205751533547
17	1205752117892	1205752120780
17	1205752127945	1205752130605
17	1205752133916	1205752135956
17	1205752172577	1205752178770
17	1205752527194	1205752531900
17	1205752566560	1205752568966
17	1205752608202	1205752615783
17	1205753110957	1205753113239
17	1205753223799	1205753225789
17	1205753386297	1205753389633
17	1205753390615	1205753394975
17	1205767172637	1205767184843
17	1205767185163	1205767199498
17	1205767201717	1205767204316
17	1205767206774	1205767209370
17	1205767209766	1205767216105
17	1205767325163	1205767326449
17	1205767326861	1205767329571
17	1205767330496	1205767334214
17	1205767370282	1205767374323
17	1205767406772	1205767409163
17	1205767421812	1205767425393
17	1205767436503	1205767438849
17	1205767475814	1205767478165
17	1205767487541	1205767489656
17	1205767531491	1205767534219
17	1205767572427	1205767574307
17	1205767608442	1205767610774
17	1205767643122	1205767646564
17	1205767664997	1205767666309
17	1205767718680	1205767719948
17	1205767736880	1205767738937
17	1205767794281	1205767796948
17	1205767797585	1205767800354
17	1205767803232	1205767808173
17	1205767810944	1205767813143
17	1205767859868	1205767862150
17	1205767863364	1205767867434
17	1205767869424	1205767872362
17	1205767872513	1205767875191
17	1205767876516	1205767880917
17	1205768245441	1205768250663
17	1205771144872	1205771147466
17	1205772205405	1205772207710
17	1205772221993	1205772227787
17	1205772387811	1205772392494
17	1205772981896	1205772985336
17	1205773111709	1205773113829
17	1205773260367	1205773262191
17	1205773298684	1205773301984
17	1205773335844	1205773338159
17	1205775091826	1205775094712
17	1205775448377	1205775452465
17	1205779774753	1205779777135
17	1205780328983	1205780330952
18	1205752118841	1205752119995
18	1205752126405	1205752130326
18	1205752314806	1205752315923
18	1205752317692	1205752320468
18	1205752413754	1205752420823
18	1205752426186	1205752428716
18	1205752534746	1205752539796
18	1205753165131	1205753171902
18	1205753177850	1205753180615
18	1205753185571	1205753186927
18	1205753190608	1205753191767
18	1205753214612	1205753216577
18	1205753220847	1205753226431
18	1205767179199	1205767183504
18	1205767201397	1205767204447
18	1205767206101	1205767208143
18	1205767221881	1205767224366
18	1205767226518	1205767230936
18	1205767231858	1205767234394
18	1205767236897	1205767239345
18	1205767285815	1205767286968
18	1205767287405	1205767291571
18	1205767368162	1205767369223
18	1205767384203	1205767385365
18	1205767385484	1205767388857
18	1205767403640	1205767407108
18	1205767420201	1205767422860
18	1205767793602	1205767798748
18	1205767800819	1205767802772
18	1205767812183	1205767817351
18	1205767875402	1205767883243
18	1205768018663	1205768021909
18	1205768050107	1205768052628
18	1205768184805	1205768187190
18	1205768192443	1205768194518
18	1205768239298	1205768241322
18	1205768244265	1205768245441
19	1205740323853	1205740326782
19	1205740338361	1205740340186
19	1205740353383	1205740357967
19	1205762477863	1205762479876
20	1205740188355	1205740190309
20	1205740190661	1205740194928
20	1205740202641	1205740204605
20	1205740207686	1205740214239
20	1205740239974	1205740248769
20	1205740253101	1205740255633
20	1205740268344	1205740272198
20	1205740282855	1205740289820
20	1205740290145	1205740295993
20	1205740299279	1205740303766
20	1205740324391	1205740326692
20	1205740342648	1205740346408
20	1205740349295	1205740365512
20	1205740367513	1205740372623
20	1205740376230	1205740383728
20	1205740385499	1205740392367
20	1205740406771	1205740412480
20	1205740433900	1205740436423
20	1205740442219	1205740443274
20	1205740513643	1205740515918
20	1205740519686	1205740520972
20	1205740622530	1205740625492
20	1205740670139	1205740671373
20	1205740839990	1205740842159
20	1205740855137	1205740857517
20	1205740969589	1205740971473
20	1205741005896	1205741007287
20	1205741174761	1205741176959
20	1205741286820	1205741288735
20	1205741303822	1205741305769
20	1205741791770	1205741795152
20	1205741884215	1205741888395
20	1205741888591	1205741894578
20	1205741895573	1205741898510
20	1205741904372	1205741906238
20	1205741930811	1205741935715
20	1205741958216	1205741960561
20	1205741961434	1205741964745
20	1205741985593	1205741989198
20	1205742111625	1205742113394
20	1205742137481	1205742146254
20	1205742146416	1205742149949
20	1205742243284	1205742246370
20	1205742252334	1205742253615
20	1205742256247	1205742258828
20	1205742278969	1205742281174
20	1205742312979	1205742315629
20	1205742315655	1205742318672
20	1205742414389	1205742416658
20	1205742416815	1205742438640
20	1205742474949	1205742476873
20	1205742524660	1205742526884
20	1205742532934	1205742535155
20	1205742597749	1205742602617
20	1205742617334	1205742622759
20	1205742632452	1205742637226
20	1205742645745	1205742658563
20	1205742684430	1205742688368
20	1205742699133	1205742701549
20	1205742722439	1205742724223
20	1205742726452	1205742729835
20	1205742729966	1205742737924
20	1205742786706	1205742788164
20	1205742794159	1205742796324
20	1205743191800	1205743198948
20	1205744356660	1205744358598
20	1205744770572	1205744775484
20	1205744924557	1205744935828
20	1205744965539	1205744971168
20	1205744972743	1205744979500
20	1205744999909	1205745002566
20	1205745018732	1205745020492
20	1205745022408	1205745025540
20	1205745105173	1205745107615
20	1205745140733	1205745143964
20	1205745145824	1205745149311
20	1205745729222	1205745732730
20	1205745738223	1205745739486
20	1205745745359	1205745747386
20	1205745778132	1205745780478
20	1205745782836	1205745785897
20	1205745857688	1205745865533
20	1205745867302	1205745872992
20	1205745896264	1205745899761
20	1205745994800	1205746000232
20	1205746003841	1205746006975
20	1205746006977	1205746011423
20	1205746864858	1205746875729
20	1205746928929	1205746934338
20	1205747179901	1205747181500
20	1205747242166	1205747244200
20	1205747339219	1205747341533
20	1205747762455	1205747764835
20	1205747766208	1205747770884
20	1205747875495	1205747877828
20	1205747912756	1205747915281
20	1205748212385	1205748226928
20	1205748227966	1205748250982
20	1205752087121	1205752099687
20	1205752100647	1205752104996
20	1205752107402	1205752114213
20	1205752119995	1205752147883
20	1205752307728	1205752314312
20	1205752314806	1205752319107
20	1205752389213	1205752392696
20	1205752398957	1205752403172
20	1205752406227	1205752419733
20	1205752427402	1205752427487
20	1205752439858	1205752458755
20	1205752461315	1205752469962
20	1205752472370	1205752476731
20	1205752480365	1205752482590
20	1205752483329	1205752485944
20	1205752488273	1205752494230
20	1205752500168	1205752504701
20	1205752507333	1205752524355
20	1205753078978	1205753083321
20	1205753083654	1205753084950
20	1205753091284	1205753093654
20	1205753102796	1205753107166
20	1205753122734	1205753130344
20	1205753131622	1205753136883
20	1205753228526	1205753230872
20	1205753233165	1205753237504
20	1205753261428	1205753266682
20	1205753268764	1205753272369
20	1205753399481	1205753407760
20	1205753430315	1205753436247
20	1205753575581	1205753577462
20	1205753587764	1205753589321
20	1205754119463	1205754127725
20	1205754746706	1205754751845
20	1205754755611	1205754756903
20	1205754758823	1205754763312
20	1205754764535	1205754768392
20	1205754772606	1205754778129
20	1205754782594	1205754788397
20	1205754797112	1205754805133
20	1205754805261	1205754807279
20	1205754812818	1205754814787
20	1205754837932	1205754840531
20	1205755068227	1205755070857
20	1205755071941	1205755075723
20	1205755377994	1205755382990
20	1205755417975	1205755423447
20	1205755424110	1205755429947
20	1205755431844	1205755435628
20	1205755438609	1205755443723
20	1205755458135	1205755464141
20	1205757516968	1205757521573
20	1205757616237	1205757618345
20	1205757779575	1205757781603
20	1205757863227	1205757873926
20	1205757890419	1205757892929
20	1205757895174	1205757897291
20	1205757939924	1205757942256
20	1205757960426	1205757962291
20	1205757962478	1205757965254
20	1205757967597	1205757969928
20	1205757980376	1205757982827
20	1205757984448	1205757988899
20	1205757998878	1205758000126
20	1205758000435	1205758003199
20	1205758274701	1205758276843
20	1205758293169	1205758296782
20	1205758297503	1205758300477
20	1205758300925	1205758306972
20	1205758309597	1205758311884
20	1205758315625	1205758317967
20	1205758330897	1205758333173
20	1205758367110	1205758369558
20	1205758395250	1205758400730
20	1205758401153	1205758405526
20	1205758453754	1205758456114
20	1205758456280	1205758459917
20	1205758551472	1205758553851
20	1205758565185	1205758567806
20	1205758570534	1205758572889
20	1205758598651	1205758601101
20	1205758616521	1205758617774
20	1205758625685	1205758628285
20	1205758935717	1205758937978
20	1205759014991	1205759017137
20	1205759134117	1205759136431
20	1205759140166	1205759146193
20	1205759213874	1205759218534
20	1205759518755	1205759526758
20	1205759645642	1205759650523
20	1205759666958	1205759669957
20	1205759691838	1205759695712
20	1205759849995	1205759852603
20	1205759881118	1205759883263
20	1205759884214	1205759891403
20	1205759929923	1205759932375
20	1205759950551	1205759952643
20	1205759974864	1205759976620
20	1205760203536	1205760204736
20	1205760265364	1205760267681
20	1205760279701	1205760282193
20	1205760283578	1205760285500
20	1205760336876	1205760338957
20	1205760508937	1205760510481
20	1205760511413	1205760512675
20	1205760512954	1205760515257
20	1205760539254	1205760541585
20	1205760568954	1205760570236
20	1205760570813	1205760573404
20	1205760575905	1205760577188
20	1205760610847	1205760613103
20	1205760754826	1205760756177
20	1205760793211	1205760795364
20	1205760801607	1205760803659
20	1205761073516	1205761075312
20	1205761179452	1205761180651
20	1205761226865	1205761228855
20	1205761236739	1205761238533
20	1205761297801	1205761299962
20	1205761336878	1205761338982
20	1205761391298	1205761393905
20	1205761397169	1205761401705
20	1205761406212	1205761410935
20	1205761433198	1205761434510
20	1205761463956	1205761467663
20	1205761470418	1205761476424
20	1205761480402	1205761483802
20	1205761494847	1205761497321
20	1205761528724	1205761530911
20	1205761573207	1205761576468
20	1205761578577	1205761580559
20	1205761596563	1205761598861
20	1205761619676	1205761621932
20	1205761626524	1205761627221
20	1205761638120	1205761640495
20	1205761648518	1205761655737
20	1205761817351	1205761820196
20	1205762392361	1205762394937
20	1205763298250	1205763304482
20	1205763310939	1205763313411
20	1205763339468	1205763341848
20	1205763351764	1205763356751
20	1205763357615	1205763362376
20	1205763405654	1205763407991
20	1205763410671	1205763413270
20	1205763437889	1205763440216
20	1205763441714	1205763443830
20	1205763446283	1205763451543
20	1205763466406	1205763475180
20	1205763476824	1205763479519
20	1205763480980	1205763482943
20	1205763504273	1205763506230
20	1205763507776	1205763510587
20	1205763516870	1205763518866
20	1205763541451	1205763543474
20	1205763553188	1205763555474
20	1205763560558	1205763561818
20	1205763643575	1205763653902
20	1205763687252	1205763691381
20	1205763693276	1205763695748
20	1205763697946	1205763701753
20	1205763745862	1205763748125
20	1205763748793	1205763751490
20	1205763828225	1205763832952
20	1205763834920	1205763837535
20	1205763890988	1205763892559
20	1205763942404	1205763943636
20	1205763959375	1205763963864
20	1205763972345	1205763974678
20	1205763982563	1205763984703
20	1205763988986	1205763991217
20	1205763998236	1205764000514
20	1205764016255	1205764019718
20	1205764034598	1205764036229
20	1205764063321	1205764066200
20	1205764066951	1205764069139
20	1205764197647	1205764199743
20	1205764228757	1205764231143
20	1205764248739	1205764250188
20	1205764254378	1205764256210
20	1205764256798	1205764262379
20	1205764271783	1205764278871
20	1205764327128	1205764342275
20	1205764343497	1205764345950
20	1205764361520	1205764370819
20	1205764371869	1205764374100
20	1205764385660	1205764389272
20	1205764389576	1205764391563
20	1205764392302	1205764398158
20	1205764399214	1205764401334
20	1205764402989	1205764405736
20	1205764405766	1205764413229
20	1205764414109	1205764416910
20	1205764429297	1205764431658
20	1205764460380	1205764464415
20	1205764470869	1205764476385
20	1205764512903	1205764516775
20	1205764521178	1205764522445
20	1205764548891	1205764552783
20	1205764595513	1205764601568
20	1205764679725	1205764685550
20	1205764709108	1205764714194
20	1205764724861	1205764730544
20	1205764798161	1205764802455
20	1205764815390	1205764817778
20	1205764821512	1205764824539
20	1205764852310	1205764857160
20	1205764871383	1205764873915
20	1205764888158	1205764893641
20	1205764942545	1205764948318
20	1205764974511	1205764977123
20	1205765052594	1205765053830
20	1205765122285	1205765127116
20	1205765155676	1205765157732
20	1205765322591	1205765324895
20	1205765377794	1205765379888
20	1205765512733	1205765514994
20	1205765756894	1205765759326
20	1205765808804	1205765811300
20	1205765852809	1205765855607
20	1205765918397	1205765920913
20	1205766032533	1205766035266
20	1205766042326	1205766044370
20	1205766056866	1205766062560
20	1205766065681	1205766068131
20	1205766077806	1205766080283
20	1205766088373	1205766095587
20	1205766096925	1205766103778
20	1205766103982	1205766113236
20	1205766122504	1205766132799
20	1205766133690	1205766142279
20	1205766146687	1205766159853
20	1205766165629	1205766168893
20	1205771295494	1205771300280
20	1205771300522	1205771312335
20	1205772249598	1205772256313
20	1205772256457	1205772263919
20	1205772362525	1205772366173
20	1205772697887	1205772702400
20	1205772704900	1205772706864
20	1205772718414	1205772721170
20	1205772721798	1205772724992
20	1205772826707	1205772830637
20	1205772854755	1205772857330
20	1205773115608	1205773121126
20	1205773263854	1205773268799
20	1205773697630	1205773702418
21	1205740187128	1205740189749
21	1205740214473	1205740216813
21	1205740223835	1205740227316
21	1205740228163	1205740231381
21	1205740243478	1205740248889
21	1205740251501	1205740255633
21	1205740262808	1205740267905
21	1205740312120	1205740314350
21	1205740319997	1205740327515
21	1205740336758	1205740339800
21	1205740341242	1205740344489
21	1205740387969	1205740392743
21	1205740405568	1205740409298
21	1205740453444	1205740458253
21	1205740621889	1205740626912
21	1205740756328	1205740757568
21	1205740757885	1205740761677
21	1205740871865	1205740876813
21	1205740938266	1205740948607
21	1205740968653	1205740971125
21	1205740971285	1205740976161
21	1205741149905	1205741153873
21	1205741169809	1205741178469
21	1205741188876	1205741190207
21	1205741311670	1205741318817
21	1205741336658	1205741339831
21	1205741374327	1205741377848
21	1205741459621	1205741463244
21	1205741466855	1205741474829
21	1205741542635	1205741547299
21	1205741622770	1205741627758
21	1205741665101	1205741669240
21	1205741741817	1205741747727
21	1205741754544	1205741756967
21	1205741774317	1205741776785
21	1205741787583	1205741795666
21	1205741801866	1205741805204
21	1205741817901	1205741822917
21	1205741922555	1205741926352
21	1205741930975	1205741934684
21	1205741960155	1205741965443
21	1205742039274	1205742042592
21	1205742044185	1205742047862
21	1205742065853	1205742071640
21	1205742161750	1205742168369
21	1205742181332	1205742186700
21	1205742204615	1205742208176
21	1205742212295	1205742216680
21	1205742290140	1205742298782
21	1205742335475	1205742341449
21	1205742379653	1205742381883
21	1205742414143	1205742423685
21	1205742430832	1205742435354
21	1205742469409	1205742474143
21	1205742485375	1205742490127
21	1205742523130	1205742533683
21	1205742538859	1205742542934
21	1205742559317	1205742561571
21	1205742563299	1205742571887
21	1205742594914	1205742604362
21	1205742614448	1205742621768
21	1205742722289	1205742728419
21	1205742766688	1205742769743
21	1205742774900	1205742785533
21	1205742794339	1205742799307
21	1205743190427	1205743193566
21	1205744967250	1205744971531
21	1205745858989	1205745862594
21	1205745867334	1205745870234
21	1205745994958	1205745997912
21	1205746002950	1205746005777
21	1205748247925	1205748251260
21	1205752086162	1205752089363
21	1205752102490	1205752106368
21	1205752143666	1205752149438
21	1205752306577	1205752309724
21	1205752316267	1205752319482
21	1205752386966	1205752391485
21	1205752411670	1205752417659
21	1205752499400	1205752502402
21	1205752519689	1205752523266
21	1205753077180	1205753082590
21	1205753135139	1205753141776
21	1205753228881	1205753230611
21	1205753260326	1205753263490
21	1205753266937	1205753277719
21	1205753283131	1205753286459
21	1205753299174	1205753301978
21	1205753398303	1205753401597
21	1205753432739	1205753435782
21	1205753481702	1205753486555
21	1205753567491	1205753571564
21	1205753624126	1205753629682
21	1205753658770	1205753662106
21	1205753674959	1205753679925
21	1205754786358	1205754791176
21	1205754795585	1205754799289
21	1205754800470	1205754802776
21	1205755375379	1205755381700
21	1205755416111	1205755422325
21	1205759520112	1205759523508
21	1205759643896	1205759647704
21	1205761618638	1205761626963
21	1205761630309	1205761632757
21	1205761638608	1205761640798
21	1205761649249	1205761654151
21	1205761656756	1205761658721
21	1205761716184	1205761718303
21	1205761731784	1205761736175
21	1205761740665	1205761745623
21	1205761756575	1205761758570
21	1205761767930	1205761770353
21	1205761772596	1205761775962
21	1205761805420	1205761806310
21	1205761807137	1205761809143
21	1205761917630	1205761919760
21	1205761920583	1205761927698
21	1205761932266	1205761935931
21	1205761961898	1205761964388
21	1205761975391	1205761977634
21	1205761997533	1205761999526
21	1205762052556	1205762054576
21	1205762237792	1205762241780
21	1205762392117	1205762393802
21	1205762419316	1205762421796
21	1205762539510	1205762541274
21	1205762552835	1205762557390
21	1205762574625	1205762577938
21	1205762581258	1205762583627
21	1205762696279	1205762698849
21	1205762745305	1205762750374
21	1205762796144	1205762798508
21	1205762918435	1205762920629
21	1205762960874	1205762965555
21	1205762983778	1205762988882
21	1205763001589	1205763009618
21	1205763252713	1205763255684
21	1205763257618	1205763259634
21	1205763263118	1205763265448
21	1205763265792	1205763267791
21	1205763300448	1205763311603
21	1205763311730	1205763314455
21	1205763317621	1205763320341
21	1205763327482	1205763328754
21	1205763332684	1205763335638
21	1205763342785	1205763353900
21	1205763355627	1205763356910
21	1205763399843	1205763402464
21	1205763455730	1205763457871
21	1205763492917	1205763497102
21	1205763497362	1205763498664
21	1205763644751	1205763647756
21	1205763674127	1205763676543
21	1205763677106	1205763687421
21	1205763690293	1205763692995
21	1205763830790	1205763839255
21	1205763889422	1205763893398
21	1205763998361	1205763999738
21	1205764152491	1205764157897
21	1205764168288	1205764170237
21	1205764192159	1205764198863
21	1205764202187	1205764204813
21	1205764206354	1205764210850
21	1205764261187	1205764265384
21	1205764272145	1205764277308
21	1205764279860	1205764282752
21	1205764284275	1205764287396
21	1205764352632	1205764354906
21	1205764411532	1205764415248
21	1205764417430	1205764419675
21	1205764420756	1205764424996
21	1205764427116	1205764430497
21	1205764509309	1205764511764
21	1205764511896	1205764514659
21	1205764675522	1205764679600
21	1205764780326	1205764783764
21	1205764816220	1205764821162
21	1205764829133	1205764837502
21	1205764846200	1205764849710
21	1205764860214	1205764868375
21	1205764871813	1205764874215
21	1205764880664	1205764881949
21	1205764882949	1205764885268
21	1205764887612	1205764892861
21	1205764903849	1205764906474
21	1205764948447	1205764950821
21	1205766156548	1205766161249
21	1205766162456	1205766165981
21	1205766166181	1205766169307
21	1205767158315	1205767159585
21	1205767436159	1205767438145
21	1205767794286	1205767796479
21	1205771276277	1205771280287
21	1205771294208	1205771297205
21	1205771308185	1205771311268
21	1205772248378	1205772251583
21	1205772260667	1205772264671
21	1205772266458	1205772271686
21	1205772272685	1205772275155
21	1205772327992	1205772337351
21	1205772360932	1205772370952
21	1205772386468	1205772388515
21	1205772442521	1205772453944
21	1205772676418	1205772683299
21	1205772684299	1205772685595
21	1205772688329	1205772689609
21	1205772697158	1205772699496
21	1205772705243	1205772707956
21	1205772717263	1205772719507
21	1205772722732	1205772725924
21	1205772825887	1205772828621
21	1205772855235	1205772858510
21	1205773114160	1205773117104
21	1205773119334	1205773124156
21	1205773262886	1205773269310
22	1205737956698	1205737960654
22	1205740246719	1205740249810
22	1205740250861	1205740253987
22	1205740325679	1205740328774
22	1205740336216	1205740338488
22	1205742618391	1205742623100
22	1205742795851	1205742798717
22	1205748249802	1205748251966
22	1205752085426	1205752088215
22	1205752102902	1205752106887
22	1205752109503	1205752120509
22	1205752147883	1205752150366
22	1205752208869	1205752219636
22	1205752276967	1205752280488
22	1205752287538	1205752293953
22	1205752300239	1205752308112
22	1205752320628	1205752324952
22	1205752357694	1205752361908
22	1205752520946	1205752524133
22	1205753073426	1205753081617
22	1205753274361	1205753274398
22	1205753296896	1205753299174
22	1205753676493	1205753679785
22	1205754787741	1205754790622
22	1205754794694	1205754797852
22	1205755380387	1205755392147
22	1205755394749	1205755403164
22	1205759521288	1205759524336
22	1205759643975	1205759646963
22	1205761618372	1205761619958
22	1205764832671	1205764840335
22	1205764948600	1205764950380
22	1205765121727	1205765123641
22	1205766157888	1205766164159
22	1205766167625	1205766170409
22	1205767158592	1205767162773
22	1205767185428	1205767186720
22	1205767193677	1205767195430
22	1205767200117	1205767205154
22	1205767210899	1205767216345
22	1205767794946	1205767800204
22	1205767867964	1205767870873
22	1205767880737	1205767888544
22	1205767895361	1205767896648
22	1205767928573	1205767931883
22	1205768037622	1205768038282
22	1205768083645	1205768086653
22	1205768140207	1205768142340
22	1205768157528	1205768159976
22	1205768198276	1205768203173
22	1205768232435	1205768245441
22	1205771309113	1205771312178
22	1205772208836	1205772211112
22	1205772231592	1205772235227
22	1205772240692	1205772243274
22	1205772243543	1205772251583
22	1205772272566	1205772275487
22	1205772390198	1205772393826
22	1205772415155	1205772420450
22	1205772439190	1205772445961
22	1205772450252	1205772454102
22	1205772670767	1205772679839
22	1205772680233	1205772684752
22	1205772689143	1205772691744
22	1205772706322	1205772709940
22	1205772715874	1205772717854
22	1205772724406	1205772727534
22	1205772825296	1205772827617
22	1205772856973	1205772859869
22	1205773267406	1205773270417
22	1205778132915	1205778134641
22	1205778963997	1205778966259
22	1205779755243	1205779757158
23	1205733007742	1205733010244
23	1205737942757	1205737945405
23	1205740185283	1205740187451
23	1205740329257	1205740333758
23	1205740337686	1205740340676
23	1205740667913	1205740669783
23	1205742619773	1205742624479
23	1205742796455	1205742799579
23	1205743148177	1205743149390
23	1205748249815	1205748252356
23	1205749408523	1205749412359
23	1205749514717	1205749516632
23	1205751459779	1205751462127
23	1205751530429	1205751535589
23	1205752084860	1205752091159
23	1205752116465	1205752117757
23	1205752211801	1205752214377
23	1205752308913	1205752310164
23	1205752346257	1205752350143
23	1205752361712	1205752365569
23	1205753009719	1205753012233
23	1205753070715	1205753074941
23	1205753181953	1205753185239
23	1205753191256	1205753198585
23	1205753201378	1205753206746
23	1205753212239	1205753219479
23	1205753264322	1205753266370
23	1205753278217	1205753281561
23	1205753282828	1205753286951
23	1205753297242	1205753300637
23	1205753376905	1205753380322
23	1205753670627	1205753672517
23	1205753672823	1205753676100
23	1205753678257	1205753680814
23	1205754788719	1205754792415
23	1205754793884	1205754796835
23	1205755373637	1205755374863
23	1205755377774	1205755381700
23	1205755400397	1205755402224
23	1205759521900	1205759525280
23	1205759642349	1205759645122
23	1205761616598	1205761619496
23	1205765122243	1205765125386
23	1205766168631	1205766170537
23	1205767159585	1205767163939
23	1205767166943	1205767173838
23	1205767175676	1205767177139
23	1205767179557	1205767185597
23	1205767792112	1205767810889
23	1205767814278	1205767818877
23	1205767856223	1205767860117
23	1205767874369	1205767877973
23	1205768238729	1205768244265
23	1205771127888	1205771130663
23	1205771309850	1205771313130
23	1205771922682	1205771924773
23	1205772200245	1205772202537
23	1205772207833	1205772212968
23	1205772230894	1205772233879
23	1205772336731	1205772338843
23	1205772358823	1205772363871
23	1205772393404	1205772395988
23	1205772673354	1205772675581
23	1205772690559	1205772697441
23	1205772714167	1205772716966
23	1205772771618	1205772773748
23	1205772824277	1205772826847
23	1205772871888	1205772876708
23	1205776266966	1205776269333
23	1205778133166	1205778135263
23	1205778150910	1205778153356
23	1205779272183	1205779275235
23	1205779754962	1205779756841
23	1205779776609	1205779777278
23	1205779785448	1205779787572
23	1205779822730	1205779823656
23	1205786813354	1205786816340
23	1205793051928	1205793053906
24	1205732976134	1205732980231
24	1205737928228	1205737930970
24	1205740184581	1205740185693
24	1205740258195	1205740261284
24	1205740666881	1205740668729
24	1205742621455	1205742625119
24	1205749410408	1205749412744
24	1205749513715	1205749517262
24	1205749847289	1205749849194
24	1205750002491	1205750004476
24	1205750100856	1205750103716
24	1205750894136	1205750897370
24	1205750897839	1205750901666
24	1205751428865	1205751433386
24	1205751529179	1205751539929
24	1205751621216	1205751625408
24	1205751626962	1205751632504
24	1205751685347	1205751690243
24	1205751744281	1205751747775
24	1205751759866	1205751761836
24	1205751765500	1205751767962
24	1205751773523	1205751779747
24	1205751782814	1205751787242
24	1205751788747	1205751790642
24	1205751796761	1205751799169
24	1205751801655	1205751804409
24	1205751822289	1205751826363
24	1205751835648	1205751838816
24	1205751886135	1205751888778
24	1205751892757	1205751897380
24	1205751940624	1205751945906
24	1205751946716	1205751949275
24	1205751958239	1205751960551
24	1205751962369	1205751973414
24	1205751991149	1205751997588
24	1205751999607	1205752009843
24	1205752015616	1205752020217
24	1205752024485	1205752032111
24	1205752043708	1205752049918
24	1205752086416	1205752090839
24	1205752093357	1205752097947
24	1205752310291	1205752313198
24	1205753010234	1205753011854
24	1205753061139	1205753064989
24	1205753111731	1205753113911
24	1205753190456	1205753191642
24	1205753255555	1205753258501
24	1205753262510	1205753266682
24	1205753276355	1205753280612
24	1205753374586	1205753379132
24	1205753679212	1205753681892
24	1205753767350	1205753770816
24	1205753853800	1205753855894
24	1205755371490	1205755379623
24	1205755462211	1205755465795
24	1205756272997	1205756278255
24	1205757892505	1205757895309
24	1205757977474	1205757979738
24	1205760496435	1205760499336
24	1205761615176	1205761618902
24	1205765082855	1205765085424
24	1205767153679	1205767157243
24	1205767167542	1205767170783
24	1205767178329	1205767182872
24	1205767184915	1205767206774
24	1205767217109	1205767227257
24	1205767438343	1205767440915
24	1205767476836	1205767478403
24	1205767478931	1205767481101
24	1205767489522	1205767491434
24	1205767507505	1205767509450
24	1205767510100	1205767513742
24	1205767521446	1205767527981
24	1205767568411	1205767570647
24	1205767733714	1205767736116
24	1205767761103	1205767765363
24	1205767777598	1205767780572
24	1205767798626	1205767813787
24	1205767817599	1205767822924
24	1205767832676	1205767834941
24	1205767854651	1205767857875
24	1205767858627	1205767865786
24	1205767867434	1205767877201
24	1205768242216	1205768255184
24	1205768268129	1205768270867
24	1205768374478	1205768377978
24	1205769298188	1205769299354
24	1205771126532	1205771130207
24	1205771145157	1205771148795
24	1205771153988	1205771157230
24	1205771866442	1205771867592
24	1205771922402	1205771926868
24	1205772028354	1205772030946
24	1205772058637	1205772060395
24	1205772081604	1205772083417
24	1205772091659	1205772093282
24	1205772173136	1205772175463
24	1205772177125	1205772179369
24	1205772206587	1205772209142
24	1205772218562	1205772222845
24	1205772227913	1205772231829
24	1205772237468	1205772243678
24	1205772247338	1205772257121
24	1205772260405	1205772262642
24	1205772262774	1205772272450
24	1205772280776	1205772287616
24	1205772287819	1205772295532
24	1205772336162	1205772339485
24	1205772355382	1205772359132
24	1205772368355	1205772372327
24	1205772372744	1205772375329
24	1205772386522	1205772388130
24	1205772916890	1205772919620
24	1205772919836	1205772924461
24	1205772932667	1205772935533
24	1205772940494	1205772943853
24	1205772947620	1205772949475
24	1205772955573	1205772957822
24	1205772958574	1205772962235
24	1205773287911	1205773291545
24	1205773299486	1205773301838
24	1205773335104	1205773336989
24	1205775449837	1205775453276
24	1205776111625	1205776114126
24	1205776124940	1205776128773
24	1205778961696	1205778963510
24	1205779086240	1205779089772
24	1205779137114	1205779140656
24	1205779224997	1205779227550
24	1205779272961	1205779275681
24	1205779647966	1205779650983
24	1205779852192	1205779854882
24	1205780318740	1205780322542
24	1205780329755	1205780331733
24	1205786648122	1205786650930
24	1205787836884	1205787839854
24	1205787934721	1205787936506
24	1205793212283	1205793214798
25	1205750894406	1205750897509
25	1205751525760	1205751527612
25	1205751530993	1205751534920
25	1205751535309	1205751538466
25	1205751743983	1205751745833
25	1205751944328	1205751946596
25	1205752001394	1205752003401
25	1205752004929	1205752007539
25	1205752047365	1205752052361
25	1205752312490	1205752315580
25	1205753207217	1205753212372
25	1205753222657	1205753228881
25	1205753373403	1205753374840
25	1205753393757	1205753397789
25	1205755463755	1205755466259
25	1205756272526	1205756276239
25	1205767172313	1205767179199
25	1205767180185	1205767184743
25	1205767186233	1205767205549
25	1205767209230	1205767213971
25	1205767226714	1205767229171
25	1205767232556	1205767234824
25	1205767331244	1205767333362
25	1205767424907	1205767427342
25	1205767437598	1205767442754
25	1205767442903	1205767445938
25	1205767543946	1205767548773
25	1205767582926	1205767585214
25	1205767646564	1205767650619
25	1205767731616	1205767735989
25	1205767739737	1205767745517
25	1205767746870	1205767748286
25	1205767756993	1205767761264
25	1205767790506	1205767819358
25	1205767819802	1205767825172
25	1205767825441	1205767828277
25	1205767829253	1205767834723
25	1205767854159	1205767855439
25	1205767857423	1205767859598
25	1205767862150	1205767865111
25	1205767865334	1205767869678
25	1205767871828	1205767877549
25	1205767879812	1205767882261
25	1205768242868	1205768254397
25	1205768268727	1205768272239
25	1205771145411	1205771146613
25	1205772171344	1205772173436
25	1205772209690	1205772213450
25	1205772213754	1205772220949
25	1205772221275	1205772223512
25	1205772230435	1205772238868
25	1205772278355	1205772281728
25	1205772289816	1205772292349
25	1205772980516	1205772983876
25	1205773334588	1205773337376
25	1205775090494	1205775092462
25	1205779274684	1205779276762
25	1205779647538	1205779648932
25	1205780330339	1205780332941
26	1205753522339	1205753526147
26	1205756004530	1205756007144
26	1205756010771	1205756014114
26	1205767203807	1205767212731
26	1205767225350	1205767229574
26	1205767245966	1205767249423
26	1205767294668	1205767297835
26	1205767310542	1205767312714
26	1205767314682	1205767316675
26	1205767330832	1205767333770
26	1205767343625	1205767348186
26	1205767359725	1205767362486
26	1205767366390	1205767368533
26	1205767389525	1205767390737
26	1205767391219	1205767394373
26	1205767415825	1205767420981
26	1205767434497	1205767439121
26	1205767451623	1205767458940
26	1205767470556	1205767473814
26	1205767484534	1205767488107
26	1205767518186	1205767520463
26	1205767525301	1205767528157
26	1205767542968	1205767547286
26	1205767623953	1205767626289
26	1205767626425	1205767628537
26	1205767632122	1205767634390
26	1205767635192	1205767637508
26	1205767657284	1205767658251
26	1205767679113	1205767680306
26	1205767718435	1205767720272
26	1205767740695	1205767745131
26	1205767746445	1205767750186
26	1205767756901	1205767763222
26	1205767771515	1205767777270
26	1205767790219	1205767800569
26	1205767803800	1205767805267
26	1205767862486	1205767866104
26	1205767874497	1205767882856
26	1205768184488	1205768186318
26	1205768239840	1205768249497
26	1205774926342	1205774929885
26	1205775087822	1205775092154
27	1205737930280	1205737933254
27	1205737933523	1205737935648
27	1205740247818	1205740253217
27	1205740335126	1205740336884
27	1205743149620	1205743151935
27	1205743188703	1205743192584
27	1205746599243	1205746602158
27	1205746622474	1205746624738
27	1205749172995	1205749175307
27	1205749186954	1205749190533
27	1205749779249	1205749782998
27	1205749795455	1205749799382
27	1205752103861	1205752111349
27	1205752147731	1205752149864
27	1205752152326	1205752157532
27	1205752163915	1205752173412
27	1205752189927	1205752197528
27	1205752204186	1205752217228
27	1205752219758	1205752228500
27	1205752231204	1205752237983
27	1205752244538	1205752244769
27	1205752285289	1205752292614
27	1205752301199	1205752311456
27	1205752318146	1205752321846
27	1205752322732	1205752326483
27	1205752344531	1205752348469
27	1205752350835	1205752356480
27	1205752385710	1205752389213
27	1205767188717	1205767189998
27	1205767200662	1205767204741
27	1205767207670	1205767208721
27	1205767210765	1205767213814
27	1205767213971	1205767216105
27	1205767216697	1205767218788
27	1205767234908	1205767235935
27	1205767331524	1205767335119
27	1205767363695	1205767365911
27	1205767368344	1205767372493
27	1205767402619	1205767404520
27	1205767798713	1205767800354
27	1205767840723	1205767841284
27	1205768247494	1205768251432
27	1205768251927	1205768254755
27	1205772242187	1205772245990
27	1205772249353	1205772251154
27	1205772251289	1205772254436
27	1205772272854	1205772275735
27	1205772285894	1205772287862
27	1205772288916	1205772291653
27	1205772315897	1205772318315
27	1205772331125	1205772335855
27	1205776268104	1205776270380
27	1205778131636	1205778134315
27	1205778151937	1205778154697
27	1205778962249	1205778964431
27	1205779754372	1205779757517
27	1205779777135	1205779780489
27	1205779783851	1205779786683
27	1205779823223	1205779826119
27	1205780312550	1205780314660
28	1205737929966	1205737940549
28	1205737958548	1205737961376
28	1205740327146	1205740333554
28	1205740333884	1205740338740
28	1205746598541	1205746601453
28	1205746623114	1205746626648
28	1205749171869	1205749174670
28	1205749187731	1205749190957
28	1205749778602	1205749781739
28	1205749796183	1205749799513
28	1205749999459	1205750002721
28	1205750004257	1205750007591
28	1205751459160	1205751461885
28	1205751535990	1205751537270
28	1205751558782	1205751559996
28	1205751568759	1205751573286
28	1205752309922	1205752311329
28	1205753272441	1205753275197
28	1205753277336	1205753282233
28	1205753672823	1205753675773
28	1205753675961	1205753681561
28	1205754789447	1205754799390
28	1205755401365	1205755404106
28	1205766169836	1205766172348
28	1205766172503	1205766175231
28	1205767167762	1205767169933
28	1205767172313	1205767178473
28	1205767183687	1205767189769
28	1205767217542	1205767222290
28	1205767223382	1205767251849
28	1205767252837	1205767272972
28	1205767274805	1205767284367
28	1205767284859	1205767300838
28	1205767301195	1205767325649
28	1205767326629	1205767365773
28	1205767366165	1205767367373
28	1205767368924	1205767369973
28	1205767370533	1205767384784
28	1205767387795	1205767389749
28	1205767390277	1205767392171
28	1205767396427	1205767403201
28	1205767412336	1205767415561
28	1205767417209	1205767427889
28	1205767431283	1205767439617
28	1205767441682	1205767473572
28	1205767476835	1205767481419
28	1205767482135	1205767490265
28	1205767491569	1205767515774
28	1205767518144	1205767523302
28	1205767525301	1205767533393
28	1205767535871	1205767548613
28	1205767549836	1205767559830
28	1205767560356	1205767562520
28	1205767566104	1205767588432
28	1205767589423	1205767591834
28	1205767592604	1205767594963
28	1205767601616	1205767603561
28	1205767604911	1205767614490
28	1205767614682	1205767629742
28	1205767635967	1205767640289
28	1205767640709	1205767649372
28	1205767650210	1205767657176
28	1205767663831	1205767672602
28	1205767674804	1205767682256
28	1205767682760	1205767717726
28	1205767730224	1205767741235
28	1205767742245	1205767745725
28	1205767746265	1205767748413
28	1205767764434	1205767764579
28	1205767770382	1205767792112
28	1205767813607	1205767836233
28	1205767836537	1205767844102
28	1205767851326	1205767857188
28	1205767858365	1205767860236
28	1205767860766	1205767866508
28	1205767871548	1205767873495
28	1205767874115	1205767889711
28	1205767890504	1205767901614
28	1205767907463	1205767909349
28	1205767909694	1205767921215
28	1205767930772	1205767934756
28	1205767935467	1205767937920
28	1205767939282	1205767942873
28	1205767944795	1205767947506
28	1205767947763	1205767975745
28	1205767975971	1205767984487
28	1205767985299	1205767986531
28	1205767986952	1205767995432
28	1205767996161	1205768012517
28	1205768015220	1205768017166
28	1205768019675	1205768022749
28	1205768024844	1205768035493
28	1205768036416	1205768040797
28	1205768041430	1205768048184
28	1205768054896	1205768078258
28	1205768079426	1205768085647
28	1205768087507	1205768089926
28	1205768091883	1205768094177
28	1205768095487	1205768100965
28	1205768101206	1205768104485
28	1205768105165	1205768113779
28	1205768118486	1205768124436
28	1205768124604	1205768128181
28	1205768132389	1205768137844
28	1205768140207	1205768143385
28	1205768145630	1205768147993
28	1205768158485	1205768159789
28	1205768165799	1205768167999
28	1205768180510	1205768183464
28	1205768185238	1205768187347
28	1205768188345	1205768190471
28	1205768191538	1205768198535
28	1205768201717	1205768205615
28	1205768205789	1205768213653
28	1205768215716	1205768237472
28	1205768240296	1205768250528
28	1205768252201	1205768257231
28	1205772201911	1205772209468
28	1205772232191	1205772234293
28	1205772235949	1205772238868
28	1205772241574	1205772245512
28	1205772470886	1205772476206
28	1205772563858	1205772568326
28	1205778961120	1205778964268
28	1205780313461	1205780315636
29	1205737959740	1205737962462
29	1205746597519	1205746600356
29	1205746624161	1205746626965
29	1205749170603	1205749172808
29	1205749778272	1205749779506
29	1205749797925	1205749800384
29	1205749997981	1205750001332
29	1205750005556	1205750008374
29	1205751426989	1205751429130
29	1205751436656	1205751443367
29	1205751530849	1205751543695
29	1205751544461	1205751548710
29	1205751550870	1205751552967
29	1205751553477	1205751564225
29	1205751568628	1205751571633
29	1205751577907	1205751581639
29	1205751583942	1205751587368
29	1205751592108	1205751595486
29	1205751599339	1205751601933
29	1205751613435	1205751615545
29	1205751619924	1205751622248
29	1205751628512	1205751630716
29	1205751642775	1205751644665
29	1205751646606	1205751648501
29	1205751648902	1205751652403
29	1205751659700	1205751660340
29	1205751663910	1205751667381
29	1205751676737	1205751678107
29	1205751708633	1205751711477
29	1205751737757	1205751740737
29	1205751741348	1205751746239
29	1205751747449	1205751749399
29	1205751752109	1205751753409
29	1205751762120	1205751772683
29	1205751829551	1205751830789
29	1205751847253	1205751850632
29	1205751891385	1205751896511
29	1205751897448	1205751902114
29	1205751906812	1205751908870
29	1205751921447	1205751921471
29	1205751947251	1205751949407
29	1205751964802	1205751969742
29	1205751985187	1205751987384
29	1205751993189	1205751997191
29	1205752009531	1205752009828
29	1205752014356	1205752018486
29	1205752028480	1205752035654
29	1205752038618	1205752040687
29	1205752045895	1205752053590
29	1205752085680	1205752087524
29	1205753273439	1205753277585
29	1205753663537	1205753666709
29	1205753679517	1205753683623
29	1205755371638	1205755372929
29	1205755402650	1205755405810
29	1205766172654	1205766174195
29	1205767197294	1205767199164
29	1205767200506	1205767204919
29	1205767533127	1205767538101
29	1205767795679	1205767810455
29	1205767810582	1205767812773
29	1205767814405	1205767815681
29	1205767872513	1205767876816
29	1205768244265	1205768247602
29	1205768249497	1205768251295
29	1205768254562	1205768259580
29	1205768270217	1205768272239
29	1205772212274	1205772214696
29	1205772216288	1205772217554
29	1205772289943	1205772292399
29	1205772361883	1205772364307
29	1205772474451	1205772476375
29	1205772478298	1205772480385
29	1205772774473	1205772776985
29	1205778960312	1205778962538
29	1205780317132	1205780319838
29	1205793054648	1205793055934
30	1205732974871	1205732978642
30	1205737926702	1205737930767
30	1205737961943	1205737963292
30	1205740257111	1205740261309
30	1205740665463	1205740668168
30	1205742623516	1205742626436
30	1205742798512	1205742801419
30	1205743146482	1205743149984
30	1205746596942	1205746599793
30	1205746624905	1205746627690
30	1205748251688	1205748255555
30	1205749169773	1205749173537
30	1205749189959	1205749193212
30	1205749410973	1205749414759
30	1205749512233	1205749515935
30	1205749776754	1205749780504
30	1205749798136	1205749802841
30	1205749808247	1205749810780
30	1205749810917	1205749819129
30	1205749997313	1205750000157
30	1205750006460	1205750009119
30	1205750103322	1205750106914
30	1205750889804	1205750897231
30	1205750903629	1205750909599
30	1205750912382	1205750916465
30	1205751425916	1205751432786
30	1205751435731	1205751439496
30	1205751534545	1205751536887
30	1205752047860	1205752049679
30	1205752050522	1205752054798
30	1205752083270	1205752088825
30	1205752090645	1205752095687
30	1205753012500	1205753015636
30	1205753062552	1205753065885
30	1205753066634	1205753071995
30	1205753113654	1205753116209
30	1205753187184	1205753191488
30	1205753205893	1205753210120
30	1205753223582	1205753227876
30	1205753254235	1205753258234
30	1205753261917	1205753264916
30	1205753299986	1205753303282
30	1205753355158	1205753357170
30	1205753395102	1205753398588
30	1205753662675	1205753665595
30	1205753680389	1205753684254
30	1205753699446	1205753701771
30	1205753852451	1205753856169
30	1205755370377	1205755373333
30	1205755374816	1205755378126
30	1205755403736	1205755407140
30	1205756272219	1205756275680
30	1205756276407	1205756279648
30	1205757893557	1205757897425
30	1205757976156	1205757979454
30	1205759524661	1205759527854
30	1205759640573	1205759644815
30	1205760497791	1205760501270
30	1205761613850	1205761616862
30	1205765081871	1205765083707
30	1205765124785	1205765127806
30	1205766173568	1205766177434
30	1205767152155	1205767156203
30	1205767166432	1205767169815
30	1205767175952	1205767186359
30	1205767186600	1205767187883
30	1205767188585	1205767193570
30	1205767194502	1205767208541
30	1205767789968	1205767824929
30	1205767853445	1205767855439
30	1205767868218	1205767870402
30	1205767871204	1205767875677
30	1205768241464	1205768263335
30	1205768264463	1205768274825
30	1205768286170	1205768290610
30	1205768373474	1205768375436
30	1205769206730	1205769208522
30	1205771124671	1205771127690
30	1205771146355	1205771149506
30	1205771152446	1205771155486
30	1205771312822	1205771314880
30	1205771923959	1205771928308
30	1205772092875	1205772094613
30	1205772171344	1205772173436
30	1205772197271	1205772198664
30	1205772203825	1205772211646
30	1205772211897	1205772214502
30	1205772216116	1205772220814
30	1205772279456	1205772282544
30	1205772283108	1205772287207
30	1205772287819	1205772294363
30	1205772337467	1205772343363
30	1205772362655	1205772364667
30	1205772366301	1205772370897
30	1205772710466	1205772712945
30	1205772776286	1205772779779
30	1205772783324	1205772786794
30	1205772821833	1205772824477
30	1205772961394	1205772963823
30	1205773289353	1205773292535
30	1205773300595	1205773303219
30	1205773333877	1205773336224
30	1205773694316	1205773695900
30	1205773703197	1205773704921
30	1205775450776	1205775453557
30	1205776111424	1205776112964
30	1205776130242	1205776133416
30	1205778958624	1205778963373
30	1205779087369	1205779088694
30	1205779089519	1205779091559
30	1205779136925	1205779139478
30	1205779274412	1205779278418
30	1205779646774	1205779650150
30	1205779851333	1205779854749
30	1205786650404	1205786652711
30	1205786811883	1205786813940
30	1205787838658	1205787841766
30	1205787932972	1205787936380
30	1205793054648	1205793057544
31	1205732873924	1205732875976
31	1205732878323	1205732885547
31	1205732885821	1205732888832
31	1205732892523	1205732895313
31	1205732910186	1205732913653
31	1205732922879	1205732924953
31	1205732927696	1205732929720
31	1205732961968	1205732964737
31	1205732973168	1205732976382
31	1205733016196	1205733021343
31	1205737887287	1205737889684
31	1205737890294	1205737892920
31	1205740181309	1205740183737
31	1205740664589	1205740667159
31	1205742800568	1205742804292
31	1205743145383	1205743147880
31	1205746465707	1205746476374
31	1205746595832	1205746598805
31	1205747092553	1205747093545
31	1205748253853	1205748257594
31	1205749197922	1205749199992
31	1205749235829	1205749238773
31	1205749412500	1205749415308
31	1205749511110	1205749513715
31	1205749843867	1205749848222
31	1205749864889	1205749867535
31	1205749997620	1205750000855
31	1205750103928	1205750107941
31	1205750713386	1205750715658
31	1205750741972	1205750750654
31	1205750757443	1205750762246
31	1205750842932	1205750849732
31	1205750851876	1205750855202
31	1205750887467	1205750890776
31	1205750913733	1205750917672
31	1205751418282	1205751438486
31	1205751459558	1205751465110
31	1205751510500	1205751513170
31	1205751583942	1205751586120
31	1205751625692	1205751628126
31	1205751642479	1205751644993
31	1205751713912	1205751716186
31	1205751781147	1205751787729
31	1205751790339	1205751796625
31	1205751817671	1205751825143
31	1205751853495	1205751855899
31	1205752018601	1205752019996
31	1205752027918	1205752031937
31	1205752032236	1205752033476
31	1205752039644	1205752043836
31	1205752044596	1205752054450
31	1205752082338	1205752084638
31	1205752620149	1205752622650
31	1205752623584	1205752630589
31	1205752981797	1205752985742
31	1205753012833	1205753016835
31	1205753438692	1205753440722
31	1205753698716	1205753700648
31	1205753769720	1205753772637
31	1205753851269	1205753853800
31	1205755471756	1205755474524
31	1205755971921	1205755975712
31	1205755987167	1205755990892
31	1205756002656	1205756006981
31	1205756013779	1205756017489
31	1205756496597	1205756499696
31	1205756807236	1205756810550
31	1205757894895	1205757897692
31	1205757975114	1205757977623
31	1205759513534	1205759517950
31	1205759525764	1205759529817
31	1205759639386	1205759641811
31	1205760499580	1205760501699
31	1205761004569	1205761007249
31	1205765080855	1205765083247
31	1205765126217	1205765128727
31	1205765827620	1205765830548
31	1205766181484	1205766183780
31	1205766184747	1205766186697
31	1205766574970	1205766577635
31	1205766685477	1205766688463
31	1205766708598	1205766719705
31	1205767139472	1205767146871
31	1205767151888	1205767156620
31	1205767160551	1205767215645
31	1205767215946	1205767222167
31	1205767755154	1205767760310
31	1205767763921	1205767774658
31	1205767787451	1205767826804
31	1205767831641	1205767839529
31	1205767844939	1205767849138
31	1205767850572	1205767854413
31	1205767854533	1205767877818
31	1205767948797	1205767954996
31	1205768020124	1205768021729
31	1205768037715	1205768040870
31	1205768077890	1205768080224
31	1205768140888	1205768145220
31	1205768180229	1205768182869
31	1205768216309	1205768218832
31	1205768238729	1205768260439
31	1205768270571	1205768272678
31	1205768287960	1205768290214
31	1205768372512	1205768374741
31	1205769205482	1205769207838
31	1205769299640	1205769301170
31	1205771860823	1205771866176
31	1205771926285	1205771928154
31	1205771929390	1205771933842
31	1205772026335	1205772028204
31	1205772056438	1205772058470
31	1205772083565	1205772085541
31	1205772094431	1205772102203
31	1205772168212	1205772173752
31	1205772187695	1205772190702
31	1205772962613	1205772970161
31	1205772977360	1205772979999
31	1205772980782	1205772984134
31	1205773290646	1205773297612
31	1205775469364	1205775476620
31	1205775491423	1205775493544
31	1205775558827	1205775560977
31	1205776109814	1205776112338
31	1205776131849	1205776137165
31	1205778956854	1205778960991
31	1205779088498	1205779092386
31	1205779127261	1205779129317
31	1205779133104	1205779138149
31	1205779220557	1205779226530
31	1205779275374	1205779279370
31	1205779641460	1205779645687
31	1205779645916	1205779649647
31	1205779850353	1205779852739
31	1205780332574	1205780335605
31	1205786650668	1205786657383
31	1205786809103	1205786814133
31	1205787839545	1205787844178
31	1205787932122	1205787934488
31	1205793055495	1205793060983
31	1205793206740	1205793213318
32	1205732894638	1205732897952
32	1205732914241	1205732916963
32	1205732922259	1205732923523
32	1205732928376	1205732929922
32	1205732961835	1205732963683
32	1205733020105	1205733022834
32	1205733028979	1205733032633
32	1205737891564	1205737893802
32	1205737926669	1205737929114
32	1205737961922	1205737964913
32	1205740255843	1205740259173
32	1205742624479	1205742628111
32	1205746464894	1205746468929
32	1205749168635	1205749172143
32	1205749191539	1205749195621
32	1205749197478	1205749200128
32	1205749237293	1205749241736
32	1205749526704	1205749530550
32	1205749775734	1205749779706
32	1205749814448	1205749822608
32	1205749996396	1205750000417
32	1205750007159	1205750010964
32	1205750709977	1205750716846
32	1205750745564	1205750754378
32	1205750755524	1205750762835
32	1205750842245	1205750844155
32	1205750853428	1205750856280
32	1205750895827	1205750899479
32	1205750914220	1205750917837
32	1205750924142	1205750928776
32	1205751421724	1205751430795
32	1205751433250	1205751436193
32	1205751469764	1205751473446
32	1205751554241	1205751557980
32	1205751559741	1205751562437
32	1205751562695	1205751564873
32	1205751586742	1205751589272
32	1205751628926	1205751631950
32	1205751632315	1205751635935
32	1205751637855	1205751640487
32	1205751651198	1205751656127
32	1205751656759	1205751664364
32	1205751664524	1205751666773
32	1205751670198	1205751672535
32	1205751698597	1205751702855
32	1205751770612	1205751780473
32	1205751780609	1205751784730
32	1205751785785	1205751789785
32	1205751799266	1205751807494
32	1205751808582	1205751813555
32	1205751814454	1205751825297
32	1205751859735	1205751867439
32	1205751870305	1205751872169
32	1205751949619	1205751951962
32	1205751963509	1205751968459
32	1205751999887	1205752004591
32	1205752017477	1205752018760
32	1205752047174	1205752049732
32	1205752051574	1205752055538
32	1205752079467	1205752088347
32	1205753063719	1205753069557
32	1205753114193	1205753116827
32	1205753204770	1205753208662
32	1205753224253	1205753228881
32	1205753253695	1205753255997
32	1205753257214	1205753262637
32	1205753301835	1205753303944
32	1205753337999	1205753342803
32	1205753354430	1205753358648
32	1205753395953	1205753399528
32	1205753439989	1205753443594
32	1205753502286	1205753508309
32	1205753515515	1205753521176
32	1205753526819	1205753529157
32	1205753661799	1205753663953
32	1205753681701	1205753683729
32	1205755369490	1205755375955
32	1205755406529	1205755414485
32	1205755472685	1205755474950
32	1205755971136	1205755974941
32	1205755987638	1205755990757
32	1205756002512	1205756005741
32	1205756270328	1205756273637
32	1205756277670	1205756279840
32	1205756281838	1205756283108
32	1205756497576	1205756499607
32	1205756806957	1205756808688
32	1205759513194	1205759515826
32	1205761005531	1205761010427
32	1205761613728	1205761615176
32	1205765125905	1205765129303
32	1205765827276	1205765829482
32	1205766573460	1205766575406
32	1205766686637	1205766689577
32	1205766714114	1205766717793
32	1205767142789	1205767157699
32	1205767159422	1205767160711
32	1205767171146	1205767173402
32	1205767190460	1205767193364
32	1205767194784	1205767202640
32	1205767203680	1205767207670
32	1205767209582	1205767214849
32	1205767217921	1205767219897
32	1205767290446	1205767292774
32	1205767428976	1205767431607
32	1205767435524	1205767437172
32	1205767508460	1205767510669
32	1205767511756	1205767515898
32	1205767537355	1205767546874
32	1205767595315	1205767600175
32	1205767607271	1205767612480
32	1205767627959	1205767632149
32	1205767664422	1205767668381
32	1205767690444	1205767693263
32	1205767735761	1205767740461
32	1205767754613	1205767767285
32	1205767771867	1205767780729
32	1205767792682	1205767793882
32	1205767799992	1205767803666
32	1205767803793	1205767807291
32	1205767812902	1205767818432
32	1205767823806	1205767826350
32	1205767828598	1205767831500
32	1205767836100	1205767838533
32	1205767841424	1205767845543
32	1205767847385	1205767849562
32	1205767851159	1205767858485
32	1205767861642	1205767865481
32	1205767871204	1205767874781
32	1205767882833	1205767884643
32	1205767901315	1205767904938
32	1205767948746	1205767951889
32	1205767957219	1205767961136
32	1205768024419	1205768029436
32	1205768033879	1205768036108
32	1205768059579	1205768064197
32	1205768094401	1205768100184
32	1205768157924	1205768161296
32	1205768243173	1205768244265
32	1205768250989	1205768253757
32	1205768255432	1205768257769
32	1205768258939	1205768264807
32	1205768265199	1205768273347
32	1205768277560	1205768291499
32	1205768292548	1205768296955
32	1205769961343	1205769963640
32	1205771120578	1205771123674
32	1205771123823	1205771127466
32	1205771147339	1205771155302
32	1205771313293	1205771316130
32	1205771860823	1205771866323
32	1205771926711	1205771931385
32	1205772172655	1205772173886
32	1205772195599	1205772198506
32	1205772199915	1205772202799
32	1205772300151	1205772303659
32	1205772785132	1205772787184
32	1205772820783	1205772824599
32	1205773301586	1205773304116
32	1205773333204	1205773336774
32	1205774922508	1205774926592
32	1205775451750	1205775453929
32	1205775468739	1205775472522
32	1205780437564	1205780438754
33	1205743150118	1205743153491
33	1205743187615	1205743190177
33	1205746600356	1205746603677
33	1205746621407	1205746624299
33	1205749173266	1205749176179
33	1205749185570	1205749188331
33	1205749780627	1205749783671
33	1205749794287	1205749798262
33	1205752106508	1205752107967
33	1205752280954	1205752282937
33	1205752284860	1205752286950
33	1205752318890	1205752322970
33	1205752324334	1205752328410
33	1205752331803	1205752333942
33	1205752343646	1205752346869
33	1205752348631	1205752351976
33	1205752361220	1205752363522
33	1205752367296	1205752374525
33	1205752384318	1205752387292
33	1205772244347	1205772251423
33	1205776269540	1205776272883
33	1205778130780	1205778133423
33	1205778152962	1205778155881
33	1205779750594	1205779755623
33	1205779778372	1205779787970
33	1205779824170	1205779828239
33	1205780311501	1205780314175
34	1205743150798	1205743152537
34	1205743187209	1205743190427
34	1205746601364	1205746604355
34	1205746620743	1205746624441
34	1205749174378	1205749176642
34	1205749185231	1205749188331
34	1205749781224	1205749784785
34	1205749793688	1205749797744
34	1205752319916	1205752322732
34	1205752331938	1205752340201
34	1205752340835	1205752351859
34	1205752365408	1205752370145
34	1205752372143	1205752375458
34	1205752383565	1205752387428
34	1205776269473	1205776277107
34	1205776292624	1205776302517
34	1205776305898	1205776312978
34	1205776318178	1205776320904
34	1205776321118	1205776323691
34	1205776349603	1205776351121
34	1205776352374	1205776353551
34	1205776395444	1205776397692
34	1205776398241	1205776399852
34	1205776592800	1205776595757
34	1205776598566	1205776602359
34	1205776651777	1205776656509
34	1205776805373	1205776807713
34	1205776910193	1205776912654
34	1205776919304	1205776923582
34	1205776936532	1205776939697
34	1205777025775	1205777026910
34	1205777036340	1205777038819
34	1205777049413	1205777053354
34	1205777133488	1205777138394
34	1205777210346	1205777215322
34	1205777239580	1205777244834
34	1205777283245	1205777285296
34	1205777296671	1205777300188
34	1205777381194	1205777383606
34	1205777520384	1205777522358
34	1205777565973	1205777569598
34	1205777570888	1205777573228
34	1205777902871	1205777904800
34	1205778129787	1205778132462
34	1205778153485	1205778160388
34	1205778355880	1205778358168
34	1205778359960	1205778362679
34	1205778432959	1205778438119
34	1205778453115	1205778455528
34	1205778459227	1205778459320
34	1205778603797	1205778606105
34	1205778639938	1205778641106
34	1205778774870	1205778776740
34	1205778796896	1205778798774
34	1205778800258	1205778802557
34	1205778815565	1205778820868
34	1205778856797	1205778862422
34	1205778863580	1205778868479
34	1205778897429	1205778898595
34	1205778955146	1205778958890
34	1205778962538	1205778964431
34	1205778979525	1205778981641
34	1205779011217	1205779013455
34	1205779068809	1205779070569
34	1205779134824	1205779137560
34	1205779440534	1205779442282
34	1205779613726	1205779614964
34	1205779746636	1205779753453
34	1205779824885	1205779833352
34	1205779836679	1205779839646
34	1205779842958	1205779844773
34	1205779847547	1205779851509
34	1205779851797	1205779860561
34	1205779863638	1205779865471
34	1205779865806	1205779872832
34	1205779880641	1205779883747
34	1205779932563	1205779938225
34	1205779970425	1205779972966
34	1205779991922	1205779993928
34	1205780003162	1205780007771
34	1205780022989	1205780025609
34	1205780045672	1205780054336
34	1205780060121	1205780064798
34	1205780093621	1205780095696
34	1205780216751	1205780219393
34	1205780226722	1205780231579
34	1205780235959	1205780238229
34	1205780254571	1205780258910
34	1205780275241	1205780283528
34	1205780286178	1205780292188
34	1205780293372	1205780297596
34	1205780310777	1205780314813
36	1205743151779	1205743152700
36	1205743186901	1205743190177
36	1205746601685	1205746604927
36	1205746620908	1205746624260
36	1205749174670	1205749176515
36	1205749184871	1205749188566
36	1205749781481	1205749785958
36	1205749793565	1205749797510
36	1205752320194	1205752321980
36	1205752332344	1205752334168
36	1205752342211	1205752345812
36	1205752348208	1205752349898
36	1205752362244	1205752371287
36	1205752372505	1205752376340
36	1205752383429	1205752387101
36	1205780295413	1205780314304
37	1205743151657	1205743155417
37	1205743157502	1205743162344
37	1205743185537	1205743189247
37	1205746602401	1205746615852
37	1205746616881	1205746623283
37	1205749175548	1205749177982
37	1205749183726	1205749186954
37	1205749782612	1205749787187
37	1205749790889	1205749796859
37	1205752321843	1205752323106
37	1205752341459	1205752344284
37	1205752373775	1205752377299
37	1205752379429	1205752385434
