32	1203863668230	1203863669900
32	1203863749786	1203863753102
32	1203863854357	1203863859166
32	1203863868764	1203863871767
32	1203868088257	1203868090647
32	1203868145836	1203868148744
32	1203868241656	1203868245325
32	1203868259572	1203868263681
32	1203868264601	1203868272367
32	1203868440277	1203868441982
32	1203869936889	1203869940991
32	1203869987286	1203869989242
32	1203870041728	1203870045733
32	1203870061898	1203870064223
32	1203874528808	1203874530703
32	1203874540718	1203874543184
32	1203875879898	1203875881924
32	1203875908713	1203875911385
32	1203876014475	1203876016491
32	1203876054292	1203876057808
32	1203888721900	1203888723679
32	1203892895502	1203892897272
1	1203808327572	1203808331524
1	1203808572462	1203808576147
1	1203808579914	1203808584955
1	1203808593376	1203808600531
1	1203808601237	1203808606151
1	1203808659198	1203808661337
1	1203845906503	1203845908779
1	1203855301781	1203855304459
1	1203859424608	1203859428957
1	1203870380281	1203870382549
1	1203870385943	1203870387666
1	1203877453638	1203877456462
1	1203877465503	1203877469413
1	1203877964127	1203877965808
1	1203877966918	1203877969930
1	1203878651820	1203878654176
1	1203878674254	1203878680711
1	1203882972499	1203882974937
1	1203887122623	1203887123258
1	1203889227505	1203889231862
2	1203807606825	1203807610156
2	1203807642950	1203807650160
2	1203807650740	1203807653379
2	1203807684495	1203807687211
2	1203807699166	1203807700316
2	1203807702531	1203807707637
2	1203807707781	1203807710574
2	1203807720620	1203807722727
2	1203807724678	1203807726861
2	1203807741625	1203807745821
2	1203807747124	1203807748315
2	1203807752647	1203807755448
2	1203807759365	1203807763475
2	1203807786470	1203807788698
2	1203807790433	1203807794402
2	1203807807313	1203807809988
2	1203807820753	1203807824147
2	1203807826949	1203807828653
2	1203807832623	1203807835434
2	1203807852653	1203807855890
2	1203807856612	1203807858996
2	1203807862509	1203807867810
2	1203807897496	1203807901494
2	1203808016946	1203808018823
2	1203808032761	1203808036960
2	1203808072100	1203808076668
2	1203808083868	1203808085983
2	1203808086145	1203808089894
2	1203808094548	1203808098142
2	1203808145196	1203808146268
2	1203808278982	1203808282810
2	1203808283223	1203808285398
2	1203808293125	1203808298820
2	1203808324529	1203808327344
2	1203808354520	1203808357254
2	1203808362273	1203808364430
2	1203808507986	1203808511592
2	1203808539622	1203808543131
2	1203808552308	1203808557828
2	1203808567720	1203808571550
2	1203808588299	1203808594170
2	1203808606695	1203808610533
2	1203808614960	1203808616287
2	1203808628275	1203808630217
2	1203808727990	1203808730562
2	1203808758730	1203808761842
2	1203808777459	1203808779794
2	1203845912942	1203845915260
2	1203845920836	1203845925987
2	1203845938522	1203845941762
2	1203845947678	1203845950866
2	1203845955595	1203845958276
2	1203845979764	1203845986220
2	1203846007840	1203846009781
2	1203846049686	1203846050967
2	1203846053680	1203846059112
2	1203846083864	1203846085558
2	1203846090375	1203846096935
2	1203846299531	1203846304593
2	1203846306438	1203846308830
2	1203846836616	1203846840407
2	1203846843871	1203846846303
2	1203846868212	1203846870386
2	1203846885821	1203846891726
2	1203846923301	1203846925671
2	1203846972276	1203846974716
2	1203846990144	1203846994575
2	1203847003814	1203847006501
2	1203847032831	1203847035986
2	1203847037226	1203847039313
2	1203847045301	1203847047868
2	1203847048545	1203847049874
2	1203847069482	1203847070744
2	1203847123932	1203847128492
2	1203847208741	1203847218929
2	1203847222755	1203847224790
2	1203847225586	1203847227578
2	1203847236365	1203847237643
2	1203847245735	1203847253287
2	1203847301867	1203847304281
2	1203847304434	1203847308383
2	1203847323183	1203847324436
2	1203847363568	1203847368215
2	1203847472996	1203847475546
2	1203847476155	1203847486777
2	1203847490917	1203847495884
2	1203847512738	1203847515760
2	1203847531263	1203847538921
2	1203847540349	1203847542962
2	1203847560342	1203847567627
2	1203847590670	1203847594568
2	1203847598952	1203847603266
2	1203847606231	1203847609360
2	1203847665223	1203847668385
2	1203847681507	1203847692394
2	1203847697316	1203847698611
2	1203847716813	1203847719510
2	1203847723120	1203847725451
2	1203847739211	1203847741762
2	1203847743373	1203847745690
2	1203847796114	1203847798457
2	1203847954207	1203847958297
2	1203847961274	1203847962586
2	1203847967731	1203847973257
2	1203847983149	1203847984444
2	1203848085475	1203848087458
2	1203848230783	1203848233558
2	1203848357805	1203848359925
2	1203848375899	1203848378522
2	1203848624656	1203848635713
2	1203848662827	1203848664113
2	1203848694781	1203848705371
2	1203848817266	1203848825302
2	1203848906829	1203848913978
2	1203848915265	1203848918990
2	1203848925850	1203848928729
2	1203849094453	1203849097475
2	1203849130669	1203849134463
2	1203849135312	1203849138791
2	1203849139123	1203849141802
2	1203849160412	1203849164722
2	1203849172372	1203849173654
2	1203849174604	1203849177347
2	1203849240756	1203849243929
2	1203849250425	1203849252835
2	1203849281864	1203849286910
2	1203849333703	1203849338582
2	1203849360160	1203849366753
2	1203849375640	1203849380155
2	1203849447756	1203849451487
2	1203849499544	1203849501897
2	1203849510898	1203849513162
2	1203849543198	1203849547383
2	1203849563422	1203849567947
2	1203849583790	1203849589797
2	1203849639791	1203849641816
2	1203849664339	1203849668297
2	1203849682112	1203849684928
2	1203849696428	1203849700214
2	1203849702893	1203849706354
2	1203849742275	1203849749671
2	1203849760936	1203849763310
2	1203849776100	1203849780141
2	1203849782501	1203849785452
2	1203849791325	1203849793315
2	1203849813835	1203849815933
2	1203849819274	1203849821352
2	1203849832680	1203849833991
2	1203849897690	1203849899676
2	1203849951132	1203849954170
2	1203849955700	1203849958857
2	1203849959637	1203849963293
2	1203849979240	1203849983155
2	1203849987487	1203849988793
2	1203849990374	1203849993326
2	1203850025346	1203850028646
2	1203850140726	1203850143500
2	1203850144946	1203850150990
2	1203850222926	1203850225377
2	1203850313334	1203850316337
2	1203850316748	1203850319561
2	1203850325121	1203850327664
2	1203850414263	1203850417857
2	1203850513226	1203850515774
2	1203850607973	1203850613759
2	1203850718540	1203850724486
2	1203850726478	1203850736277
2	1203850760135	1203850768946
2	1203850772486	1203850777889
2	1203850788658	1203850794184
2	1203850797511	1203850799615
2	1203850800751	1203850807319
2	1203850812750	1203850818472
2	1203850821597	1203850828799
2	1203850831569	1203850836422
2	1203850840758	1203850844231
2	1203850845239	1203850847272
2	1203850848451	1203850854938
2	1203850860270	1203850862850
2	1203850943124	1203850948721
2	1203850950403	1203850954650
2	1203850955467	1203850959518
2	1203850965798	1203850968389
2	1203851047613	1203851047832
2	1203851072824	1203851075256
2	1203851075767	1203851078692
2	1203851111243	1203851113221
2	1203851155960	1203851161158
2	1203851187293	1203851189329
2	1203851193676	1203851196140
2	1203851277724	1203851281482
2	1203851370188	1203851376294
2	1203851377180	1203851379644
2	1203851385717	1203851387732
2	1203851394578	1203851396451
2	1203851397938	1203851403893
2	1203851425533	1203851431987
2	1203851483158	1203851487482
2	1203851496387	1203851500829
2	1203851502248	1203851504545
2	1203851505604	1203851507958
2	1203851512682	1203851516311
2	1203851519425	1203851524769
2	1203851528984	1203851532319
2	1203851560603	1203851562859
2	1203851563295	1203851565603
2	1203851581339	1203851585119
2	1203851596714	1203851600880
2	1203851610370	1203851612342
2	1203851637125	1203851637616
2	1203851710666	1203851712894
2	1203851716923	1203851718521
2	1203851733175	1203851739612
2	1203851785318	1203851789960
2	1203851790441	1203851792815
2	1203851860372	1203851863124
2	1203851987184	1203851989858
2	1203851995738	1203851998414
2	1203851998703	1203852001487
2	1203852017133	1203852021242
2	1203852075496	1203852077576
2	1203852095551	1203852100103
2	1203852107661	1203852111871
2	1203852117141	1203852120270
2	1203852120398	1203852122842
2	1203852132198	1203852135195
2	1203852141833	1203852156541
2	1203852157434	1203852159835
2	1203852206679	1203852207928
2	1203852208144	1203852211424
2	1203852290281	1203852295971
2	1203852300145	1203852302312
2	1203852305764	1203852308330
2	1203852311356	1203852319611
2	1203852348867	1203852351385
2	1203852365854	1203852368157
2	1203852371191	1203852373508
2	1203852536886	1203852541680
2	1203852563958	1203852566656
2	1203852679190	1203852683987
2	1203852689266	1203852695815
2	1203852719336	1203852721380
2	1203852722250	1203852725141
2	1203852760615	1203852766368
2	1203852826305	1203852833181
2	1203852876810	1203852881466
2	1203852882266	1203852888272
2	1203852894139	1203852897972
2	1203852910263	1203852912747
2	1203852913862	1203852915917
2	1203852962536	1203852964983
2	1203852993239	1203852996182
2	1203853001811	1203853004636
2	1203853147225	1203853149823
2	1203853156322	1203853158604
2	1203853174610	1203853179670
2	1203853180227	1203853182876
2	1203853189462	1203853192936
2	1203853222827	1203853224116
2	1203853253741	1203853256253
2	1203853286869	1203853288843
2	1203853518250	1203853520818
2	1203853529581	1203853531780
2	1203853534539	1203853539434
2	1203853675231	1203853680328
2	1203853681534	1203853685115
2	1203853821202	1203853825342
2	1203853827184	1203853829618
2	1203853864893	1203853869656
2	1203853887841	1203853890227
2	1203853893246	1203853897969
2	1203853918545	1203853920760
2	1203853928133	1203853931326
2	1203854062427	1203854066277
2	1203854070632	1203854072752
2	1203854074224	1203854080177
2	1203854100604	1203854104344
2	1203854104908	1203854109613
2	1203854334509	1203854337748
2	1203854422480	1203854428499
2	1203855028747	1203855034927
2	1203855045293	1203855045403
2	1203855112323	1203855114593
2	1203855151558	1203855155142
2	1203855278245	1203855280448
2	1203855287818	1203855289112
2	1203855289874	1203855295250
2	1203855299509	1203855304733
2	1203855307578	1203855309882
2	1203855325533	1203855328317
2	1203855338404	1203855338926
2	1203855359910	1203855362539
2	1203855362773	1203855365960
2	1203855368213	1203855372567
2	1203855379206	1203855381930
2	1203855432905	1203855442757
2	1203855444198	1203855446552
2	1203855492861	1203855494546
2	1203855515540	1203855516808
2	1203855522971	1203855525227
2	1203855614231	1203855617533
2	1203855618422	1203855623607
2	1203855794167	1203855796614
2	1203856043219	1203856047648
2	1203856052536	1203856055312
2	1203856196563	1203856201629
2	1203856213442	1203856217311
2	1203856284753	1203856286912
2	1203856293959	1203856295718
2	1203856537468	1203856539961
2	1203856548936	1203856551581
2	1203856638897	1203856644186
2	1203856652398	1203856654446
2	1203856740100	1203856742820
2	1203856751846	1203856755514
2	1203856959239	1203856963519
2	1203857019602	1203857023580
2	1203857028185	1203857034391
2	1203857202496	1203857206960
2	1203857207867	1203857211367
2	1203857222213	1203857225118
2	1203857349113	1203857352859
2	1203857388611	1203857390980
2	1203857530440	1203857534397
2	1203857576339	1203857578946
2	1203857592448	1203857596631
2	1203857788496	1203857792628
2	1203857883681	1203857885827
2	1203857890572	1203857893266
2	1203857903481	1203857906519
2	1203857907322	1203857909802
2	1203857976757	1203857980855
2	1203858012536	1203858013824
2	1203858014704	1203858017320
2	1203858266930	1203858268114
2	1203858270599	1203858272752
2	1203858379692	1203858383515
2	1203858385330	1203858387905
2	1203858392317	1203858395200
2	1203858465338	1203858470212
2	1203858798309	1203858799488
2	1203858839184	1203858844261
2	1203858861860	1203858867678
2	1203858870562	1203858872780
2	1203859032585	1203859037275
2	1203859043660	1203859047735
2	1203859048316	1203859050566
2	1203859060371	1203859061669
2	1203859105533	1203859109790
2	1203859168928	1203859171728
2	1203859176873	1203859181358
2	1203859361156	1203859365108
2	1203859365412	1203859370467
2	1203859374284	1203859382405
2	1203859409921	1203859410312
2	1203859413627	1203859417526
2	1203859418548	1203859420776
2	1203859421603	1203859423615
2	1203859428607	1203859429926
2	1203859430992	1203859432987
2	1203859441844	1203859443687
2	1203859488502	1203859492683
2	1203859493609	1203859495836
2	1203870372728	1203870376363
2	1203870382549	1203870384781
2	1203870390945	1203870394747
2	1203870402215	1203870408689
2	1203870539379	1203870542248
2	1203870545435	1203870547610
2	1203870561870	1203870563106
2	1203870564347	1203870569521
2	1203870635461	1203870638596
2	1203870769225	1203870770472
2	1203870926824	1203870931889
2	1203871040394	1203871041623
2	1203871046378	1203871048881
2	1203871276725	1203871278981
2	1203871332398	1203871333640
2	1203871886516	1203871888543
2	1203871889503	1203871895919
2	1203871904632	1203871906838
2	1203871932301	1203871934910
2	1203871973562	1203871975724
2	1203872141705	1203872144102
2	1203872147509	1203872149806
2	1203872394369	1203872398686
2	1203872820989	1203872823330
2	1203872902349	1203872904437
2	1203873086730	1203873088761
2	1203873090117	1203873093754
2	1203873099582	1203873102153
2	1203873103188	1203873104303
2	1203873105122	1203873107847
2	1203873409375	1203873413517
2	1203873459147	1203873461218
2	1203873514871	1203873517417
2	1203873521173	1203873523451
2	1203873528153	1203873530889
2	1203873537960	1203873539256
2	1203873547937	1203873556777
2	1203873840133	1203873842376
2	1203873844987	1203873850843
2	1203873853705	1203873857661
2	1203873859316	1203873861524
2	1203873862348	1203873864428
2	1203873912936	1203873915451
2	1203873971560	1203873974271
2	1203873991558	1203873993595
2	1203874010763	1203874014336
2	1203874414349	1203874419315
2	1203874504363	1203874505618
2	1203874508899	1203874511663
2	1203874588325	1203874590840
2	1203874591522	1203874594175
2	1203874607811	1203874608368
2	1203874749448	1203874753650
2	1203874763572	1203874766541
2	1203874766772	1203874773422
2	1203874800750	1203874803611
2	1203874976398	1203874978556
2	1203874980752	1203874982567
2	1203874997544	1203875000628
2	1203875048806	1203875051333
2	1203875059514	1203875063800
2	1203875152575	1203875158247
2	1203875177228	1203875181176
2	1203875195455	1203875197820
2	1203875208933	1203875211251
2	1203875339987	1203875342567
2	1203875343122	1203875345935
2	1203875351287	1203875354169
2	1203875461192	1203875462407
2	1203875851366	1203875853562
2	1203875970760	1203875972797
2	1203875973639	1203875976203
2	1203876032222	1203876034933
2	1203876158414	1203876159648
2	1203876165991	1203876168402
2	1203876304166	1203876306417
2	1203876390466	1203876393190
2	1203876518912	1203876520153
2	1203876745514	1203876749109
2	1203876930570	1203876932513
2	1203877130812	1203877133108
2	1203877240524	1203877247516
2	1203877253780	1203877259105
2	1203877265814	1203877268744
2	1203877269920	1203877272881
2	1203877280900	1203877283295
2	1203877319986	1203877323941
2	1203877325966	1203877329617
2	1203877333869	1203877336484
2	1203877372743	1203877389372
2	1203877389642	1203877392712
2	1203877423792	1203877433119
2	1203877532621	1203877534928
2	1203877622361	1203877626940
2	1203877627740	1203877630180
2	1203877652847	1203877665777
2	1203877668826	1203877679787
2	1203877722393	1203877726982
2	1203877737860	1203877742239
2	1203877743619	1203877746739
2	1203877747585	1203877749851
2	1203877942644	1203877945978
2	1203877972706	1203877974664
2	1203877975129	1203877977367
2	1203877983664	1203877985850
2	1203877986522	1203877994991
2	1203878015213	1203878022689
2	1203878049637	1203878052423
2	1203878063606	1203878065107
2	1203878164349	1203878166681
2	1203878210266	1203878212717
2	1203878226727	1203878228859
2	1203878362795	1203878369522
2	1203878377165	1203878385391
2	1203878407859	1203878410258
2	1203878421900	1203878426609
2	1203878432619	1203878435167
2	1203878603220	1203878604543
2	1203878605458	1203878607974
2	1203878615296	1203878623534
2	1203878623912	1203878629164
2	1203878629710	1203878643251
2	1203878653637	1203878655112
2	1203878681384	1203878684487
2	1203878685439	1203878693870
2	1203878693995	1203878698806
2	1203878703380	1203878707782
2	1203878723976	1203878725815
2	1203878732294	1203878735713
2	1203878738639	1203878741104
2	1203878749525	1203878755187
2	1203878758825	1203878761304
2	1203878782205	1203878789217
2	1203878789562	1203878790853
2	1203878793369	1203878797128
2	1203878800969	1203878802993
2	1203878809331	1203878813840
2	1203878822211	1203878823550
2	1203878846446	1203878850493
2	1203878856664	1203878859215
2	1203878863288	1203878869210
2	1203878878707	1203878880644
2	1203878882621	1203878895479
2	1203878896784	1203878899643
2	1203878924757	1203878926491
2	1203878940311	1203878942438
2	1203879010361	1203879012496
2	1203879052732	1203879056378
2	1203879057727	1203879059941
2	1203879130492	1203879132487
2	1203879188164	1203879193390
2	1203879206713	1203879209340
2	1203879211112	1203879214256
2	1203879214583	1203879217289
2	1203879236100	1203879240957
2	1203879246447	1203879250956
2	1203879284120	1203879288859
2	1203879375230	1203879377270
2	1203879395934	1203879398169
2	1203879413365	1203879415771
2	1203879449479	1203879451479
2	1203879513330	1203879515608
2	1203879537116	1203879540589
2	1203879629348	1203879635576
2	1203879642282	1203879646866
2	1203879650878	1203879655513
2	1203879671142	1203879677612
2	1203879678772	1203879680605
2	1203879716812	1203879722396
2	1203879773418	1203879777716
2	1203879790224	1203879792116
2	1203879863596	1203879866533
2	1203879870583	1203879875632
2	1203879877151	1203879881219
2	1203879900712	1203879905689
2	1203879918849	1203879921169
2	1203879921447	1203879923708
2	1203879942546	1203879943968
2	1203879944645	1203879946991
2	1203880067605	1203880069124
2	1203880122337	1203880123573
2	1203880198249	1203880200499
2	1203880210838	1203880215387
2	1203880216247	1203880231536
2	1203880232853	1203880234176
2	1203880237453	1203880242212
2	1203880244254	1203880245563
2	1203880247672	1203880248987
2	1203880250293	1203880254620
2	1203880263319	1203880264873
2	1203880269629	1203880274547
2	1203880276808	1203880278819
2	1203880287578	1203880292529
2	1203880316280	1203880318477
2	1203880322182	1203880323464
2	1203880365371	1203880368772
2	1203880436595	1203880444333
2	1203880481935	1203880483929
2	1203880500894	1203880503502
2	1203880519150	1203880525360
2	1203880533480	1203880541836
2	1203880542729	1203880545693
2	1203880546211	1203880552392
2	1203880562381	1203880566644
2	1203880597133	1203880602564
2	1203880798621	1203880800851
2	1203880801307	1203880804749
2	1203880841788	1203880845893
2	1203880850503	1203880858329
2	1203880969250	1203880972948
2	1203881071582	1203881073679
2	1203881084404	1203881090830
2	1203881097611	1203881099580
2	1203881100713	1203881103550
2	1203881234554	1203881238122
2	1203881283258	1203881285947
2	1203881290901	1203881293257
2	1203881366185	1203881373703
2	1203881521440	1203881525320
2	1203881537329	1203881541202
2	1203881547685	1203881548971
2	1203881582984	1203881585905
2	1203881613163	1203881614838
2	1203881847415	1203881848627
2	1203881907227	1203881910122
2	1203881911104	1203881913286
2	1203882018150	1203882020436
2	1203882136514	1203882138903
2	1203882152469	1203882154865
2	1203882172422	1203882177235
2	1203882264463	1203882268559
2	1203882275297	1203882279547
2	1203882286501	1203882288636
2	1203882451770	1203882456872
2	1203882510939	1203882516947
2	1203882569147	1203882571444
2	1203882697102	1203882701950
2	1203882813776	1203882814992
2	1203882816382	1203882818301
2	1203883222201	1203883223376
2	1203883224323	1203883227650
2	1203883244464	1203883247936
2	1203883248533	1203883251465
2	1203883287420	1203883295234
2	1203883295673	1203883298441
2	1203883392358	1203883394391
2	1203883414708	1203883417562
2	1203883534243	1203883535470
2	1203883544133	1203883547183
2	1203883549115	1203883551105
2	1203883551297	1203883554622
2	1203883769718	1203883772251
2	1203884382812	1203884384136
2	1203884385482	1203884388227
2	1203884450757	1203884452722
2	1203884453346	1203884459737
2	1203884460967	1203884468891
2	1203884472694	1203884476637
2	1203884477300	1203884484571
2	1203884489753	1203884494664
2	1203884495342	1203884499725
2	1203884786796	1203884791740
2	1203884979335	1203884981499
2	1203885100973	1203885108933
2	1203885220986	1203885223316
2	1203885261430	1203885262690
2	1203885355376	1203885360549
2	1203885690103	1203885693622
2	1203885729518	1203885733448
2	1203885734300	1203885738371
2	1203885836267	1203885838407
2	1203885937290	1203885939606
2	1203885963584	1203885965894
2	1203886047757	1203886050398
2	1203886089833	1203886094645
2	1203886163983	1203886167662
2	1203886214193	1203886214587
2	1203886222866	1203886224161
2	1203886225409	1203886227872
2	1203886239337	1203886242497
2	1203886243335	1203886245467
2	1203886257712	1203886259762
2	1203886320632	1203886325904
2	1203886359790	1203886363358
2	1203886364504	1203886367200
2	1203886374487	1203886378975
2	1203886379954	1203886381607
2	1203886393648	1203886396920
2	1203886409655	1203886414399
2	1203886434303	1203886436969
2	1203886448762	1203886453287
2	1203886453878	1203886456887
2	1203886495895	1203886500564
2	1203886565940	1203886568104
2	1203886568172	1203886570851
2	1203886687170	1203886691626
2	1203886704546	1203886705837
2	1203886746159	1203886749889
2	1203886759868	1203886772485
2	1203886773376	1203886779625
2	1203886885381	1203886885580
2	1203886889955	1203886895709
2	1203886971856	1203886978164
2	1203887215400	1203887221784
2	1203887305264	1203887307350
2	1203887791720	1203887797424
2	1203888628809	1203888630551
2	1203888639264	1203888643160
2	1203888645420	1203888648555
2	1203888659614	1203888661710
2	1203888662694	1203888666975
2	1203888671620	1203888673154
2	1203888673383	1203888676146
2	1203888701859	1203888709410
2	1203888958937	1203888961611
2	1203888961745	1203888963860
2	1203888970326	1203888972588
2	1203888973128	1203888975958
2	1203888983823	1203888992654
2	1203889151444	1203889157784
2	1203889161744	1203889165180
2	1203889166802	1203889168906
2	1203889185727	1203889188318
2	1203889192180	1203889193486
2	1203889193936	1203889196128
2	1203889201404	1203889207946
2	1203889209440	1203889211303
2	1203889222894	1203889230510
2	1203889236440	1203889238842
2	1203889253263	1203889255679
2	1203889258381	1203889260829
2	1203889261500	1203889265399
2	1203889267549	1203889268844
2	1203889268982	1203889273866
2	1203889274908	1203889281870
2	1203889284474	1203889288877
2	1203889339765	1203889346937
2	1203889578326	1203889582230
2	1203889583380	1203889587569
2	1203889589298	1203889592661
2	1203890114637	1203890119919
2	1203890334600	1203890338330
2	1203890348328	1203890349616
2	1203890351851	1203890354518
2	1203890383989	1203890388607
2	1203890399959	1203890402587
2	1203890539366	1203890542841
2	1203890568441	1203890570546
2	1203890570966	1203890572940
2	1203890701978	1203890705462
2	1203890738288	1203890739279
2	1203890740109	1203890743296
2	1203890757741	1203890760296
2	1203890947258	1203890951676
2	1203891106682	1203891108646
2	1203891195955	1203891199498
2	1203891328319	1203891330339
2	1203891632204	1203891633543
2	1203891707312	1203891710138
2	1203891710484	1203891713340
2	1203891814679	1203891818454
2	1203891887946	1203891889966
2	1203892035477	1203892040417
2	1203892043886	1203892048108
2	1203892049649	1203892052271
2	1203892126209	1203892130110
2	1203892147516	1203892150157
2	1203892367930	1203892370242
2	1203892371980	1203892376127
2	1203892426586	1203892430337
2	1203892435476	1203892440360
2	1203892443968	1203892447558
2	1203892447957	1203892449259
2	1203892453331	1203892455154
2	1203892463735	1203892469949
2	1203892475906	1203892483951
2	1203892489613	1203892492109
2	1203892503908	1203892507582
2	1203892510155	1203892515121
2	1203892561179	1203892563141
2	1203892734451	1203892742347
2	1203892742512	1203892747560
2	1203892795399	1203892799412
2	1203892836403	1203892841906
2	1203892843924	1203892846220
2	1203892880759	1203892883470
2	1203892884498	1203892888501
2	1203892917563	1203892922286
2	1203893025694	1203893027376
2	1203893104933	1203893108830
2	1203893111840	1203893114278
2	1203893138244	1203893149356
2	1203893210132	1203893212691
2	1203893252762	1203893259859
2	1203893300709	1203893303641
2	1203893304649	1203893308568
2	1203893337604	1203893340778
2	1203893341137	1203893345953
2	1203893413542	1203893415849
2	1203893442532	1203893444752
2	1203893444874	1203893452485
2	1203893475532	1203893477865
2	1203893478584	1203893480779
2	1203893481917	1203893484518
2	1203893624371	1203893626763
2	1203893741869	1203893748952
2	1203893772665	1203893776393
2	1203893777496	1203893779813
2	1203893846527	1203893849903
2	1203893961243	1203893962469
2	1203893966169	1203893969540
2	1203893971496	1203893975718
2	1203893990298	1203893992365
2	1203893994359	1203893996852
3	1203807606544	1203807608617
3	1203807617843	1203807622545
3	1203807632413	1203807634715
3	1203807637469	1203807639657
3	1203807684356	1203807688302
3	1203807698309	1203807703869
3	1203807723673	1203807727871
3	1203807739969	1203807742224
3	1203807760408	1203807763597
3	1203807779844	1203807793830
3	1203807801241	1203807803320
3	1203807812515	1203807816236
3	1203807817495	1203807821872
3	1203807827958	1203807834473
3	1203807855396	1203807858870
3	1203808282946	1203808286177
3	1203808292318	1203808296969
3	1203808554716	1203808560697
3	1203808562636	1203808565852
3	1203808566477	1203808570565
3	1203808588505	1203808589592
3	1203808760790	1203808764757
3	1203808767987	1203808772438
3	1203845903981	1203845912942
3	1203845948774	1203845961523
3	1203845964856	1203845971271
3	1203845971438	1203845976131
3	1203845977304	1203845982166
3	1203846010851	1203846015883
3	1203846018131	1203846024466
3	1203846027378	1203846028667
3	1203846029549	1203846032693
3	1203846034459	1203846037790
3	1203846047441	1203846058862
3	1203846084118	1203846093588
3	1203846973240	1203846980457
3	1203846988996	1203846994735
3	1203847004642	1203847012471
3	1203847013241	1203847023334
3	1203847024423	1203847026755
3	1203847030115	1203847032702
3	1203847032936	1203847041224
3	1203848629107	1203848633330
3	1203849743175	1203849748113
3	1203850314840	1203850319424
3	1203850852890	1203850854587
3	1203852019847	1203852022771
3	1203852086952	1203852088170
3	1203852107781	1203852109462
3	1203852300320	1203852305536
3	1203852828263	1203852833267
3	1203853611564	1203853613894
3	1203854308644	1203854313238
3	1203854314465	1203854316613
3	1203854338739	1203854340362
3	1203855431278	1203855433595
3	1203855433899	1203855436303
3	1203855436499	1203855439611
3	1203855461367	1203855465825
3	1203855544244	1203855546300
3	1203855599911	1203855603863
3	1203855613674	1203855619537
3	1203855619968	1203855625259
3	1203855682686	1203855684643
3	1203856347976	1203856349962
3	1203856961117	1203856964712
3	1203856966531	1203856968382
3	1203857100373	1203857102421
3	1203857663494	1203857665476
3	1203857767675	1203857771414
3	1203857872445	1203857876558
3	1203857909261	1203857911866
3	1203857917442	1203857919474
3	1203858382342	1203858385460
3	1203858385587	1203858390635
3	1203858862772	1203858867811
3	1203858870191	1203858873117
3	1203859204553	1203859206650
3	1203859409613	1203859419802
3	1203859438376	1203859439655
3	1203870383671	1203870396150
3	1203870403297	1203870407143
3	1203870542371	1203870564782
3	1203870600508	1203870604973
3	1203871591504	1203871594822
3	1203871703431	1203871705567
3	1203871724281	1203871728735
3	1203871741944	1203871745586
3	1203871753731	1203871755340
3	1203871980214	1203871984485
3	1203872012330	1203872014804
3	1203872135450	1203872137602
3	1203872148875	1203872151305
3	1203872168648	1203872173497
3	1203872254906	1203872257678
3	1203872395179	1203872399980
3	1203872402460	1203872404757
3	1203872409799	1203872412241
3	1203872417957	1203872420162
3	1203872614970	1203872617390
3	1203872625902	1203872628344
3	1203872673901	1203872676277
3	1203872680156	1203872682211
3	1203872685425	1203872687493
3	1203872699865	1203872701965
3	1203872790301	1203872792551
3	1203872929359	1203872935569
3	1203873105279	1203873107412
3	1203873111686	1203873113676
3	1203873405297	1203873414215
3	1203873419780	1203873422214
3	1203873928111	1203873930468
3	1203874200501	1203874203166
3	1203874204642	1203874205901
3	1203874206151	1203874208963
3	1203874212615	1203874214293
3	1203874216286	1203874218880
3	1203874220412	1203874223528
3	1203874235844	1203874239527
3	1203874406109	1203874411142
3	1203874419153	1203874421307
3	1203874588425	1203874593999
3	1203874800591	1203874804481
3	1203874979596	1203874983733
3	1203874988905	1203874993219
3	1203874993950	1203875000525
3	1203875046593	1203875048978
3	1203875060595	1203875063376
3	1203875149803	1203875151860
3	1203875152950	1203875155558
3	1203875924197	1203875928469
3	1203876029843	1203876037282
3	1203876389636	1203876391606
3	1203876558370	1203876562974
3	1203877682857	1203877685996
3	1203877746205	1203877748431
3	1203877803404	1203877805498
3	1203877970613	1203877971916
3	1203877972452	1203877977504
3	1203878075104	1203878076983
3	1203878433549	1203878435737
3	1203878450503	1203878452563
3	1203878612109	1203878614225
3	1203878625100	1203878630948
3	1203878685324	1203878698924
3	1203878732865	1203878735402
3	1203878735713	1203878736890
3	1203878745464	1203878746715
3	1203878884294	1203878886885
3	1203878887168	1203878889208
3	1203878890889	1203878893324
3	1203879141788	1203879145346
3	1203879152298	1203879153554
3	1203879190528	1203879193752
3	1203879214167	1203879216621
3	1203879216842	1203879221292
3	1203879230248	1203879232147
3	1203879235762	1203879240937
3	1203879321270	1203879323670
3	1203879396117	1203879397338
3	1203880214190	1203880216375
3	1203880546571	1203880551378
3	1203880581743	1203880583995
3	1203881908346	1203881910458
3	1203882019902	1203882022676
3	1203882567790	1203882571895
3	1203882614145	1203882616334
3	1203882934600	1203882936966
3	1203883183375	1203883186675
3	1203883220603	1203883227460
3	1203883293709	1203883296142
3	1203883509901	1203883514575
3	1203883768603	1203883775143
3	1203883941277	1203883941477
3	1203883945843	1203883948453
3	1203884178759	1203884181327
3	1203884184867	1203884186732
3	1203884186893	1203884192552
3	1203884424960	1203884428362
3	1203884669985	1203884672157
3	1203884672327	1203884675225
3	1203884791937	1203884794248
3	1203884978846	1203884982624
3	1203885106963	1203885109977
3	1203885116744	1203885118940
3	1203885234401	1203885236578
3	1203885265641	1203885277886
3	1203885379360	1203885381780
3	1203885692590	1203885694732
3	1203886216378	1203886218166
3	1203886454529	1203886461540
3	1203886462316	1203886466803
3	1203886467319	1203886470987
3	1203886493903	1203886499423
3	1203886891185	1203886899186
3	1203886899785	1203886902216
3	1203886972848	1203886976150
3	1203887216452	1203887221648
3	1203887225761	1203887227695
3	1203887264143	1203887266652
3	1203887267184	1203887269167
3	1203887270435	1203887274495
3	1203887301730	1203887304756
3	1203887305162	1203887310981
3	1203887789251	1203887793597
3	1203887795223	1203887803721
3	1203887837357	1203887838608
3	1203887965970	1203887970115
3	1203888330246	1203888334626
3	1203888624233	1203888635128
3	1203888638876	1203888644144
3	1203888645862	1203888648417
3	1203888651930	1203888654341
3	1203888659290	1203888661902
3	1203888671620	1203888678166
3	1203888706330	1203888708792
3	1203888976552	1203888978661
3	1203888986389	1203888988548
3	1203889177366	1203889179153
3	1203889185215	1203889189833
3	1203889191238	1203889193618
3	1203889198469	1203889204135
3	1203889206439	1203889210972
3	1203889213273	1203889215408
3	1203889223163	1203889226369
3	1203889233612	1203889238410
3	1203889253547	1203889256329
3	1203889261978	1203889273615
3	1203892377947	1203892381539
3	1203892395685	1203892400775
3	1203892401707	1203892408526
3	1203892409157	1203892414376
3	1203892415818	1203892423533
3	1203892423921	1203892431129
3	1203892436907	1203892439189
3	1203892443815	1203892458255
3	1203892458388	1203892460843
3	1203892461464	1203892466632
3	1203892503218	1203892507196
3	1203892560721	1203892564663
3	1203892568604	1203892571470
3	1203892571668	1203892578695
3	1203892591249	1203892593438
3	1203892605820	1203892607103
3	1203892625401	1203892627677
3	1203892735686	1203892738171
3	1203893016910	1203893036183
3	1203893044527	1203893045845
3	1203893049610	1203893054783
3	1203893055578	1203893058276
3	1203893107881	1203893109907
3	1203893133377	1203893147388
7	1203807609677	1203807616696
7	1203807617328	1203807618632
7	1203807649610	1203807653121
7	1203807654963	1203807674344
7	1203807678861	1203807694165
7	1203807705728	1203807708290
7	1203807709444	1203807713991
7	1203807719358	1203807732103
7	1203807732419	1203807741141
7	1203807741841	1203807747533
7	1203807764352	1203807768442
7	1203807789944	1203807793104
7	1203807816839	1203807829968
7	1203807831335	1203807836250
7	1203807836495	1203807843295
7	1203807844876	1203807846648
7	1203807853972	1203807855268
7	1203807856146	1203807858482
7	1203807868321	1203807876423
7	1203807886327	1203807896200
7	1203807897104	1203807903500
7	1203807920856	1203807923341
7	1203807935988	1203807938557
7	1203807950125	1203807956839
7	1203807963644	1203807967658
7	1203807993752	1203807994341
7	1203808000728	1203808005665
7	1203808017406	1203808023439
7	1203808024113	1203808028748
7	1203808029954	1203808034153
7	1203808046826	1203808049205
7	1203808050909	1203808053336
7	1203808061606	1203808064448
7	1203808065430	1203808066747
7	1203808069814	1203808072510
7	1203808079241	1203808081668
7	1203808090477	1203808090758
7	1203808104746	1203808109640
7	1203808112361	1203808115265
7	1203808115717	1203808124972
7	1203808130520	1203808136903
7	1203808225179	1203808228406
7	1203808231641	1203808234829
7	1203808322439	1203808324835
7	1203808329546	1203808336982
7	1203808342731	1203808349473
7	1203808378809	1203808381453
7	1203808386271	1203808394426
7	1203808396834	1203808408701
7	1203808442876	1203808447619
7	1203808454353	1203808468752
7	1203808479854	1203808485268
7	1203808492791	1203808498516
7	1203808498932	1203808515466
7	1203808522545	1203808532369
7	1203808542974	1203808547733
7	1203808548465	1203808559973
7	1203808563276	1203808566522
7	1203808594374	1203808613167
7	1203808613844	1203808622275
7	1203808626526	1203808629361
7	1203808629599	1203808635463
7	1203808635793	1203808637120
7	1203808638674	1203808640839
7	1203808641450	1203808659266
7	1203808666464	1203808682731
7	1203808691209	1203808691742
7	1203808698448	1203808722174
7	1203808751812	1203808755793
7	1203808755830	1203808759532
7	1203808762569	1203808764410
7	1203808764891	1203808773925
7	1203808774146	1203808779632
7	1203845909947	1203845916874
7	1203845917410	1203845923503
7	1203845925326	1203845929597
7	1203845933151	1203845938396
7	1203845939218	1203845951980
7	1203845954604	1203845968247
7	1203845968966	1203845971617
7	1203846000517	1203846004157
7	1203846005767	1203846008213
7	1203846010722	1203846017172
7	1203846452967	1203846455519
7	1203846825716	1203846830914
7	1203846870386	1203846872660
7	1203846872780	1203846876891
7	1203846994390	1203846996887
7	1203847001158	1203847003618
7	1203847072138	1203847076163
7	1203847077137	1203847088714
7	1203847138299	1203847140330
7	1203847479874	1203847482392
7	1203847610516	1203847612604
7	1203847785840	1203847788660
7	1203847828766	1203847832929
7	1203848049366	1203848051602
7	1203848111612	1203848114307
7	1203848196542	1203848201362
7	1203848347494	1203848350289
7	1203848351685	1203848357275
7	1203848364560	1203848366457
7	1203848963870	1203848965969
7	1203849035291	1203849037409
7	1203849238648	1203849240900
7	1203849397717	1203849408930
7	1203849554941	1203849560704
7	1203849882440	1203849885319
7	1203850049678	1203850051767
7	1203850169467	1203850173171
7	1203850531458	1203850535621
7	1203850548968	1203850550335
7	1203850654403	1203850656190
7	1203850665762	1203850669601
7	1203850747180	1203850756119
7	1203850757412	1203850760555
7	1203850778289	1203850780727
7	1203850783592	1203850786169
7	1203850792648	1203850796419
7	1203851159279	1203851161954
7	1203851163480	1203851166674
7	1203851633680	1203851640629
7	1203851742145	1203851744359
7	1203851747932	1203851750214
7	1203851792607	1203851795812
7	1203851853403	1203851855144
7	1203851911825	1203851914464
7	1203851922428	1203851924761
7	1203851993499	1203851997343
7	1203852009822	1203852014448
7	1203852018202	1203852021833
7	1203852040943	1203852044978
7	1203852051902	1203852057458
7	1203852065955	1203852069833
7	1203852081139	1203852083410
7	1203852484485	1203852489485
7	1203852491393	1203852496696
7	1203852802887	1203852804997
7	1203852850309	1203852852542
7	1203852864877	1203852867931
7	1203852923754	1203852925878
7	1203852937742	1203852941461
7	1203852947852	1203852949156
7	1203852951372	1203852954742
7	1203852991175	1203852993371
7	1203852993502	1203852995898
7	1203852998540	1203853002535
7	1203853011158	1203853016446
7	1203853043251	1203853044543
7	1203853051100	1203853054234
7	1203853076120	1203853078896
7	1203853084968	1203853091422
7	1203853093738	1203853095500
7	1203853109766	1203853113527
7	1203853138707	1203853141202
7	1203853145537	1203853146859
7	1203853189603	1203853195276
7	1203853197286	1203853199692
7	1203853298658	1203853300869
7	1203853603337	1203853608428
7	1203853927827	1203853935375
7	1203854281758	1203854283822
7	1203854285192	1203854290775
7	1203854292603	1203854301440
7	1203854737526	1203854739956
7	1203854746506	1203854748630
7	1203854787287	1203854792926
7	1203855109898	1203855112185
7	1203855115118	1203855117552
7	1203855149236	1203855154860
7	1203855281481	1203855289272
7	1203855294896	1203855297797
7	1203855302111	1203855307928
7	1203855848178	1203855852154
7	1203856473611	1203856477815
7	1203856486882	1203856489209
7	1203856494842	1203856502560
7	1203856823603	1203856829177
7	1203856857858	1203856863516
7	1203857037626	1203857039632
7	1203857977277	1203857984195
7	1203858286726	1203858289549
7	1203858392484	1203858394818
7	1203858399847	1203858404259
7	1203858405259	1203858411628
7	1203858412933	1203858414958
7	1203858416126	1203858422215
7	1203858911236	1203858916247
7	1203859360873	1203859366535
7	1203859370624	1203859373922
7	1203859396304	1203859398583
7	1203859398837	1203859401717
7	1203859408961	1203859430875
7	1203870382209	1203870384294
7	1203870387197	1203870389594
7	1203870397539	1203870406967
7	1203870790300	1203870802352
7	1203870805601	1203870812379
7	1203871440615	1203871442883
7	1203871446541	1203871449663
7	1203871876245	1203871881881
7	1203871888997	1203871894659
7	1203871979802	1203871981551
7	1203872403151	1203872415862
7	1203873517609	1203873530741
7	1203873540892	1203873542189
7	1203873838481	1203873845506
7	1203873909554	1203873911185
7	1203873914653	1203873917396
7	1203873919821	1203873922786
7	1203874102375	1203874105814
7	1203874423984	1203874426464
7	1203874427193	1203874430274
7	1203874580788	1203874583371
7	1203874883326	1203874886742
7	1203874887406	1203874899181
7	1203874916104	1203874920661
7	1203874936647	1203874938687
7	1203875131440	1203875133278
7	1203875376170	1203875378236
7	1203875886374	1203875888544
7	1203875928161	1203875930617
7	1203876081646	1203876083644
7	1203876184876	1203876186922
7	1203876367852	1203876371675
7	1203876405152	1203876413119
7	1203876430166	1203876433823
7	1203876448222	1203876454558
7	1203876800663	1203876803250
7	1203877234229	1203877240139
7	1203877431972	1203877438291
7	1203877441394	1203877446676
7	1203877451877	1203877454658
7	1203877635999	1203877638682
7	1203877639647	1203877643915
7	1203877945566	1203877950771
7	1203877952763	1203877955434
7	1203877961450	1203877966402
7	1203878005885	1203878011698
7	1203878012542	1203878015857
7	1203878369255	1203878372483
7	1203878374874	1203878377784
7	1203879197462	1203879200534
7	1203879201154	1203879203562
7	1203879204432	1203879208832
7	1203880522200	1203880528620
7	1203880844301	1203880846172
7	1203880943941	1203880949704
7	1203880951626	1203880953908
7	1203881057662	1203881072531
7	1203881087298	1203881092159
7	1203881092415	1203881095324
7	1203881218733	1203881223349
7	1203881223889	1203881226890
7	1203881388970	1203881391948
7	1203882053425	1203882056451
7	1203882173550	1203882174785
7	1203882182259	1203882184315
7	1203882196294	1203882198720
7	1203882313519	1203882314770
7	1203882963648	1203882965653
7	1203882967313	1203882978509
7	1203883242905	1203883245874
7	1203883393895	1203883398641
7	1203883789528	1203883790734
7	1203883790854	1203883793396
7	1203883841715	1203883846113
7	1203884191976	1203884193199
7	1203884293471	1203884297611
7	1203884298732	1203884301345
7	1203884302413	1203884304537
7	1203884374813	1203884377117
7	1203884788100	1203884792793
7	1203884798783	1203884801628
7	1203884802359	1203884805617
7	1203884811987	1203884816459
7	1203885338401	1203885352221
7	1203885467643	1203885468867
7	1203885522347	1203885530729
7	1203885531249	1203885533766
7	1203885538211	1203885540214
7	1203885540597	1203885545772
7	1203885546855	1203885551268
7	1203885555512	1203885563898
7	1203885567404	1203885571263
7	1203885576491	1203885578719
7	1203885579984	1203885582662
7	1203885588773	1203885592723
7	1203885619541	1203885622428
7	1203885632222	1203885636153
7	1203886003781	1203886004972
7	1203886422912	1203886427163
7	1203886436623	1203886439270
7	1203886448643	1203886454458
7	1203886499562	1203886503737
7	1203886694521	1203886700546
7	1203886754441	1203886756717
7	1203886911992	1203886916895
7	1203886969932	1203886975992
7	1203887121750	1203887129887
7	1203887167670	1203887176715
7	1203887203391	1203887205442
7	1203887468278	1203887471836
7	1203887472114	1203887474732
7	1203887785609	1203887790621
7	1203887792448	1203887794543
7	1203888623624	1203888625611
7	1203888628116	1203888632363
7	1203888633709	1203888636699
7	1203888638408	1203888641708
7	1203888643730	1203888646711
7	1203888994873	1203889000456
7	1203889216696	1203889221998
7	1203889222116	1203889233492
7	1203889240324	1203889245820
7	1203889246249	1203889248143
7	1203889256561	1203889258823
7	1203889473961	1203889476227
7	1203889476574	1203889479883
7	1203890281301	1203890284190
7	1203890284590	1203890286745
7	1203890304116	1203890306878
7	1203890324172	1203890334474
7	1203890335216	1203890337138
7	1203890338203	1203890344941
7	1203890345533	1203890355400
7	1203891044385	1203891049949
7	1203891285240	1203891287622
7	1203891437348	1203891439441
7	1203891496842	1203891502949
7	1203891505991	1203891512575
7	1203891588233	1203891590422
7	1203891593607	1203891596215
7	1203891649706	1203891651725
7	1203891662469	1203891665304
7	1203892024462	1203892029985
7	1203892033491	1203892034785
7	1203892039399	1203892041787
7	1203892062915	1203892067566
7	1203892076238	1203892085448
7	1203892090542	1203892098875
7	1203892108455	1203892112149
7	1203892161698	1203892164310
7	1203892391414	1203892396300
7	1203892399248	1203892401869
7	1203892781628	1203892787423
7	1203892791139	1203892792459
7	1203892798606	1203892801237
7	1203892845500	1203892849854
7	1203892856164	1203892863150
7	1203892877539	1203892882920
7	1203893147110	1203893150861
7	1203893152976	1203893155559
7	1203893156722	1203893161622
7	1203893177900	1203893184984
7	1203893205765	1203893207877
7	1203893219299	1203893221936
7	1203893228941	1203893231447
7	1203893234791	1203893236116
7	1203893239149	1203893245514
7	1203893246674	1203893253428
7	1203893254959	1203893256562
7	1203893376696	1203893379116
7	1203893504362	1203893508557
7	1203893776754	1203893779127
7	1203893779397	1203893781987
7	1203893786185	1203893788508
7	1203893868266	1203893870635
7	1203893871256	1203893873771
7	1203893901583	1203893906641
8	1203807605938	1203807609961
8	1203807685503	1203807688137
8	1203807697470	1203807699989
8	1203807720130	1203807723344
8	1203807807153	1203807810204
8	1203807832741	1203807838440
8	1203807852371	1203807856484
8	1203808032410	1203808037312
8	1203808134462	1203808136216
8	1203808551240	1203808553302
8	1203808583353	1203808588299
8	1203808613969	1203808617914
8	1203808627969	1203808631273
8	1203808720715	1203808730278
8	1203808747236	1203808751550
8	1203808753276	1203808757452
8	1203808777590	1203808782962
8	1203845904293	1203845906813
8	1203845912802	1203845916290
8	1203845917530	1203845925446
8	1203846009159	1203846013439
8	1203846302385	1203846305477
8	1203846306244	1203846310941
8	1203846828338	1203846831173
8	1203846833811	1203846840136
8	1203846841640	1203846849590
8	1203846867754	1203846872954
8	1203846885421	1203846889289
8	1203846992739	1203846996255
8	1203847002932	1203847006742
8	1203847482155	1203847486534
8	1203847605689	1203847609195
8	1203852120812	1203852136427
8	1203852141562	1203852144751
8	1203854425271	1203854428989
8	1203855028296	1203855031391
8	1203855151804	1203855156132
8	1203855277755	1203855281649
8	1203859408131	1203859412564
8	1203859417712	1203859432358
8	1203859440825	1203859448137
8	1203859487585	1203859490528
8	1203859494159	1203859497421
8	1203870371986	1203870378255
8	1203870391716	1203870395150
8	1203870397660	1203870404997
8	1203870406321	1203870408222
8	1203870539295	1203870542992
8	1203873553133	1203873556539
8	1203873839807	1203873843214
8	1203877239188	1203877244529
8	1203877253995	1203877258235
8	1203877265266	1203877269488
8	1203877270376	1203877273782
8	1203877371540	1203877375509
8	1203877384716	1203877388131
8	1203877439671	1203877440986
8	1203877622958	1203877627616
8	1203877628852	1203877634903
8	1203877641166	1203877645434
8	1203877651925	1203877656309
8	1203877944661	1203877947841
8	1203877968424	1203877972886
8	1203877991198	1203877994414
8	1203878003399	1203878008460
8	1203878014708	1203878018316
8	1203878367503	1203878371703
8	1203878377367	1203878381577
8	1203878643473	1203878648119
8	1203878652933	1203878656958
8	1203878664977	1203878668891
8	1203878680986	1203878685583
8	1203879195781	1203879199833
8	1203879206522	1203879216983
8	1203880224705	1203880226929
8	1203880519694	1203880522738
8	1203880542255	1203880548317
8	1203881071318	1203881075451
8	1203881083969	1203881088258
8	1203883244582	1203883248896
8	1203883391806	1203883395502
8	1203886453499	1203886456918
8	1203886496507	1203886501164
8	1203886903381	1203886907860
8	1203888704420	1203888710588
8	1203888958644	1203888961601
8	1203888974116	1203888979901
8	1203888982733	1203888986660
8	1203888990291	1203888995453
8	1203889150951	1203889155668
8	1203889162996	1203889170298
8	1203889175191	1203889179435
8	1203892477528	1203892483797
8	1203892489287	1203892493559
8	1203892880923	1203892885758
8	1203892910319	1203892914594
8	1203892915656	1203892920559
8	1203893015672	1203893018580
8	1203893139526	1203893149675
8	1203893192577	1203893198885
8	1203893200119	1203893204738
8	1203893209408	1203893213931
9	1203807604826	1203807607840
9	1203807685860	1203807690234
9	1203807696799	1203807700695
9	1203807721465	1203807723811
9	1203807762986	1203807767385
9	1203807778508	1203807782798
9	1203808284399	1203808285638
9	1203808286535	1203808289313
9	1203808291580	1203808294162
9	1203808615549	1203808618420
9	1203808627303	1203808629733
9	1203808726826	1203808735705
9	1203808779256	1203808783217
9	1203846307387	1203846310508
9	1203846827497	1203846832767
9	1203846844949	1203846848674
9	1203846867153	1203846871684
9	1203847483163	1203847485998
9	1203847605969	1203847608531
9	1203852133131	1203852135325
9	1203855152824	1203855156427
9	1203859446375	1203859448535
9	1203870406525	1203870410357
9	1203877255440	1203877259741
9	1203877264429	1203877268598
9	1203877271296	1203877274448
9	1203877370108	1203877373813
9	1203877385737	1203877389158
9	1203877621460	1203877623344
9	1203877642509	1203877644517
9	1203877651429	1203877654980
9	1203877992797	1203877995705
9	1203878002473	1203878006109
9	1203878653848	1203878655910
9	1203878664163	1203878666568
9	1203880544513	1203880548885
9	1203881072117	1203881075823
9	1203881083484	1203881086912
9	1203883245618	1203883249283
9	1203883391174	1203883394751
9	1203887222961	1203887224202
9	1203888707798	1203888711987
9	1203888714810	1203888720841
9	1203888977600	1203888979539
9	1203889010856	1203889017159
9	1203889069843	1203889074525
9	1203889076874	1203889079512
9	1203889112678	1203889115428
9	1203889150373	1203889153897
9	1203889163843	1203889168582
9	1203889176331	1203889178455
9	1203892501364	1203892506628
9	1203892881812	1203892883907
9	1203892917431	1203892919577
9	1203893014672	1203893019387
10	1203852135987	1203852141289
11	1203863654827	1203863656826
11	1203863657273	1203863659855
11	1203863839960	1203863845793
11	1203867566194	1203867568469
11	1203867587661	1203867589967
11	1203867591566	1203867600178
11	1203867672768	1203867678726
11	1203875863793	1203875864953
11	1203875865165	1203875867573
11	1203875985544	1203875987503
11	1203876067593	1203876077904
12	1203863609455	1203863615163
12	1203863615627	1203863620138
12	1203863629512	1203863634931
12	1203863663243	1203863663691
12	1203863757783	1203863766769
12	1203863767186	1203863769450
12	1203863772843	1203863787412
12	1203863789614	1203863790837
12	1203863794923	1203863799404
12	1203863802432	1203863810230
12	1203863818502	1203863829157
12	1203863830955	1203863836878
12	1203863837119	1203863841453
12	1203863844813	1203863853278
12	1203863873269	1203863880247
12	1203863882239	1203863891544
12	1203863892113	1203863901943
12	1203863902807	1203863905641
12	1203863937836	1203863942695
12	1203863942839	1203863951799
12	1203863953545	1203863963632
12	1203863981433	1203863989602
12	1203864006128	1203864008423
12	1203864012864	1203864017743
12	1203864111872	1203864115690
12	1203864151412	1203864153816
12	1203864211249	1203864213832
12	1203864258173	1203864262914
12	1203864270839	1203864273294
12	1203864311789	1203864314310
12	1203864319806	1203864322384
12	1203864331337	1203864347959
12	1203864393257	1203864397328
12	1203864399539	1203864401747
12	1203864513758	1203864515640
12	1203864517240	1203864530515
12	1203864535499	1203864537813
12	1203864544421	1203864548905
12	1203864556349	1203864562946
12	1203864577925	1203864584391
12	1203864585587	1203864591843
12	1203864604571	1203864606695
12	1203864621409	1203864623782
12	1203864631916	1203864633108
12	1203864635184	1203864637474
12	1203864643356	1203864647467
12	1203864657325	1203864659637
12	1203864701524	1203864705890
12	1203864712923	1203864721432
12	1203864727700	1203864728936
12	1203864795894	1203864797507
12	1203864991933	1203864993956
12	1203864994576	1203864997413
12	1203865020157	1203865021345
12	1203865029452	1203865031614
12	1203865060718	1203865064271
12	1203865070760	1203865075858
12	1203865080224	1203865085537
12	1203865086846	1203865097250
12	1203865097954	1203865106364
12	1203865114441	1203865115657
12	1203865116843	1203865121607
12	1203865127234	1203865129312
12	1203865151836	1203865153769
12	1203865310373	1203865313788
12	1203865316570	1203865319173
12	1203865384425	1203865388686
12	1203865455714	1203865457872
12	1203865493170	1203865495370
12	1203865570206	1203865574147
12	1203865602518	1203865612948
12	1203865714444	1203865717367
12	1203865827405	1203865831422
12	1203865835839	1203865841565
12	1203865933989	1203865936661
12	1203865938441	1203865945302
12	1203865946484	1203865948443
12	1203866029813	1203866037272
12	1203866039738	1203866041832
12	1203866055282	1203866057626
12	1203866224265	1203866239451
12	1203866246262	1203866249802
12	1203866258261	1203866260605
12	1203866529425	1203866537160
12	1203866546411	1203866567523
12	1203866574679	1203866580337
12	1203866582948	1203866590699
12	1203866624872	1203866628429
12	1203866666978	1203866672222
12	1203866732670	1203866741874
12	1203866744754	1203866748489
12	1203866777759	1203866783303
12	1203866789668	1203866791828
12	1203866927412	1203866933223
12	1203866965149	1203866967469
12	1203866992486	1203866994316
12	1203867086912	1203867092161
12	1203867102810	1203867105465
12	1203867141821	1203867151394
12	1203867156801	1203867159248
12	1203867205682	1203867210659
12	1203867211662	1203867212934
12	1203867252447	1203867255676
12	1203867307183	1203867309623
12	1203867407973	1203867414671
12	1203867417920	1203867420478
12	1203867420786	1203867422228
12	1203867430453	1203867433167
12	1203867482155	1203867483346
12	1203867507111	1203867512772
12	1203867519671	1203867524684
12	1203867560706	1203867567715
12	1203867583595	1203867585705
12	1203867588331	1203867594295
12	1203867597601	1203867604688
12	1203867606263	1203867607214
12	1203867607333	1203867613391
12	1203867618833	1203867620512
12	1203867626628	1203867632320
12	1203867650249	1203867652493
12	1203867660377	1203867671134
12	1203867671434	1203867683911
12	1203867765125	1203867781943
12	1203867784737	1203867786615
12	1203867786862	1203867790641
12	1203867815612	1203867817410
12	1203867843494	1203867845456
12	1203867986750	1203867991867
12	1203867992814	1203868000820
12	1203868002325	1203868008175
12	1203868025808	1203868027648
12	1203868028240	1203868030214
12	1203868032609	1203868035896
12	1203868049539	1203868055738
12	1203868082453	1203868088599
12	1203868149515	1203868154455
12	1203868156209	1203868171152
12	1203868181767	1203868183701
12	1203868203633	1203868215464
12	1203868216651	1203868226925
12	1203868231328	1203868233551
12	1203868234865	1203868241382
12	1203868272391	1203868279693
12	1203868283790	1203868285754
12	1203868308762	1203868314334
12	1203868314849	1203868316906
12	1203868324327	1203868328810
12	1203868342417	1203868345839
12	1203868357298	1203868357520
12	1203868445286	1203868454876
12	1203868457511	1203868461245
12	1203868465808	1203868469904
12	1203868477472	1203868483793
12	1203868487814	1203868488281
12	1203868496563	1203868498729
12	1203868517827	1203868521998
12	1203868526621	1203868528735
12	1203868536216	1203868541102
12	1203868567397	1203868569647
12	1203868632575	1203868638134
12	1203868639992	1203868643481
12	1203868649153	1203868651249
12	1203868683933	1203868685117
12	1203868689252	1203868691513
12	1203868716396	1203868721294
12	1203868979393	1203868981759
12	1203868984669	1203868988597
12	1203869099987	1203869102364
12	1203869102924	1203869126479
12	1203869131136	1203869133175
12	1203869160333	1203869164288
12	1203869176905	1203869179736
12	1203869180411	1203869185363
12	1203869273251	1203869280881
12	1203869284280	1203869285470
12	1203869328118	1203869329774
12	1203869371567	1203869373759
12	1203869375665	1203869377419
12	1203869410461	1203869411241
12	1203869433204	1203869435993
12	1203869461626	1203869471555
12	1203869472970	1203869477193
12	1203869488295	1203869490844
12	1203869491712	1203869497614
12	1203869518612	1203869518769
12	1203869543380	1203869555600
12	1203869566296	1203869573909
12	1203869580153	1203869582650
12	1203869582757	1203869585288
12	1203869585768	1203869587760
12	1203869636484	1203869638504
12	1203869680542	1203869684677
12	1203869686973	1203869696564
12	1203869697238	1203869700391
12	1203869701240	1203869703722
12	1203869705544	1203869708532
12	1203869733461	1203869738431
12	1203869739593	1203869742134
12	1203869742424	1203869747975
12	1203869840847	1203869843246
12	1203869851356	1203869854542
12	1203869857412	1203869871529
12	1203869871553	1203869873972
12	1203869874134	1203869880475
12	1203869883765	1203869893418
12	1203869952725	1203869959536
12	1203869974221	1203869976461
12	1203869977873	1203869987286
12	1203870065875	1203870071639
12	1203870072258	1203870074340
12	1203870075494	1203870080946
12	1203870081544	1203870083732
12	1203870092543	1203870094489
12	1203870095425	1203870096644
12	1203870122230	1203870123933
12	1203870176525	1203870183844
12	1203870295791	1203870299463
12	1203870308634	1203870310615
12	1203870320528	1203870322501
12	1203870337359	1203870339930
12	1203870344968	1203870348705
12	1203870362244	1203870365809
12	1203870418916	1203870420840
12	1203870425516	1203870427215
12	1203870429753	1203870430854
12	1203870542673	1203870545205
12	1203870617691	1203870619984
12	1203870700239	1203870702372
12	1203870776397	1203870778208
12	1203870847303	1203870851882
12	1203870886605	1203870888528
12	1203870898165	1203870901243
12	1203871021431	1203871026358
12	1203871096660	1203871098474
12	1203871273956	1203871280377
12	1203871280627	1203871289638
12	1203871293178	1203871295953
12	1203871300995	1203871304189
12	1203871312971	1203871322182
12	1203871445475	1203871449392
12	1203871449580	1203871453510
12	1203871856205	1203871858257
12	1203871884923	1203871886765
12	1203872028903	1203872032777
12	1203872317625	1203872320149
12	1203872510979	1203872513948
12	1203872580973	1203872586288
12	1203872586659	1203872589780
12	1203872590272	1203872592934
12	1203872607335	1203872616386
12	1203872714543	1203872716293
12	1203872873148	1203872875927
12	1203873389177	1203873394114
12	1203873560504	1203873565908
12	1203873711607	1203873715789
12	1203873740736	1203873744910
12	1203873788266	1203873790197
12	1203873794104	1203873796717
12	1203873797173	1203873800352
12	1203873800992	1203873804308
12	1203873931600	1203873945516
12	1203874040665	1203874047556
12	1203874097593	1203874100479
12	1203874114381	1203874118143
12	1203874339886	1203874342649
12	1203874468804	1203874470768
12	1203874478414	1203874480192
12	1203874524597	1203874530985
12	1203874549357	1203874554314
12	1203874680569	1203874682362
12	1203875118511	1203875120707
12	1203875201981	1203875206444
12	1203875243297	1203875245284
12	1203875386332	1203875388691
12	1203875406218	1203875407398
12	1203875463812	1203875466709
12	1203875509930	1203875513446
12	1203875809431	1203875811694
12	1203875832397	1203875837319
12	1203875839778	1203875844528
12	1203875852570	1203875859113
12	1203875868490	1203875873352
12	1203875875127	1203875879303
12	1203875912810	1203875918354
12	1203875921394	1203875926845
12	1203875930750	1203875934993
12	1203875939402	1203875943612
12	1203875943745	1203875952666
12	1203875955786	1203875960754
12	1203875962511	1203875965107
12	1203875966857	1203875969345
12	1203875981330	1203875986295
12	1203875991349	1203875997175
12	1203876000821	1203876007980
12	1203876008140	1203876012222
12	1203876058661	1203876064776
12	1203876066390	1203876068551
12	1203876077904	1203876084824
13	1203863619613	1203863623343
13	1203863627796	1203863631142
13	1203863826539	1203863827894
13	1203863904859	1203863907705
13	1203863908317	1203863925291
13	1203875994209	1203876004107
13	1203876061725	1203876068214
14	1203807604137	1203807607539
14	1203807764472	1203807766656
14	1203808738427	1203808741644
14	1203808745469	1203808747988
14	1203846827853	1203846828887
14	1203846845755	1203846847930
14	1203852140393	1203852142340
14	1203854427265	1203854429247
14	1203855027194	1203855029265
14	1203855275849	1203855278895
14	1203870537907	1203870539796
14	1203873555193	1203873557185
14	1203877263823	1203877265696
14	1203877369438	1203877371328
14	1203877620753	1203877622778
14	1203878663756	1203878665556
14	1203883246323	1203883248663
14	1203888717638	1203888719672
14	1203888957559	1203888959516
14	1203892500694	1203892502783
15	1203807604546	1203807607105
15	1203807687706	1203807691242
15	1203807695538	1203807698663
15	1203807764707	1203807766484
15	1203807777367	1203807780840
15	1203808616287	1203808619614
15	1203808626387	1203808629361
15	1203808738427	1203808742493
15	1203808745291	1203808748794
15	1203808782962	1203808784952
15	1203845900716	1203845904812
15	1203846308548	1203846310941
15	1203846826374	1203846829734
15	1203846846280	1203846849864
15	1203846865790	1203846869410
15	1203847484118	1203847486657
15	1203847603986	1203847607155
15	1203852134163	1203852136266
15	1203852139793	1203852142847
15	1203854427516	1203854431135
15	1203855026686	1203855029138
15	1203855153942	1203855157920
15	1203855275100	1203855278409
15	1203859448535	1203859450847
15	1203859486843	1203859488212
15	1203870370387	1203870373706
15	1203870407942	1203870410196
15	1203870537361	1203870539675
15	1203873554719	1203873556539
15	1203873838106	1203873841336
15	1203877256891	1203877260929
15	1203877262845	1203877266584
15	1203877272172	1203877274748
15	1203877368518	1203877371752
15	1203877386606	1203877390520
15	1203877620207	1203877622904
15	1203877650190	1203877653754
15	1203877993279	1203877996743
15	1203878001277	1203878004682
15	1203878654548	1203878657948
15	1203878662996	1203878666424
15	1203881073169	1203881077287
15	1203881082223	1203881085617
15	1203883246675	1203883250905
15	1203883389913	1203883393386
15	1203888718132	1203888721472
15	1203888956901	1203888960252
15	1203892491573	1203892493718
15	1203892500247	1203892502660
15	1203892882582	1203892886146
15	1203892906511	1203892910284
15	1203892918927	1203892920787
15	1203893012871	1203893016442
16	1203807603634	1203807605640
16	1203807688302	1203807690673
16	1203807695274	1203807697173
16	1203808616666	1203808620238
16	1203808626521	1203808628137
16	1203846308971	1203846311188
16	1203846846766	1203846850301
16	1203846865204	1203846868694
16	1203847603674	1203847605279
16	1203852134442	1203852137494
16	1203852139499	1203852141699
16	1203854428358	1203854430547
16	1203855154544	1203855158401
16	1203859448255	1203859451300
16	1203877257696	1203877261101
16	1203877262543	1203877264677
16	1203877272760	1203877275990
16	1203877643623	1203877646633
16	1203877650195	1203877651290
16	1203877993665	1203877996879
16	1203878001115	1203878002919
16	1203878655112	1203878657914
16	1203881073799	1203881076948
16	1203881082172	1203881084961
16	1203888718541	1203888720357
16	1203892491852	1203892493848
16	1203892883130	1203892886572
16	1203892919409	1203892922748
16	1203893012415	1203893015835
17	1203846848181	1203846852211
17	1203846855624	1203846858567
17	1203846863895	1203846867273
17	1203863756429	1203863760474
17	1203863851118	1203863854177
17	1203868085243	1203868088257
17	1203868148507	1203868151979
17	1203868238426	1203868241528
17	1203868270657	1203868274849
17	1203868365259	1203868367461
17	1203869892838	1203869895427
17	1203870064801	1203870065998
17	1203871320503	1203871322680
17	1203873939990	1203873943706
17	1203874525892	1203874529111
18	1203863596497	1203863600284
18	1203863614853	1203863617853
18	1203863618163	1203863620267
18	1203863756694	1203863760755
18	1203863850974	1203863854370
18	1203863872119	1203863876775
18	1203865030504	1203865032386
18	1203868084911	1203868088719
18	1203868149144	1203868150293
18	1203868238248	1203868242161
18	1203868270657	1203868274684
18	1203868287717	1203868289868
18	1203868364937	1203868368704
18	1203868442776	1203868447236
18	1203869891597	1203869895291
18	1203869951362	1203869955155
18	1203869982167	1203869985715
18	1203870064659	1203870068585
18	1203871318833	1203871322814
18	1203871444117	1203871447789
18	1203873939606	1203873943837
18	1203874039658	1203874042997
18	1203874525557	1203874529249
18	1203874548616	1203874552188
18	1203875876227	1203875878123
18	1203875911997	1203875913942
18	1203876056984	1203876060895
22	1203808740268	1203808745597
23	1203807602314	1203807605776
23	1203807765969	1203807767811
23	1203808784698	1203808785914
23	1203845900343	1203845902773
23	1203846825296	1203846827361
23	1203847485356	1203847488852
23	1203855025649	1203855029105
23	1203855273640	1203855276609
23	1203870369160	1203870371627
23	1203870408981	1203870410923
23	1203870536321	1203870538369
23	1203873556238	1203873558833
23	1203877367482	1203877370600
23	1203877387972	1203877391327
23	1203877618864	1203877622496
23	1203883248235	1203883251585
23	1203883388553	1203883392132
24	1203807601449	1203807604410
24	1203807689934	1203807692629
24	1203807693522	1203807695706
24	1203807766854	1203807769861
24	1203807775525	1203807777551
24	1203808618556	1203808621547
24	1203808624143	1203808627241
24	1203808786109	1203808789194
24	1203845897921	1203845900202
24	1203846310642	1203846313369
24	1203847601929	1203847605441
24	1203854429378	1203854432158
24	1203855156544	1203855159432
24	1203855271861	1203855276835
24	1203859450593	1203859454667
24	1203859483741	1203859486549
24	1203859498271	1203859500980
24	1203873836496	1203873838762
24	1203877259487	1203877264308
24	1203877274270	1203877277350
24	1203877366367	1203877368218
24	1203877388620	1203877390397
24	1203877645156	1203877648427
24	1203877648450	1203877651698
24	1203877995223	1203877997995
24	1203877998987	1203878001706
24	1203878656524	1203878659316
24	1203878660878	1203878663372
24	1203881075569	1203881078549
24	1203881080133	1203881083739
24	1203883249191	1203883253906
24	1203883387891	1203883389732
24	1203888719808	1203888722745
24	1203888954881	1203888957712
24	1203892493297	1203892496202
24	1203892497738	1203892500326
24	1203892885758	1203892887818
24	1203892899913	1203892907439
24	1203892922748	1203892927445
24	1203892936100	1203892938200
24	1203892943441	1203892949279
24	1203893009442	1203893013854
25	1203808788488	1203808790942
25	1203854429794	1203854431966
25	1203863593658	1203863597249
25	1203863666500	1203863670190
25	1203863755285	1203863759555
25	1203863852130	1203863856302
25	1203863870739	1203863875775
25	1203868085911	1203868089901
25	1203868147314	1203868150517
25	1203868239772	1203868243623
25	1203868268903	1203868273121
25	1203868366103	1203868370210
25	1203868441718	1203868445654
25	1203869893819	1203869897772
25	1203869949833	1203869953978
25	1203869983666	1203869987976
25	1203870063587	1203870067419
25	1203871320227	1203871324380
25	1203871443197	1203871446727
25	1203873941100	1203873945385
25	1203874038137	1203874042193
25	1203874526711	1203874530703
25	1203874547185	1203874551101
25	1203875877842	1203875881601
25	1203875910747	1203875914508
25	1203876012766	1203876016354
25	1203876055660	1203876059984
25	1203876083949	1203876087487
25	1203892898811	1203892900839
25	1203892955281	1203892958969
25	1203892978878	1203892981182
28	1203808785461	1203808787316
28	1203873556913	1203873558969
29	1203807600265	1203807602154
29	1203807693107	1203807694388
29	1203807774689	1203807776553
29	1203808624151	1203808625234
29	1203808786838	1203808788743
29	1203847601125	1203847602722
29	1203873557481	1203873560504
29	1203877365695	1203877367322
29	1203877610539	1203877613912
29	1203877617280	1203877619532
29	1203877646261	1203877648317
29	1203878660337	1203878661957
29	1203881076669	1203881078669
29	1203881079514	1203881081133
29	1203883386970	1203883388791
29	1203888720708	1203888722585
29	1203892898559	1203892904365
29	1203892935742	1203892938649
29	1203893000604	1203893001913
29	1203893006640	1203893007802
30	1203807690898	1203807694893
30	1203807767933	1203807770841
30	1203807773767	1203807777652
30	1203808619962	1203808626248
30	1203808787646	1203808791616
30	1203845897527	1203845900626
30	1203846311946	1203846315259
30	1203846822848	1203846826837
30	1203847487102	1203847490584
30	1203847600364	1203847603401
30	1203855023672	1203855027646
30	1203855158387	1203855161697
30	1203855265111	1203855274828
30	1203859452850	1203859458590
30	1203863667480	1203863670728
30	1203863750642	1203863758641
30	1203863853278	1203863856239
30	1203863870309	1203863872473
30	1203868087991	1203868090319
30	1203868146523	1203868149330
30	1203868240470	1203868243623
30	1203868260967	1203868266967
30	1203868267591	1203868271903
30	1203868367316	1203868370411
30	1203868440648	1203868443928
30	1203869894985	1203869898152
30	1203869938165	1203869942732
30	1203869947925	1203869952590
30	1203869984971	1203869988530
30	1203870036169	1203870046656
30	1203870062323	1203870065256
30	1203870366799	1203870369814
30	1203870410792	1203870413888
30	1203870534545	1203870537789
30	1203873558154	1203873561740
30	1203873835142	1203873838345
30	1203873942841	1203873945250
30	1203874527748	1203874530516
30	1203874541801	1203874544184
30	1203874545418	1203874550362
30	1203875878450	1203875881379
30	1203875910531	1203875912119
30	1203876013578	1203876016219
30	1203876054910	1203876057472
30	1203876084961	1203876086177
30	1203877275572	1203877279939
30	1203877365282	1203877367482
30	1203877389943	1203877393756
30	1203877610184	1203877613321
30	1203877646261	1203877649762
30	1203877996404	1203878000959
30	1203878658853	1203878662807
30	1203881076948	1203881082347
30	1203883250287	1203883254477
30	1203883386256	1203883389139
30	1203888720984	1203888723815
30	1203888953881	1203888956195
30	1203892494620	1203892500472
30	1203892886286	1203892889741
30	1203892896853	1203892902729
30	1203892902927	1203892904193
30	1203892987408	1203892989372
30	1203893007642	1203893011339
31	1203808790942	1203808795352
31	1203845892530	1203845897151
31	1203846313280	1203846318888
31	1203846820556	1203846824312
31	1203847488312	1203847491555
31	1203847599117	1203847601788
31	1203854431393	1203854436282
31	1203855022666	1203855025213
31	1203855159576	1203855162829
31	1203855263199	1203855266342
31	1203859455478	1203859464711
31	1203859480634	1203859485425
31	1203859496295	1203859502973
31	1203863583136	1203863587978
31	1203868368183	1203868371264
31	1203868439163	1203868443928
31	1203869986995	1203869990993
31	1203870034720	1203870037365
31	1203870364959	1203870368783
31	1203870411843	1203870418292
31	1203870531720	1203870537362
31	1203871322182	1203871324703
31	1203871439995	1203871444735
31	1203873559345	1203873566284
31	1203873832504	1203873837966
31	1203873943160	1203873946216
31	1203874033712	1203874039658
31	1203876085815	1203876087945
31	1203877276880	1203877279613
31	1203877363854	1203877366505
31	1203877391430	1203877395791
31	1203877607139	1203877612707
31	1203883251905	1203883255216
31	1203883385100	1203883387761
31	1203888722228	1203888727915
31	1203888951321	1203888956677
31	1203892887818	1203892892862
31	1203892894283	1203892899429
31	1203893006640	1203893010192
