32	1206195832475	1206195834647
32	1206196041819	1206196042861
32	1206204266743	1206204269355
32	1206204519934	1206204523986
1	1206176691993	1206176701321
1	1206176709719	1206176718491
1	1206176719313	1206176722235
1	1206176726119	1206176728765
1	1206176728919	1206176732548
1	1206176736760	1206176738344
1	1206176738808	1206176740814
1	1206176754163	1206176756910
1	1206176757706	1206176760313
1	1206176762971	1206176765390
1	1206176766604	1206176769624
1	1206176769646	1206176771812
1	1206176779304	1206176781772
1	1206176869670	1206176872207
1	1206176874750	1206176876831
1	1206176887369	1206176892625
1	1206176936521	1206176938882
1	1206176969490	1206176971289
1	1206177000595	1206177004621
1	1206177274793	1206177278615
1	1206177290866	1206177296323
1	1206177311970	1206177314858
1	1206177364175	1206177367929
1	1206177386194	1206177389433
1	1206177398296	1206177401114
1	1206177401886	1206177404427
1	1206177407300	1206177409863
1	1206177414507	1206177416797
1	1206177423216	1206177425609
1	1206177442838	1206177444837
1	1206177452462	1206177457487
1	1206177458643	1206177467899
1	1206177468798	1206177471706
1	1206177472165	1206177474846
1	1206177484884	1206177487257
1	1206177487913	1206177490910
1	1206177498722	1206177500205
1	1206177501554	1206177505705
1	1206177506247	1206177514898
1	1206177518114	1206177521827
1	1206177523381	1206177548605
1	1206177549919	1206177553361
1	1206177554273	1206177562766
1	1206177564771	1206177572703
1	1206177605111	1206177613150
1	1206177658344	1206177659600
1	1206177660368	1206177662363
1	1206177665151	1206177668893
1	1206177684611	1206177688421
1	1206177707624	1206177707636
1	1206177726873	1206177728308
1	1206177763532	1206177768620
1	1206177779699	1206177783822
1	1206177811730	1206177816880
1	1206177817236	1206177819641
1	1206177837439	1206177839712
1	1206177843231	1206177847376
1	1206177882120	1206177885858
1	1206177910313	1206177911568
1	1206177934302	1206177943251
1	1206177975497	1206177981517
1	1206177982838	1206177985728
1	1206177996615	1206178003139
1	1206178022602	1206178033900
1	1206178078856	1206178092818
1	1206178093542	1206178101869
1	1206178101999	1206178108136
1	1206178112607	1206178118764
1	1206178120318	1206178125420
1	1206178130906	1206178136865
1	1206178147933	1206178150235
1	1206178150409	1206178154723
1	1206178160143	1206178163396
1	1206178163653	1206178166692
1	1206178170868	1206178177216
1	1206178186664	1206178195571
1	1206178196828	1206178200224
1	1206178206452	1206178220383
1	1206178221375	1206178223621
1	1206178223745	1206178229424
1	1206178233533	1206178235570
1	1206178235990	1206178240776
1	1206178242800	1206178246700
1	1206178246841	1206178256290
1	1206178284783	1206178295433
1	1206178313629	1206178315654
1	1206178331539	1206178336736
1	1206178347518	1206178356512
1	1206178362783	1206178366855
1	1206178371272	1206178372552
1	1206178372997	1206178376351
1	1206178378385	1206178380662
1	1206178389601	1206178393261
1	1206178396622	1206178399155
1	1206178400352	1206178403474
1	1206178426225	1206178428923
1	1206178431179	1206178433961
1	1206178445432	1206178446736
1	1206178490244	1206178492603
1	1206178492860	1206178495188
1	1206178497604	1206178499961
1	1206178505919	1206178509170
1	1206178528609	1206178532872
1	1206178533833	1206178536507
1	1206178552888	1206178554127
1	1206178560976	1206178563643
1	1206178568175	1206178570171
1	1206178594499	1206178595760
1	1206178596483	1206178600954
1	1206178605948	1206178608466
1	1206178610277	1206178612552
1	1206178613728	1206178616312
1	1206178618136	1206178622960
1	1206178651654	1206178652924
1	1206178653503	1206178658897
1	1206178726935	1206178730759
1	1206178734893	1206178743630
1	1206178960182	1206178964910
1	1206178965309	1206178968198
1	1206178969130	1206178978479
1	1206178984697	1206178986955
1	1206178987833	1206178993154
1	1206179044630	1206179046702
1	1206179055421	1206179057555
1	1206179070446	1206179074422
1	1206179081410	1206179083932
1	1206179094216	1206179102339
1	1206179171875	1206179174720
1	1206179186997	1206179199318
1	1206179199478	1206179204773
1	1206179211477	1206179214261
1	1206179221701	1206179226902
1	1206179227220	1206179230692
1	1206179241777	1206179245493
1	1206179249753	1206179252105
1	1206179269660	1206179271828
1	1206179276216	1206179279111
1	1206179286567	1206179294446
1	1206179305351	1206179309941
1	1206179341216	1206179343810
1	1206179351312	1206179353450
1	1206179463288	1206179465199
1	1206179469407	1206179473313
1	1206179523360	1206179528185
1	1206179577399	1206179583554
1	1206179589355	1206179589749
1	1206179593371	1206179594614
1	1206179602116	1206179603366
1	1206179613774	1206179617429
1	1206179617893	1206179619186
1	1206179619713	1206179621833
1	1206179626190	1206179637862
1	1206179646440	1206179654611
1	1206179656763	1206179658838
1	1206179664485	1206179668840
1	1206179729943	1206179736766
1	1206179745343	1206179750279
1	1206179772514	1206179779524
1	1206179780507	1206179784679
1	1206179790799	1206179795509
1	1206179797664	1206179806609
1	1206179810276	1206179814810
1	1206179816170	1206179823509
1	1206179829347	1206179831408
1	1206179840268	1206179842504
1	1206179842936	1206179845850
1	1206179856257	1206179860853
1	1206179862333	1206179865700
1	1206179874666	1206179880532
1	1206179889491	1206179896665
1	1206179897358	1206179899489
1	1206179899888	1206179901178
1	1206179907164	1206179916940
1	1206179917873	1206179921708
1	1206179930847	1206179933779
1	1206179934503	1206179936950
1	1206179937109	1206179941989
1	1206179946878	1206179955260
1	1206179958641	1206179964398
1	1206179967482	1206179972579
1	1206179976230	1206179978140
1	1206179985996	1206179991181
1	1206179991619	1206179993927
1	1206179994936	1206179997736
1	1206179997863	1206180002457
1	1206180011894	1206180016623
1	1206180020659	1206180022404
1	1206180060184	1206180076696
1	1206180078962	1206180081635
1	1206180206571	1206180208873
1	1206180210232	1206180214184
1	1206180248767	1206180250273
1	1206180251785	1206180257646
1	1206180261518	1206180270539
1	1206180271313	1206180274195
1	1206180274971	1206180276248
1	1206180279681	1206180281801
1	1206180321680	1206180323692
1	1206180325240	1206180330146
1	1206180332354	1206180336798
1	1206180342675	1206180351921
1	1206180382269	1206180385577
1	1206180416853	1206180417395
1	1206180423691	1206180424947
1	1206180425356	1206180427463
1	1206180431547	1206180433815
1	1206180439203	1206180440469
1	1206180441820	1206180445147
1	1206180457613	1206180460253
1	1206180464155	1206180471934
1	1206180551157	1206180556300
1	1206180575238	1206180578337
1	1206180578965	1206180581242
1	1206180583794	1206180585914
1	1206180594283	1206180596481
1	1206180597908	1206180600509
1	1206180600657	1206180602542
1	1206180603476	1206180610187
1	1206180634173	1206180636554
1	1206180636810	1206180638963
1	1206180659502	1206180661945
1	1206180685953	1206180689733
1	1206180699980	1206180703891
1	1206180719746	1206180730375
1	1206180731533	1206180736482
1	1206180736808	1206180742190
1	1206180742970	1206180745458
1	1206180752211	1206180757287
1	1206180757926	1206180764214
1	1206180772871	1206180778325
1	1206180789470	1206180797500
1	1206180799759	1206180802161
1	1206180810698	1206180811966
1	1206180812196	1206180815182
1	1206180818969	1206180821942
1	1206180825243	1206180830420
1	1206180846193	1206180851309
1	1206180858766	1206180860583
1	1206180860879	1206180862794
1	1206180871714	1206180873376
1	1206180898713	1206180906527
1	1206180910490	1206180916492
1	1206180917353	1206180921490
1	1206180924740	1206180927244
1	1206180933745	1206180939531
1	1206180951330	1206180953214
1	1206180956250	1206180973611
1	1206180996424	1206180999988
1	1206181013421	1206181015908
1	1206181022870	1206181026800
1	1206181031937	1206181038607
1	1206181052383	1206181056142
1	1206181061754	1206181064932
1	1206181065180	1206181067376
1	1206181067572	1206181072569
1	1206181073615	1206181075677
1	1206181078263	1206181079533
1	1206181084983	1206181088584
1	1206181097706	1206181103644
1	1206181123507	1206181125707
1	1206181130218	1206181132357
1	1206181155172	1206181161340
1	1206181161932	1206181164166
1	1206181173917	1206181174355
1	1206181177956	1206181180197
1	1206181183451	1206181185677
1	1206181187269	1206181200230
1	1206181200632	1206181201920
1	1206181202612	1206181205798
1	1206181208284	1206181208341
1	1206181214216	1206181218579
1	1206181227386	1206181229634
1	1206181232783	1206181236504
1	1206181238290	1206181240388
1	1206181246447	1206181255147
1	1206181336454	1206181338330
1	1206181420481	1206181421703
1	1206181422557	1206181425229
1	1206181461170	1206181463781
1	1206181486366	1206181488907
1	1206181505950	1206181508281
1	1206181509906	1206181512769
1	1206181513861	1206181516367
1	1206181525416	1206181529270
1	1206181537975	1206181540277
1	1206181540705	1206181544798
1	1206181585689	1206181588779
1	1206181629450	1206181631643
1	1206181684532	1206181689399
1	1206181721906	1206181734617
1	1206181806598	1206181812601
1	1206181825554	1206181832700
1	1206181963720	1206181972698
1	1206181973397	1206181980648
1	1206181982653	1206181988119
1	1206182018717	1206182034472
1	1206182037566	1206182039770
1	1206182048556	1206182053102
1	1206182238826	1206182241248
1	1206182243586	1206182246234
1	1206182308942	1206182316208
1	1206182571958	1206182576847
1	1206182935365	1206182937397
1	1206182937762	1206182946194
1	1206183605780	1206183608600
1	1206183611262	1206183614786
1	1206183615133	1206183628618
1	1206183636999	1206183639107
1	1206183640664	1206183643317
1	1206184646225	1206184656668
1	1206185108214	1206185124200
1	1206185143683	1206185151757
1	1206186076905	1206186100721
1	1206186101489	1206186108442
1	1206186129805	1206186137276
1	1206186140215	1206186142715
1	1206186143771	1206186149388
1	1206186151817	1206186157182
1	1206186163929	1206186170476
1	1206186230764	1206186239770
1	1206186240692	1206186247187
1	1206186288336	1206186290326
1	1206186297534	1206186299657
1	1206186302457	1206186305595
1	1206186305767	1206186307445
1	1206186313110	1206186315462
1	1206186371303	1206186372557
1	1206186375733	1206186377955
1	1206186379171	1206186383924
1	1206186389695	1206186395368
1	1206186449357	1206186451422
1	1206186492316	1206186494720
1	1206186514369	1206186518361
1	1206186536329	1206186538801
1	1206186539828	1206186549608
1	1206186597872	1206186602103
1	1206186606155	1206186616369
1	1206186633950	1206186636166
1	1206186648784	1206186650675
1	1206186664552	1206186668493
1	1206186675559	1206186678615
1	1206186681554	1206186683191
1	1206186730148	1206186732190
1	1206186744668	1206186752688
1	1206186776294	1206186781580
1	1206188745537	1206188748523
1	1206188748641	1206188753720
1	1206188754208	1206188757668
1	1206188760888	1206188771379
1	1206188775337	1206188778281
1	1206188784816	1206188784969
1	1206188791226	1206188793215
1	1206188794813	1206188797409
1	1206188799744	1206188803326
1	1206188808189	1206188810346
1	1206188811207	1206188812493
1	1206188813281	1206188814564
1	1206188825134	1206188829366
1	1206188833930	1206188837587
1	1206188839293	1206188841789
1	1206188856571	1206188860442
1	1206188861813	1206188867243
1	1206188869387	1206188873238
1	1206188873393	1206188875965
1	1206188892258	1206188894642
1	1206188896294	1206188901227
1	1206188901726	1206188908978
1	1206188918574	1206188920653
1	1206188924252	1206188927253
1	1206188938117	1206188944812
1	1206188979551	1206188983572
1	1206188983933	1206188989416
1	1206188989727	1206188996878
1	1206189002506	1206189005943
1	1206189031940	1206189043158
1	1206189057825	1206189070511
1	1206189071870	1206189073977
1	1206189077483	1206189081269
1	1206189084746	1206189091785
1	1206189097869	1206189100612
1	1206189111329	1206189113561
1	1206189134632	1206189136580
1	1206189147852	1206189149263
1	1206189164437	1206189169220
1	1206189180758	1206189185394
1	1206189186407	1206189188531
1	1206189201115	1206189203113
1	1206189203957	1206189209842
1	1206189220670	1206189222684
1	1206189231259	1206189233813
1	1206189244654	1206189246530
1	1206189248404	1206189252169
1	1206189263851	1206189270354
1	1206189288818	1206189291144
1	1206189293233	1206189297103
1	1206189306168	1206189312868
1	1206189325166	1206189330434
1	1206189342615	1206189347853
1	1206189354862	1206189356850
1	1206189357122	1206189361164
1	1206189363121	1206189365223
1	1206189365999	1206189368409
1	1206189371617	1206189376496
1	1206189378264	1206189380912
1	1206189385390	1206189394120
1	1206189397827	1206189403776
1	1206189416870	1206189420434
1	1206189424265	1206189429920
1	1206189457987	1206189464731
1	1206189472560	1206189482932
1	1206189496706	1206189501917
1	1206189525771	1206189532588
1	1206189572485	1206189580589
1	1206189582416	1206189583671
1	1206189591583	1206189593747
1	1206189619473	1206189621407
1	1206189621805	1206189629178
1	1206189629926	1206189632330
1	1206189638709	1206189641690
1	1206189666739	1206189669496
1	1206189673392	1206189675705
1	1206189678880	1206189683835
1	1206189694561	1206189696918
1	1206189744134	1206189746225
1	1206189746862	1206189752747
1	1206189761496	1206189767346
1	1206189786449	1206189788752
1	1206189790471	1206189798149
1	1206189800870	1206189802982
1	1206189824467	1206189829817
1	1206189841139	1206189846667
1	1206189847777	1206189850637
1	1206189854589	1206189866456
1	1206189869464	1206189871874
1	1206189876230	1206189878511
1	1206189925193	1206189928107
1	1206189930545	1206189934993
1	1206189944811	1206189947240
1	1206189950968	1206189953903
1	1206189955680	1206189959452
1	1206189968749	1206189972778
1	1206189976396	1206189980255
1	1206189986605	1206189989497
1	1206189992657	1206189995663
1	1206190002818	1206190005108
1	1206190007955	1206190009236
1	1206190010259	1206190019111
1	1206190100474	1206190104123
1	1206190106945	1206190110966
1	1206190226888	1206190230497
1	1206190334809	1206190338295
1	1206190338721	1206190342345
1	1206190358293	1206190364306
1	1206190920876	1206190930163
1	1206190985188	1206190986817
1	1206190987430	1206191001891
1	1206191008925	1206191011323
1	1206191022532	1206191031739
1	1206191031935	1206191034243
1	1206191049754	1206191052609
1	1206191073185	1206191083730
1	1206191098172	1206191100365
1	1206191101440	1206191103509
1	1206191111869	1206191115122
1	1206191139979	1206191142208
1	1206191152179	1206191154600
1	1206191157482	1206191161471
1	1206191163346	1206191166547
1	1206191178459	1206191182268
1	1206191183761	1206191185365
1	1206191234464	1206191237372
1	1206191238452	1206191243252
1	1206191258677	1206191260748
1	1206191270748	1206191272860
1	1206191346370	1206191348403
1	1206191402958	1206191404214
1	1206191405862	1206191408313
1	1206191416783	1206191418727
1	1206191427819	1206191429271
1	1206191538302	1206191540500
1	1206191857609	1206191858267
1	1206191858562	1206191860762
1	1206191888502	1206191890896
1	1206191892838	1206191898197
1	1206191898505	1206191902743
1	1206191913448	1206191920819
1	1206191948667	1206191950689
1	1206191959398	1206191964173
1	1206191998318	1206192000826
1	1206192010293	1206192015745
1	1206192120244	1206192123835
1	1206192128163	1206192133811
1	1206192135848	1206192136370
1	1206192136996	1206192139950
1	1206192140625	1206192141892
1	1206192144242	1206192146976
1	1206192169396	1206192171774
1	1206192212786	1206192215888
1	1206192237392	1206192239520
1	1206192250452	1206192253211
1	1206192254145	1206192255425
1	1206192278542	1206192279813
1	1206192323149	1206192327274
1	1206192344980	1206192347565
1	1206192354416	1206192357513
1	1206192370374	1206192374964
1	1206192377560	1206192379833
1	1206192381533	1206192385205
1	1206192386837	1206192387924
1	1206192409100	1206192411469
1	1206192457462	1206192459539
1	1206192488611	1206192489848
1	1206192501859	1206192504521
1	1206192506651	1206192509790
1	1206192520896	1206192523655
1	1206192557818	1206192560481
1	1206192583119	1206192585484
1	1206192635307	1206192637880
1	1206192639544	1206192641269
1	1206192667734	1206192670432
1	1206192685749	1206192687150
1	1206192763864	1206192767952
1	1206192827874	1206192829974
1	1206192841503	1206192843552
1	1206192844611	1206192845884
1	1206192907220	1206192909573
1	1206192959530	1206192959809
1	1206192978427	1206192982237
1	1206192996387	1206192998627
1	1206193068700	1206193071588
1	1206193073538	1206193077734
1	1206193108688	1206193111308
1	1206193114946	1206193117281
1	1206193127669	1206193130132
1	1206193165954	1206193167289
1	1206193170497	1206193173969
1	1206193212914	1206193215365
1	1206193234963	1206193239811
1	1206193261865	1206193265289
1	1206193331119	1206193332366
1	1206193336251	1206193338197
1	1206193346261	1206193350189
1	1206193389168	1206193390413
1	1206193404440	1206193407108
1	1206193429878	1206193432620
1	1206193474701	1206193476838
1	1206193558271	1206193562326
1	1206193562666	1206193564725
1	1206193571441	1206193575117
1	1206193614650	1206193616308
1	1206193704945	1206193705700
1	1206193803863	1206193805460
1	1206193813340	1206193815716
1	1206193855441	1206193857479
1	1206193891707	1206193895117
1	1206193935606	1206193938706
1	1206193940956	1206193944897
1	1206193946890	1206193953327
1	1206193968563	1206193971434
1	1206193976534	1206193982946
1	1206193993477	1206193995665
1	1206193999952	1206194001453
1	1206194005225	1206194009702
1	1206194081702	1206194084517
1	1206194084707	1206194090592
1	1206194111827	1206194114458
1	1206194122180	1206194124407
1	1206194141702	1206194142274
1	1206194148282	1206194152879
1	1206194166658	1206194169330
1	1206194169498	1206194170797
1	1206194173913	1206194176201
1	1206194206310	1206194208635
1	1206194211286	1206194213862
1	1206194216260	1206194217520
1	1206194236726	1206194239274
1	1206194239703	1206194240991
1	1206194250188	1206194252483
1	1206194253534	1206194254820
1	1206194254992	1206194257157
1	1206194286215	1206194288547
1	1206194295721	1206194297614
1	1206194326652	1206194327912
1	1206194355157	1206194357232
1	1206194362842	1206194365279
1	1206194368151	1206194370609
1	1206194403818	1206194407289
1	1206194427274	1206194429358
1	1206194434597	1206194438595
1	1206194440490	1206194442849
1	1206194454715	1206194457167
1	1206194466122	1206194467386
1	1206194469226	1206194472908
1	1206194473916	1206194477220
1	1206194477686	1206194480475
1	1206194496944	1206194501575
1	1206194508812	1206194513422
1	1206194516245	1206194520986
1	1206194523182	1206194525770
1	1206194533720	1206194535812
1	1206194537332	1206194539690
1	1206194559128	1206194562688
1	1206194585379	1206194589462
1	1206194591159	1206194603776
1	1206194615633	1206194617741
1	1206194630184	1206194632481
1	1206194658119	1206194662395
1	1206194690299	1206194694588
1	1206194695387	1206194697391
1	1206194723203	1206194726609
1	1206194735655	1206194742772
1	1206196387741	1206196389437
1	1206196389978	1206196395572
1	1206196414715	1206196416856
1	1206196422317	1206196428391
1	1206196451916	1206196454222
1	1206196457281	1206196459567
1	1206196463251	1206196469221
1	1206196484271	1206196489559
1	1206196520989	1206196522236
1	1206196531613	1206196539503
1	1206196934824	1206196946664
1	1206196959664	1206196967195
1	1206197373842	1206197376303
1	1206197410545	1206197412655
1	1206197428417	1206197434314
1	1206197470617	1206197471983
1	1206197488168	1206197490600
1	1206197640733	1206197642566
1	1206197643406	1206197645685
1	1206197651543	1206197653715
1	1206197667178	1206197669382
1	1206197679259	1206197681424
1	1206197746476	1206197748605
1	1206197779821	1206197788577
1	1206197839940	1206197842786
1	1206197862745	1206197865209
1	1206197871364	1206197873727
1	1206197916852	1206197920156
1	1206197927442	1206197929587
1	1206197932596	1206197935124
1	1206197980830	1206197984550
1	1206197987895	1206197990175
1	1206197994495	1206197997737
1	1206198021224	1206198023418
1	1206198105199	1206198107743
1	1206198109646	1206198112764
1	1206198117549	1206198120498
1	1206198121884	1206198124214
1	1206198152796	1206198154564
1	1206198213755	1206198214993
1	1206198265564	1206198269645
1	1206198311115	1206198315918
1	1206198332112	1206198334366
1	1206198352535	1206198354914
1	1206198426727	1206198428543
1	1206198439954	1206198442517
1	1206198478356	1206198486269
1	1206198507608	1206198514747
1	1206198514884	1206198522483
1	1206198525713	1206198530966
1	1206198534359	1206198537934
1	1206198545598	1206198556354
1	1206198771728	1206198774834
1	1206198775765	1206198784313
1	1206198801363	1206198803629
1	1206198805555	1206198807600
1	1206198809667	1206198812150
1	1206198812450	1206198814780
1	1206198871365	1206198872677
1	1206198896879	1206198900359
1	1206198904858	1206198906787
1	1206199105527	1206199112411
1	1206199296223	1206199298710
1	1206199339226	1206199344781
1	1206199411154	1206199413141
1	1206199449790	1206199451795
1	1206199576392	1206199578724
1	1206199605370	1206199607427
1	1206199679545	1206199680350
1	1206199712131	1206199714300
1	1206199927598	1206199930742
1	1206199963168	1206199964406
1	1206199966547	1206199968484
1	1206199976363	1206199977634
1	1206199978107	1206199981107
1	1206200034860	1206200036835
1	1206200040824	1206200043412
1	1206200044576	1206200047139
1	1206200071451	1206200072298
1	1206200077377	1206200084164
1	1206200089504	1206200091740
1	1206200100609	1206200112960
1	1206200167205	1206200169407
1	1206200176858	1206200183544
1	1206200189343	1206200215426
1	1206200237209	1206200239503
1	1206200242262	1206200245765
1	1206200245883	1206200249194
1	1206200249446	1206200252118
1	1206200271440	1206200274804
1	1206200293131	1206200297365
1	1206200297877	1206200305273
1	1206200347588	1206200349793
1	1206200352449	1206200355352
1	1206200356772	1206200358414
1	1206200360311	1206200362500
1	1206200371921	1206200378249
1	1206200509919	1206200515939
1	1206200516811	1206200519350
1	1206200525128	1206200529310
1	1206200537257	1206200539488
1	1206200541744	1206200544199
1	1206200554599	1206200558512
1	1206200577935	1206200580363
1	1206200582945	1206200585527
1	1206200586500	1206200594758
1	1206200597632	1206200604733
1	1206200855517	1206200857689
1	1206200862663	1206200865178
1	1206200866632	1206200870689
1	1206200883654	1206200885966
1	1206200887523	1206200889723
1	1206200901822	1206200904505
1	1206200911993	1206200914152
1	1206200924635	1206200926726
1	1206200954791	1206200957412
1	1206200985330	1206200987469
1	1206200987651	1206200989932
1	1206200998473	1206201000674
1	1206201005732	1206201008440
1	1206201021386	1206201023733
1	1206201029853	1206201033491
1	1206201034773	1206201037474
1	1206201065103	1206201067116
1	1206201071620	1206201072912
1	1206201073359	1206201075860
1	1206201078665	1206201081863
1	1206201118958	1206201123458
1	1206201126485	1206201127761
1	1206201248746	1206201249882
1	1206201267664	1206201268932
1	1206201279549	1206201284382
1	1206201289370	1206201291635
1	1206201300705	1206201303229
1	1206201306730	1206201311142
1	1206201312456	1206201314673
1	1206201322298	1206201324744
1	1206201343429	1206201345683
1	1206201365161	1206201367628
1	1206201367793	1206201369681
1	1206201381713	1206201384182
1	1206201429127	1206201432906
1	1206201433500	1206201436314
1	1206201451382	1206201453556
1	1206201464692	1206201466680
1	1206201476271	1206201478481
1	1206201494342	1206201498982
1	1206201503337	1206201505531
1	1206201509400	1206201511920
1	1206201512592	1206201514662
1	1206201523442	1206201527529
1	1206201528657	1206201530876
1	1206201543218	1206201546397
1	1206201552553	1206201554767
1	1206201556193	1206201558322
1	1206201562179	1206201566683
1	1206201566955	1206201570946
1	1206201571502	1206201572774
1	1206201579864	1206201582469
1	1206201587437	1206201592943
1	1206201598233	1206201600868
1	1206201601140	1206201609718
1	1206201611451	1206201614219
1	1206201614505	1206201616735
1	1206201617202	1206201619353
1	1206201636392	1206201639756
1	1206201646849	1206201649657
1	1206201650234	1206201652435
1	1206201655455	1206201657890
1	1206201674216	1206201677456
1	1206201677656	1206201680216
1	1206201683444	1206201684697
1	1206201688510	1206201689893
1	1206201715407	1206201717887
1	1206201767764	1206201772461
1	1206201805493	1206201807794
1	1206201831972	1206201833990
1	1206201886768	1206201889880
1	1206201896139	1206201898165
1	1206201907540	1206201909729
1	1206201913820	1206201919124
1	1206201932969	1206201934707
1	1206201936223	1206201938527
1	1206201940904	1206201943117
1	1206201967521	1206201972693
1	1206202019596	1206202020827
1	1206202021418	1206202025376
1	1206202034541	1206202036709
1	1206202037498	1206202044248
1	1206202057929	1206202065704
1	1206202067496	1206202069931
1	1206202072698	1206202073329
1	1206202077635	1206202080552
1	1206202081651	1206202082939
1	1206202083791	1206202086124
1	1206202087479	1206202089566
1	1206202090508	1206202092638
1	1206202096508	1206202106756
1	1206202108228	1206202109489
1	1206202113426	1206202117522
1	1206202119344	1206202121568
1	1206202123111	1206202125489
1	1206202131139	1206202135767
1	1206202145141	1206202149156
1	1206202209577	1206202213685
1	1206202231394	1206202234852
1	1206202238807	1206202241750
1	1206202263287	1206202267458
1	1206202267643	1206202274888
1	1206202275736	1206202281265
1	1206202294568	1206202297244
1	1206202298801	1206202300764
1	1206202300827	1206202308405
1	1206202314625	1206202320788
1	1206202322736	1206202324894
1	1206202326996	1206202329422
1	1206202346560	1206202348171
1	1206202349826	1206202355887
1	1206202356820	1206202359591
1	1206202392917	1206202395352
1	1206202408687	1206202411482
1	1206202423101	1206202428699
1	1206202441834	1206202444620
1	1206202446814	1206202454654
1	1206202458500	1206202460517
1	1206202461805	1206202464258
1	1206202508325	1206202510985
1	1206202518563	1206202526567
1	1206202543190	1206202557108
1	1206203427525	1206203435185
1	1206203468356	1206203470614
1	1206203504530	1206203507387
1	1206203580307	1206203581547
1	1206203688119	1206203690682
1	1206203716189	1206203718491
1	1206203966335	1206203969171
1	1206203969886	1206203972426
1	1206203973448	1206203976816
1	1206203989829	1206203991101
1	1206204007304	1206204011428
1	1206204032889	1206204034141
1	1206204044850	1206204048156
1	1206204053501	1206204054309
1	1206204065921	1206204068325
1	1206204125383	1206204127299
1	1206204133727	1206204135727
1	1206204152757	1206204154983
1	1206204352329	1206204354951
1	1206204389472	1206204391750
1	1206204408305	1206204410539
1	1206204436544	1206204438581
1	1206204449451	1206204451935
1	1206204458717	1206204460974
1	1206204536276	1206204538535
1	1206204551325	1206204553504
1	1206204588885	1206204590712
1	1206204592101	1206204594867
1	1206204595390	1206204597591
1	1206204660693	1206204663261
1	1206204666702	1206204667994
1	1206204703843	1206204706790
1	1206204722767	1206204725221
1	1206204742901	1206204746642
1	1206204751778	1206204753333
1	1206204753466	1206204754693
1	1206204766514	1206204768436
1	1206204772271	1206204774174
1	1206204783679	1206204790547
1	1206204790846	1206204794559
1	1206204802917	1206204809270
1	1206204811558	1206204818999
1	1206204819565	1206204822641
1	1206204833180	1206204836355
1	1206209368318	1206209375936
1	1206209377537	1206209383258
1	1206209473517	1206209476474
1	1206209512513	1206209514557
1	1206209515328	1206209517658
1	1206209523124	1206209525605
1	1206209550519	1206209554282
1	1206209563884	1206209565146
1	1206209567298	1206209573621
1	1206209602966	1206209604434
1	1206209654266	1206209659630
1	1206209677931	1206209679228
1	1206209720791	1206209722919
1	1206209729679	1206209731959
1	1206209764484	1206209766863
1	1206209775204	1206209777667
1	1206209785597	1206209787613
1	1206209833146	1206209835350
1	1206209881611	1206209884137
1	1206210001694	1206210004207
1	1206210015450	1206210017791
1	1206210019884	1206210022150
1	1206210050126	1206210052563
1	1206210069669	1206210071845
1	1206210082705	1206210084190
1	1206210120962	1206210123562
1	1206210143801	1206210146137
1	1206210180169	1206210182166
1	1206210229980	1206210232324
1	1206210354991	1206210356229
1	1206210357962	1206210362672
1	1206210589930	1206210594855
1	1206210595851	1206210600279
1	1206210682655	1206210685345
1	1206210686809	1206210691169
1	1206210716146	1206210718505
1	1206210719200	1206210721378
1	1206210731301	1206210732571
1	1206210734109	1206210736678
1	1206210737976	1206210739963
1	1206210769406	1206210770637
1	1206210788912	1206210790180
1	1206210790854	1206210793455
1	1206210825450	1206210827630
1	1206210836211	1206210838116
1	1206210877830	1206210879758
1	1206210906316	1206210909119
1	1206210914711	1206210916424
1	1206210923245	1206210925693
1	1206210947802	1206210950300
1	1206210985539	1206210989558
1	1206211122711	1206211127194
1	1206211148579	1206211152766
1	1206211154966	1206211156238
1	1206211205621	1206211207356
1	1206211221661	1206211224338
1	1206211239986	1206211242109
1	1206211245399	1206211247393
1	1206211284225	1206211287155
1	1206211393523	1206211395823
1	1206211456616	1206211459105
1	1206211461527	1206211465831
1	1206211466521	1206211476404
1	1206211539421	1206211542734
1	1206211580600	1206211582959
1	1206211682786	1206211693241
1	1206211693376	1206211695908
1	1206211699405	1206211702405
1	1206211710755	1206211714615
1	1206211716617	1206211721783
1	1206211734386	1206211736349
1	1206211736545	1206211739345
1	1206211745955	1206211748189
1	1206211748965	1206211751274
1	1206211831852	1206211834171
1	1206211860863	1206211864486
1	1206211913263	1206211915591
1	1206211935476	1206211937650
1	1206211937987	1206211942760
1	1206211968426	1206211970913
1	1206211974575	1206211976769
1	1206212027412	1206212029547
1	1206212046357	1206212047636
1	1206212088821	1206212091331
1	1206212105265	1206212109720
1	1206212130314	1206212132359
1	1206212146456	1206212148758
1	1206212153176	1206212157163
1	1206212206151	1206212208370
1	1206212216215	1206212217470
1	1206212226162	1206212228551
1	1206212230811	1206212232875
1	1206212337519	1206212339541
1	1206212349332	1206212351814
1	1206212407852	1206212411463
1	1206212447895	1206212450456
1	1206212467640	1206212469751
1	1206212493171	1206212496101
1	1206212509902	1206212511180
1	1206212595853	1206212602802
1	1206212613147	1206212616559
1	1206212619863	1206212623306
1	1206212647487	1206212649774
1	1206212657957	1206212659213
1	1206212692364	1206212698204
1	1206212699656	1206212702382
1	1206212705908	1206212707171
1	1206212710237	1206212712824
1	1206212713654	1206212714343
1	1206212721329	1206212723455
1	1206212735249	1206212736558
1	1206212743453	1206212745332
1	1206212755477	1206212756787
1	1206212770155	1206212774360
1	1206212779333	1206212797104
1	1206212800283	1206212804349
1	1206212813889	1206212815154
1	1206212829446	1206212832120
1	1206212866775	1206212872660
1	1206212882420	1206212893239
1	1206213186487	1206213192442
1	1206213192579	1206213194937
1	1206213206544	1206213211983
1	1206213240134	1206213243549
1	1206213244662	1206213248880
1	1206213250330	1206213253200
1	1206213317134	1206213321867
1	1206213353920	1206213359894
1	1206213374487	1206213381783
1	1206213482434	1206213489468
1	1206213492737	1206213498786
1	1206213511465	1206213513513
1	1206213524319	1206213527698
1	1206213537333	1206213541220
1	1206213549936	1206213553978
1	1206213560584	1206213564704
1	1206213568428	1206213573375
1	1206213578554	1206213582868
33	1206188958135	1206188961569
33	1206188973745	1206188976275
33	1206189043600	1206189046704
33	1206189052553	1206189055877
33	1206222488100	1206222491424
2	1206178001525	1206178002606
2	1206178015365	1206178018590
2	1206178739949	1206178741742
2	1206186749680	1206186752463
2	1206188743197	1206188745839
2	1206188954539	1206188956333
2	1206188978877	1206188980555
2	1206189056479	1206189058486
2	1206190929547	1206190931628
2	1206196536855	1206196538968
2	1206200375375	1206200377103
2	1206202556360	1206202558512
2	1206212892786	1206212893853
2	1206213491814	1206213493287
2	1206213534737	1206213537902
2	1206213602359	1206213604397
2	1206213609138	1206213612617
2	1206213620746	1206213622862
34	1206188958829	1206188960806
34	1206188973566	1206188975507
34	1206189043493	1206189046704
34	1206189052687	1206189054286
34	1206222489721	1206222492354
34	1206222492688	1206222495180
34	1206222499553	1206222502551
34	1206222516658	1206222521717
34	1206222521960	1206222532716
34	1206222533504	1206222538486
34	1206222570507	1206222571664
34	1206223289986	1206223291726
34	1206223291842	1206223293675
34	1206223629443	1206223631177
34	1206223643252	1206223645107
34	1206223649221	1206223650187
34	1206223664129	1206223666288
34	1206223898687	1206223900739
34	1206224192948	1206224195264
34	1206224360265	1206224362781
34	1206224584292	1206224585400
34	1206224771379	1206224773821
34	1206224979505	1206224981367
34	1206225907770	1206225910247
34	1206225910462	1206225912943
34	1206225968879	1206225970732
34	1206225974581	1206225976400
34	1206225987510	1206225989685
34	1206226016972	1206226019159
34	1206226075939	1206226078561
34	1206226090968	1206226095199
34	1206226229702	1206226232248
34	1206226234685	1206226236975
34	1206226354112	1206226359209
34	1206226404842	1206226409859
34	1206226410922	1206226413398
34	1206226475601	1206226477730
34	1206226504564	1206226508872
34	1206226518894	1206226522821
34	1206226782456	1206226784204
34	1206226784963	1206226789649
3	1206178002888	1206178011537
3	1206178013943	1206178017965
3	1206213356471	1206213362562
3	1206213370842	1206213373477
3	1206213486421	1206213493113
3	1206213526683	1206213537172
3	1206213552811	1206213561299
3	1206213603843	1206213610802
36	1206188959159	1206188962398
36	1206188973104	1206188975760
36	1206189043826	1206189047867
36	1206189051703	1206189054807
37	1206188960271	1206188963539
37	1206188972226	1206188975138
37	1206189044791	1206189046949
37	1206189051954	1206189053757
7	1206200879963	1206200882585
7	1206200884515	1206200892626
7	1206200899153	1206200905146
7	1206200910807	1206200912862
7	1206200922181	1206200928571
7	1206200938988	1206200941663
7	1206200943973	1206200946445
7	1206200973211	1206200976116
7	1206200999119	1206201003664
7	1206201004463	1206201007767
7	1206201020218	1206201021902
7	1206201037654	1206201038962
7	1206201041405	1206201049916
7	1206201054666	1206201061715
7	1206201064155	1206201067874
7	1206201073604	1206201079338
7	1206201081658	1206201087874
7	1206201089113	1206201091724
7	1206201093948	1206201099295
7	1206201099642	1206201103587
7	1206201112879	1206201115306
7	1206201115853	1206201118410
7	1206201118658	1206201120996
7	1206201126754	1206201132489
7	1206201179866	1206201182945
7	1206201188356	1206201194231
7	1206201194636	1206201201403
7	1206201202777	1206201206991
7	1206201215522	1206201218144
7	1206201218900	1206201220214
7	1206201235662	1206201238875
7	1206201239228	1206201241290
7	1206201241429	1206201245678
8	1206176687292	1206176689728
8	1206178001272	1206178006644
8	1206178014979	1206178019694
8	1206178739640	1206178743905
8	1206178957495	1206178960577
8	1206186749242	1206186752447
8	1206186774668	1206186777995
8	1206186779568	1206186783634
8	1206188742792	1206188746193
8	1206188954314	1206188956965
8	1206188977779	1206188981159
8	1206189039106	1206189041774
8	1206189056121	1206189059720
8	1206190929638	1206190933146
8	1206190983879	1206190986672
8	1206194741164	1206194745684
8	1206196379744	1206196383254
8	1206196536184	1206196539747
8	1206196933355	1206196936662
8	1206198555395	1206198559105
8	1206198762405	1206198765626
8	1206200374893	1206200379172
8	1206200508396	1206200511162
8	1206200877949	1206200880239
8	1206201244770	1206201249592
8	1206202556429	1206202560131
8	1206203425711	1206203428645
8	1206204835325	1206204839453
8	1206204850226	1206204853323
8	1206204860647	1206204863431
8	1206209359319	1206209361315
8	1206212891828	1206212895817
8	1206213185644	1206213187505
8	1206213355530	1206213359202
8	1206213371716	1206213376223
8	1206213485408	1206213489945
8	1206213490884	1206213495991
8	1206213525854	1206213529709
8	1206213534189	1206213538687
8	1206213551882	1206213555441
8	1206213558228	1206213562648
8	1206213601943	1206213605938
8	1206213608621	1206213613691
8	1206213635848	1206213639480
9	1206178740830	1206178742975
9	1206186750551	1206186752447
9	1206186774567	1206186775971
9	1206196537995	1206196540861
9	1206204861757	1206204863707
14	1206188741421	1206188743503
14	1206188976975	1206188979256
14	1206189040376	1206189042399
14	1206189054941	1206189058325
14	1206196378408	1206196380372
14	1206202558231	1206202560252
14	1206204848716	1206204850932
15	1206176685496	1206176687566
15	1206178742343	1206178744279
15	1206178955239	1206178957637
15	1206186751737	1206186752933
15	1206186772879	1206186774842
15	1206188740581	1206188743623
15	1206188955540	1206188957519
15	1206188976663	1206188978733
15	1206189040503	1206189043953
15	1206189055781	1206189057188
15	1206190931362	1206190933411
15	1206190981230	1206190984402
15	1206194743698	1206194744866
15	1206196377626	1206196380864
15	1206196539347	1206196542635
15	1206196931652	1206196933753
15	1206198557977	1206198559232
15	1206198760405	1206198763317
15	1206200377715	1206200379656
15	1206200506347	1206200508551
15	1206201247102	1206201248306
15	1206202558657	1206202561933
15	1206203423776	1206203426437
15	1206204837712	1206204839591
15	1206204848446	1206204850386
15	1206212894337	1206212898191
16	1206178742658	1206178745774
16	1206186752463	1206186754302
16	1206186782322	1206186784781
16	1206190931758	1206190932882
16	1206196539962	1206196541638
16	1206198558241	1206198560983
16	1206200377995	1206200380808
16	1206204862971	1206204864650
16	1206212895117	1206212897708
21	1206189054529	1206189055743
22	1206188956454	1206188960527
22	1206188975629	1206188979125
22	1206189041226	1206189044999
23	1206178953357	1206178955871
23	1206188739698	1206188741672
23	1206201248306	1206201250415
23	1206204838307	1206204840927
23	1206204847589	1206204849178
24	1206176683240	1206176685602
24	1206178744657	1206178748301
24	1206186753642	1206186756294
24	1206186770679	1206186773284
24	1206186784219	1206186786604
24	1206188738453	1206188742231
24	1206190933142	1206190935874
24	1206190979489	1206190981711
24	1206194747278	1206194749340
24	1206196375114	1206196377892
24	1206196542475	1206196546266
24	1206196929652	1206196931916
24	1206198560243	1206198563588
24	1206198758490	1206198760277
24	1206200379776	1206200382478
24	1206200503455	1206200506177
24	1206200874896	1206200876500
24	1206202560945	1206202563907
24	1206203421462	1206203424864
24	1206204864321	1206204866223
24	1206212897423	1206212900396
24	1206213639987	1206213640848
27	1206188957832	1206188960929
27	1206222487207	1206222489313
28	1206204841583	1206204841634
28	1206204844597	1206204849208
28	1206222486349	1206222487937
30	1206178949555	1206178953278
30	1206186769880	1206186771694
30	1206188736922	1206188740226
30	1206190934615	1206190936426
30	1206190978430	1206190980231
30	1206194747986	1206194751184
30	1206196374358	1206196376332
30	1206196544644	1206196548347
30	1206198757417	1206198759239
30	1206200502686	1206200504623
30	1206200873616	1206200875372
30	1206201250153	1206201252667
30	1206203420404	1206203421800
30	1206212899509	1206212902500
30	1206213183598	1206213185320
30	1206222484253	1206222488100
31	1206176679680	1206176681744
31	1206178748505	1206178753654
31	1206178756229	1206178758648
31	1206178758792	1206178763142
31	1206178948851	1206178950725
31	1206186756458	1206186759799
31	1206186768521	1206186770997
31	1206186787111	1206186790275
31	1206188735116	1206188738149
31	1206190935617	1206190938969
31	1206190977132	1206190979675
31	1206194749466	1206194754150
31	1206195830705	1206195832891
31	1206196041281	1206196044129
31	1206196372391	1206196375428
31	1206196546490	1206196549530
31	1206196927774	1206196929914
31	1206198563552	1206198567757
31	1206198755944	1206198758361
31	1206200382222	1206200384237
31	1206200501299	1206200503695
31	1206200872860	1206200874666
31	1206201251239	1206201253945
31	1206202563643	1206202566529
31	1206203419262	1206203421800
31	1206204264943	1206204268686
31	1206204520943	1206204525199
31	1206204866343	1206204868205
31	1206212903456	1206212906866
31	1206213182798	1206213185514
31	1206213642855	1206213646488
31	1206213672983	1206213675928
31	1206213676892	1206213680325
31	1206222482851	1206222485128
