1	1206431356864	1206431366404
1	1206431367232	1206431371948
1	1206431383840	1206431386497
1	1206431433662	1206431435780
1	1206431439609	1206431442203
1	1206431466574	1206431469531
1	1206431498696	1206431502118
1	1206431537425	1206431539772
1	1206431594919	1206431596135
1	1206431599414	1206431600902
1	1206431661294	1206431663698
1	1206431733357	1206431735263
1	1206431736898	1206431739453
1	1206431747898	1206431752318
1	1206431826252	1206431829227
1	1206431857219	1206431858449
1	1206431858893	1206431861496
1	1206431906217	1206431908665
1	1206431913750	1206431916645
1	1206431946245	1206431948302
1	1206431957569	1206431959848
1	1206431975647	1206431978860
1	1206432003837	1206432007127
1	1206432069873	1206432072223
1	1206432087553	1206432091128
1	1206432102782	1206432105133
1	1206432126629	1206432131768
1	1206432134341	1206432136237
1	1206432194808	1206432196834
1	1206432215194	1206432218417
1	1206432232697	1206432234180
1	1206432248810	1206432255995
1	1206437506411	1206437511389
1	1206437513345	1206437519711
1	1206437520482	1206437524886
1	1206437594526	1206437596366
1	1206437605460	1206437607812
1	1206437610125	1206437612190
1	1206437617441	1206437619819
1	1206437623245	1206437627401
1	1206437660436	1206437662703
1	1206437683675	1206437685660
1	1206437710301	1206437712296
1	1206437730503	1206437733191
1	1206437759317	1206437761241
1	1206438013899	1206438016251
1	1206438055148	1206438059363
1	1206438069876	1206438073398
1	1206438082199	1206438082535
1	1206438094305	1206438096672
1	1206438125854	1206438126352
1	1206438166118	1206438168790
1	1206438182643	1206438187359
1	1206438210838	1206438212909
1	1206438318152	1206438320191
1	1206438378608	1206438382191
1	1206438384457	1206438389359
1	1206438390499	1206438395699
1	1206438397901	1206438400416
1	1206438406799	1206438409163
1	1206438418304	1206438420686
1	1206438428839	1206438432443
1	1206438441536	1206438443638
1	1206438457761	1206438459896
1	1206438509771	1206438514286
1	1206438514570	1206438516872
1	1206438518896	1206438521779
1	1206438528559	1206438537356
1	1206438550259	1206438552488
1	1206438559390	1206438561881
1	1206438576526	1206438578648
1	1206438581456	1206438583186
1	1206438658340	1206438662102
1	1206438916844	1206438918935
1	1206438940457	1206438945255
1	1206438952873	1206438966125
1	1206438974256	1206438979335
1	1206439016724	1206439020948
1	1206439035293	1206439039776
1	1206439080741	1206439082877
1	1206439103697	1206439105946
1	1206439201502	1206439202713
1	1206439207352	1206439212774
1	1206439213369	1206439217267
1	1206439247952	1206439251164
1	1206439282307	1206439282859
1	1206439336879	1206439339397
1	1206439339790	1206439342205
1	1206439351158	1206439355482
1	1206439356100	1206439359651
1	1206439383888	1206439385816
1	1206439388878	1206439391332
1	1206439393211	1206439398159
1	1206439407752	1206439410228
1	1206439425844	1206439427864
1	1206439444255	1206439446647
1	1206439450374	1206439454152
1	1206439466121	1206439471551
1	1206439485154	1206439491633
1	1206439507884	1206439510547
1	1206439580288	1206439582259
1	1206439635280	1206439636522
1	1206439702588	1206439703814
1	1206439732298	1206439734760
1	1206439788901	1206439790897
1	1206439855637	1206439859168
1	1206439876381	1206439878340
1	1206439940966	1206439942214
1	1206439992321	1206439994637
1	1206440146376	1206440148316
1	1206440164474	1206440165295
1	1206440168212	1206440170559
1	1206440170869	1206440173400
1	1206440207273	1206440209469
1	1206440338375	1206440340813
1	1206440353925	1206440356218
1	1206440420906	1206440423372
1	1206440511692	1206440513917
1	1206440529299	1206440531741
1	1206440581946	1206440584348
1	1206440589727	1206440598497
1	1206440773687	1206440776746
1	1206442073318	1206442086266
1	1206442109980	1206442115355
1	1206442161111	1206442165231
1	1206442181884	1206442187532
1	1206442191469	1206442210395
1	1206442212875	1206442230981
1	1206442234304	1206442262793
1	1206442262975	1206442265517
1	1206442265837	1206442277658
1	1206442280107	1206442284270
1	1206442284610	1206442287140
1	1206442289366	1206442297328
1	1206442297967	1206442314928
1	1206442315236	1206442317742
1	1206442321757	1206442323721
1	1206442324545	1206442329969
1	1206442335192	1206442337324
1	1206442337769	1206442341215
1	1206442342561	1206442350816
1	1206442354945	1206442362140
1	1206442365242	1206442382145
1	1206442382796	1206442390589
1	1206442393169	1206442399927
1	1206442403309	1206442422726
1	1206442423850	1206442426908
1	1206442428335	1206442433223
1	1206442434203	1206442436406
1	1206442445940	1206442458696
1	1206442458847	1206442460919
1	1206442464637	1206442468280
1	1206442473630	1206442479571
1	1206442480515	1206442482628
1	1206442486653	1206442492786
1	1206442493605	1206442496785
1	1206442497813	1206442499239
1	1206442499733	1206442503877
1	1206442509883	1206442522114
1	1206442524164	1206442526450
1	1206442526600	1206442530270
1	1206442530735	1206442534198
1	1206442535545	1206442537565
1	1206442545841	1206442547300
1	1206442547756	1206442553593
1	1206442554342	1206442556347
1	1206442560649	1206442563876
1	1206442564709	1206442569442
1	1206442570571	1206442573161
1	1206442579161	1206442583711
1	1206442584689	1206442587202
1	1206442588108	1206442590494
1	1206442591405	1206442596569
1	1206442597340	1206442605177
1	1206442605735	1206442609175
1	1206442623585	1206442627409
1	1206442641772	1206442645272
1	1206442650253	1206442654971
1	1206442662320	1206442664996
1	1206442667621	1206442673267
1	1206442674564	1206442676674
1	1206442677472	1206442683283
1	1206442684609	1206442686907
1	1206442688394	1206442690466
1	1206442691672	1206442696560
1	1206442698152	1206442702321
1	1206442702588	1206442704570
1	1206442718797	1206442725646
1	1206442726164	1206442729462
1	1206442741724	1206442744499
1	1206442747743	1206442749311
1	1206443477583	1206443479537
1	1206444411168	1206444415214
1	1206444520606	1206444522201
1	1206444803737	1206444806102
1	1206444808864	1206444810959
1	1206445063823	1206445065798
1	1206445131318	1206445133445
1	1206445443835	1206445446278
1	1206445458541	1206445463140
1	1206445469894	1206445474465
1	1206445489485	1206445492542
1	1206445492770	1206445495684
1	1206445496850	1206445507797
1	1206445508566	1206445510742
1	1206445519310	1206445521708
1	1206445552473	1206445557221
1	1206445570372	1206445573531
1	1206445575501	1206445579311
1	1206445580787	1206445583539
1	1206445590397	1206445597254
1	1206445616357	1206445619496
1	1206445625855	1206445630281
1	1206445630569	1206445633416
1	1206445641379	1206445642991
1	1206445645303	1206445648941
1	1206445650765	1206445654464
1	1206445656208	1206445658313
1	1206445675417	1206445679603
1	1206445681699	1206445684525
1	1206445686719	1206445692510
1	1206445699758	1206445704212
1	1206445704486	1206445707336
1	1206445712811	1206445717584
1	1206445718773	1206445722691
1	1206445726918	1206445729622
1	1206445730195	1206445734440
1	1206445743336	1206445745864
1	1206445774706	1206445777470
1	1206445777672	1206445787921
1	1206446372115	1206446378267
1	1206446385512	1206446393618
1	1206446395614	1206446402923
1	1206446412431	1206446416898
1	1206446871283	1206446883192
1	1206446883736	1206446886402
1	1206446890920	1206446896448
1	1206446897415	1206446904176
1	1206446905147	1206446909718
1	1206446911787	1206446918910
1	1206447272468	1206447280725
1	1206447293441	1206447297398
1	1206447298784	1206447304758
1	1206447310330	1206447314242
1	1206447314847	1206447319908
1	1206447518871	1206447526468
1	1206447620310	1206447629385
1	1206449274223	1206449274893
1	1206449399733	1206449402963
1	1206449409369	1206449413579
1	1206449487909	1206449490875
1	1206450650259	1206450652581
1	1206450657282	1206450658538
1	1206450661688	1206450664242
1	1206450676619	1206450678696
1	1206450712152	1206450716980
1	1206450726372	1206450730124
1	1206450762440	1206450764541
1	1206450768116	1206450770543
1	1206450778914	1206450781188
1	1206450784290	1206450786541
1	1206450789565	1206450790808
1	1206450791602	1206450793431
1	1206450796417	1206450798286
1	1206450802124	1206450803384
1	1206450820671	1206450822978
1	1206450846629	1206450847899
1	1206450860873	1206450863178
1	1206450877202	1206450878420
1	1206450905523	1206450907974
1	1206450909346	1206450911276
1	1206450912232	1206450914724
1	1206450945469	1206450949121
1	1206450953257	1206450955621
1	1206450971474	1206450972684
1	1206450976386	1206450978758
1	1206450979882	1206450982190
1	1206450983686	1206450986901
1	1206450987629	1206450989949
1	1206450992518	1206450993774
1	1206450998437	1206450998753
1	1206451005645	1206451008315
1	1206451010224	1206451012130
1	1206451014255	1206451016565
1	1206451020643	1206451135265
1	1206451174946	1206451180922
1	1206451183646	1206451186414
1	1206451211595	1206451214551
1	1206451217837	1206451222780
1	1206451247494	1206451250128
1	1206451259112	1206451266779
1	1206451271237	1206451275667
1	1206451276659	1206451280999
1	1206451300738	1206451311518
1	1206451338951	1206451343229
1	1206451352620	1206451355616
1	1206451374192	1206451376350
1	1206451468865	1206451470149
1	1206451486217	1206451490976
1	1206451491339	1206451496973
1	1206451500244	1206451504267
1	1206451522673	1206451524161
1	1206451577832	1206451579566
1	1206451594271	1206451595531
1	1206451642897	1206451645775
1	1206451680644	1206451685733
1	1206451692421	1206451693685
1	1206451708670	1206451710955
1	1206451714899	1206451716190
1	1206451717819	1206451722310
1	1206451730440	1206451742968
1	1206452143199	1206452150135
1	1206452152814	1206452155123
1	1206452163715	1206452176251
1	1206452609633	1206452611785
1	1206452678832	1206452680987
1	1206452693827	1206452695572
1	1206452704700	1206452705815
1	1206452750314	1206452759975
1	1206452767646	1206452772387
1	1206452776790	1206452779149
1	1206453089568	1206453091694
1	1206453153234	1206453155386
1	1206453241955	1206453245657
1	1206453247495	1206453248749
1	1206453387271	1206453390918
1	1206453391202	1206453398175
1	1206453407894	1206453412508
1	1206453423254	1206453426508
1	1206453427190	1206453429876
1	1206453433406	1206453437293
1	1206453439312	1206453444538
1	1206453447116	1206453452854
1	1206453453532	1206453454808
1	1206453573944	1206453576135
1	1206453576257	1206453580467
1	1206453583730	1206453594444
1	1206453629865	1206453636366
1	1206455171602	1206455178922
1	1206455190947	1206455192949
1	1206455201680	1206455203908
1	1206455835341	1206455837931
1	1206455875445	1206455875959
1	1206455896536	1206455898736
1	1206456141343	1206456143200
1	1206456154383	1206456155649
1	1206456159504	1206456161863
1	1206456162333	1206456163616
1	1206456178953	1206456181970
1	1206456182457	1206456183720
1	1206456191464	1206456192736
1	1206456193720	1206456195721
1	1206456208322	1206456210836
1	1206456255529	1206456256754
1	1206456258835	1206456261372
1	1206456277603	1206456282309
1	1206456283533	1206456286546
1	1206456303625	1206456306408
1	1206456320271	1206456322497
1	1206456327123	1206456331372
1	1206456332668	1206456333931
1	1206456340687	1206456343676
1	1206456357207	1206456360530
1	1206456442810	1206456446233
1	1206456460301	1206456462503
1	1206456469946	1206456471213
1	1206456472234	1206456474406
1	1206456836742	1206456840590
1	1206456851932	1206456856164
1	1206456884466	1206456886324
1	1206456915238	1206456918413
1	1206456954157	1206456962790
1	1206456967547	1206456974619
1	1206456977790	1206456986684
1	1206456991259	1206456996905
1	1206466179873	1206466182946
1	1206472650930	1206472654903
1	1206472657127	1206472660338
1	1206472670328	1206472674529
1	1206472683269	1206472685883
1	1206472687246	1206472689377
1	1206475649284	1206475651878
1	1206476591140	1206476593709
1	1206476593845	1206476595688
1	1206476599380	1206476601440
2	1206437503503	1206437505771
2	1206439264609	1206439266609
2	1206440595640	1206440597909
2	1206440783381	1206440786640
2	1206441530962	1206441533229
2	1206442180548	1206442182629
2	1206446401779	1206446403863
2	1206446416197	1206446418401
2	1206446869293	1206446871513
2	1206451152114	1206451169493
2	1206451739797	1206451742114
2	1206452139355	1206452141266
2	1206453593221	1206453595453
2	1206453597249	1206453599255
2	1206453634937	1206453637280
2	1206455170736	1206455171936
2	1206456995232	1206456996905
2	1206472667619	1206472670805
2	1206472684765	1206472689205
2	1206472701183	1206472705421
2	1206472730655	1206472734725
2	1206472737438	1206472741237
2	1206472757663	1206472759133
2	1206472774781	1206472778149
2	1206472783164	1206472787506
2	1206472789881	1206472794203
2	1206472796751	1206472798534
2	1206472798873	1206472801576
2	1206472811153	1206472815685
2	1206472948934	1206472952722
2	1206472954140	1206472957630
2	1206472973946	1206472979223
2	1206472979848	1206472982730
2	1206473088839	1206473091768
2	1206473100838	1206473105257
2	1206473107483	1206473116545
2	1206473168102	1206473170699
2	1206473171466	1206473180141
2	1206473183500	1206473185810
2	1206473194580	1206473195388
2	1206473299328	1206473301540
2	1206473322569	1206473324767
2	1206473395194	1206473397239
2	1206473399935	1206473402158
2	1206473464973	1206473467915
2	1206473518157	1206473520338
2	1206473520552	1206473524853
2	1206473544514	1206473546945
2	1206473549971	1206473553202
2	1206473553834	1206473556892
2	1206473556908	1206473561128
2	1206473594632	1206473596850
2	1206473599497	1206473600902
2	1206473622664	1206473631962
2	1206473686828	1206473689327
2	1206473697668	1206473699879
2	1206473816908	1206473819595
2	1206473855365	1206473859153
2	1206473859457	1206473862284
2	1206473862412	1206473864648
2	1206473866405	1206473868758
2	1206473883347	1206473885968
2	1206473969747	1206473970994
2	1206473995292	1206473999752
2	1206474217771	1206474221118
2	1206474233195	1206474235542
2	1206474239277	1206474241856
2	1206474261829	1206474263975
2	1206474360213	1206474362486
2	1206474389846	1206474393981
2	1206474394546	1206474398451
2	1206474455535	1206474457676
2	1206474518837	1206474521822
2	1206474524169	1206474526236
2	1206474531872	1206474531947
2	1206474538125	1206474542407
2	1206474543547	1206474545757
2	1206474567120	1206474571478
2	1206474615737	1206474620438
2	1206474627947	1206474630185
2	1206474657752	1206474660222
2	1206474661489	1206474663593
2	1206474667162	1206474669411
2	1206474669776	1206474672192
2	1206474672633	1206474675411
2	1206474709233	1206474711307
2	1206474723901	1206474727886
2	1206474928712	1206474933376
2	1206475005802	1206475007898
2	1206475015716	1206475020290
2	1206475024405	1206475026997
2	1206475071537	1206475075371
2	1206475101674	1206475104665
2	1206475122534	1206475124432
2	1206475186371	1206475188946
2	1206475189884	1206475193342
2	1206475230954	1206475235786
2	1206475252397	1206475258677
2	1206475264938	1206475267325
2	1206475275503	1206475277753
2	1206475327496	1206475332516
2	1206475348140	1206475349299
2	1206475420137	1206475422348
2	1206475511415	1206475513491
2	1206475532706	1206475535686
2	1206475573450	1206475575768
2	1206475706829	1206475708923
2	1206475709462	1206475711644
2	1206475730958	1206475733932
2	1206475756286	1206475759187
2	1206475765841	1206475767137
2	1206475822730	1206475826825
2	1206475889807	1206475893614
2	1206475911686	1206475913564
2	1206475981578	1206475984105
2	1206476038964	1206476041345
2	1206476081736	1206476087803
2	1206476233962	1206476236291
2	1206476279469	1206476281561
2	1206476284761	1206476286499
2	1206476296398	1206476298328
2	1206476324734	1206476328210
2	1206476335544	1206476337605
2	1206476364837	1206476367573
2	1206476402793	1206476404524
2	1206476438428	1206476440612
2	1206476453697	1206476456577
2	1206476506881	1206476508836
2	1206476544145	1206476546474
2	1206476577378	1206476579700
2	1206476583198	1206476585553
2	1206476608776	1206476611801
2	1206476712499	1206476712915
2	1206476809382	1206476814253
2	1206476815613	1206476818399
2	1206476841808	1206476843850
2	1206476853595	1206476856130
2	1206476859543	1206476860820
2	1206476872518	1206476876236
2	1206476899453	1206476906955
2	1206476909822	1206476913294
2	1206476919541	1206476922452
2	1206476938275	1206476940321
2	1206477095356	1206477099237
2	1206477142176	1206477147710
2	1206477240379	1206477242710
2	1206477244894	1206477248612
2	1206477315538	1206477317983
2	1206477320406	1206477326340
2	1206477347212	1206477349190
2	1206477402222	1206477405227
2	1206477474986	1206477477597
2	1206477833117	1206477836231
2	1206477959779	1206477965812
2	1206478061341	1206478065331
2	1206478086585	1206478091428
2	1206478444743	1206478447630
2	1206478502317	1206478506231
2	1206478518505	1206478520905
2	1206478556249	1206478557541
2	1206478760310	1206478764578
2	1206478961799	1206478965770
2	1206479302818	1206479306522
2	1206479476431	1206479478700
2	1206479479579	1206479483754
2	1206479915709	1206479921718
2	1206479925837	1206479933753
2	1206479957271	1206479965218
2	1206479968529	1206479972542
2	1206479975609	1206479977779
2	1206479982653	1206479986931
2	1206479989696	1206479997898
2	1206480002374	1206480003653
2	1206480283673	1206480285539
2	1206480443191	1206480447383
2	1206480591261	1206480594163
2	1206480649899	1206480651135
2	1206480655127	1206480657625
2	1206480775462	1206480779157
2	1206480840904	1206480845443
2	1206480895377	1206480899926
2	1206481093822	1206481098492
2	1206481304429	1206481305775
2	1206481432898	1206481441339
2	1206481786826	1206481792909
2	1206481793717	1206481795926
2	1206481804192	1206481810583
2	1206481815818	1206481822940
2	1206481879113	1206481885730
2	1206482030893	1206482037340
2	1206482068942	1206482070902
2	1206482071214	1206482073892
2	1206482074107	1206482076147
2	1206482082580	1206482084491
2	1206482097971	1206482100592
2	1206482107250	1206482116270
2	1206482117597	1206482119115
2	1206482119508	1206482123440
2	1206482153686	1206482157518
2	1206482332240	1206482334514
2	1206482334674	1206482339747
2	1206482353195	1206482356456
2	1206482429310	1206482431578
2	1206482477674	1206482482332
2	1206482509614	1206482513793
2	1206482569620	1206482573873
2	1206482576768	1206482578748
2	1206482616340	1206482617618
2	1206482622181	1206482625909
2	1206482626338	1206482629199
2	1206482677551	1206482680196
2	1206482704702	1206482707479
2	1206482707688	1206482712926
2	1206482713926	1206482715759
2	1206482836766	1206482841993
2	1206482913511	1206482915548
2	1206482952591	1206482954708
2	1206483192139	1206483196460
2	1206483753126	1206483763411
2	1206484115515	1206484119524
2	1206484126122	1206484129383
2	1206484168853	1206484171175
2	1206484173913	1206484176384
2	1206484573291	1206484575383
2	1206484825596	1206484827872
2	1206484850832	1206484856350
2	1206484910958	1206484913315
2	1206484923531	1206484927652
2	1206484928921	1206484931887
2	1206484949528	1206484951504
2	1206485101108	1206485102806
2	1206485104557	1206485106508
2	1206485135379	1206485137551
2	1206485242179	1206485244371
2	1206485270363	1206485275135
2	1206485299307	1206485303950
2	1206485323383	1206485324688
2	1206485325102	1206485329102
2	1206485331317	1206485334603
2	1206485394233	1206485396211
2	1206485397595	1206485400158
2	1206485759441	1206485761389
2	1206485924574	1206485932504
3	1206440703513	1206440709397
3	1206440709530	1206440714685
3	1206440738590	1206440739364
3	1206440779203	1206440786498
3	1206441528578	1206441533557
3	1206447370812	1206447386166
3	1206452709531	1206452713408
3	1206472645550	1206472662781
3	1206472701922	1206472707409
3	1206472727697	1206472729541
3	1206472730655	1206472732785
3	1206472734863	1206472742575
3	1206472743813	1206472749176
3	1206472752951	1206472755286
3	1206472756249	1206472769516
3	1206472771943	1206472784304
3	1206472934971	1206472938188
3	1206472938877	1206472941150
3	1206472943753	1206472954140
3	1206472954850	1206472962325
3	1206472972289	1206472977720
3	1206473088623	1206473092633
3	1206473098590	1206473111192
3	1206473168219	1206473174933
3	1206473270595	1206473272920
3	1206475909420	1206475913429
3	1206476396638	1206476399593
3	1206476402981	1206476404279
3	1206479915260	1206479919383
3	1206479927419	1206479932485
3	1206479966152	1206479969865
3	1206480002593	1206480005388
3	1206481789519	1206481791905
3	1206481792262	1206481795926
3	1206481806290	1206481826788
3	1206482095373	1206482111190
3	1206482477813	1206482479788
3	1206483753462	1206483755307
4	1206449830435	1206449836886
4	1206449837496	1206449843756
4	1206449953814	1206449956486
4	1206449963237	1206449964388
4	1206449966294	1206449967936
4	1206449972314	1206449975535
4	1206449982562	1206449983672
4	1206449985836	1206449996461
4	1206450073182	1206450075386
4	1206450076286	1206450080955
4	1206450082737	1206450089823
4	1206450108781	1206450108854
4	1206450111541	1206450120595
4	1206450120741	1206450122909
4	1206450123239	1206450133440
4	1206450133927	1206450136167
4	1206450144675	1206450157279
4	1206450160167	1206450165570
4	1206450432370	1206450438326
4	1206450439335	1206450442138
4	1206450445115	1206450452381
4	1206450590648	1206450591828
4	1206450593825	1206450600796
4	1206451027562	1206451089866
4	1206452800363	1206452804531
4	1206452843956	1206452851644
4	1206452879146	1206452882984
4	1206452887781	1206452890380
4	1206452890586	1206452895225
4	1206452923727	1206452927601
4	1206452929403	1206452932680
4	1206453828614	1206453832724
4	1206477246103	1206477256399
4	1206477293827	1206477295304
4	1206477392355	1206477394176
4	1206478477592	1206478479356
4	1206478606291	1206478608119
4	1206485428677	1206485431571
4	1206485442440	1206485449209
5	1206449834322	1206449839167
5	1206452801747	1206452804391
5	1206452806548	1206452818150
5	1206452925332	1206452928131
5	1206452928377	1206452931157
5	1206453830753	1206453832866
5	1206477256276	1206477256466
5	1206477268516	1206477287312
5	1206477287871	1206477294896
5	1206477397471	1206477400820
5	1206477403374	1206477410395
5	1206477418287	1206477425724
5	1206477431757	1206477434329
5	1206477434527	1206477439402
5	1206477600833	1206477603758
5	1206477958341	1206477961115
5	1206478609679	1206478612451
5	1206478670742	1206478672682
5	1206479411473	1206479414455
5	1206479428563	1206479432816
5	1206479474782	1206479476874
5	1206479852540	1206479857286
5	1206479858610	1206479860948
5	1206479884630	1206479886769
5	1206480845662	1206480847795
5	1206480848424	1206480849579
5	1206480861482	1206480865531
5	1206480867612	1206480870910
5	1206481957235	1206481959508
5	1206482249145	1206482251160
5	1206482251642	1206482253644
5	1206482554831	1206482555915
5	1206482557697	1206482559319
5	1206484888420	1206484890495
5	1206485386543	1206485388801
5	1206485398182	1206485400782
5	1206485425799	1206485434494
5	1206485446918	1206485451776
5	1206485497712	1206485499888
6	1206449795972	1206449801749
6	1206451277912	1206451279640
6	1206451288639	1206451291310
6	1206452802909	1206452807681
6	1206452926584	1206452930491
6	1206453831195	1206453834120
6	1206477254361	1206477258926
7	1206430640829	1206430644805
7	1206430654295	1206430663539
7	1206430664406	1206430666941
7	1206431393412	1206431397780
7	1206432075899	1206432078484
7	1206432082502	1206432084944
7	1206432103679	1206432106209
7	1206432676138	1206432680458
7	1206432770933	1206432773180
7	1206432774124	1206432777716
7	1206432778244	1206432780333
7	1206433014106	1206433016522
7	1206433017361	1206433019953
7	1206433036376	1206433038614
7	1206433468545	1206433474444
7	1206433916533	1206433916725
7	1206433928626	1206433934855
7	1206433935207	1206433938896
7	1206433953589	1206433955953
7	1206433956987	1206433960890
7	1206434048787	1206434052976
7	1206434178730	1206434184331
7	1206434192349	1206434196799
7	1206434197698	1206434200498
7	1206434684574	1206434687104
7	1206434878462	1206434883314
7	1206435503755	1206435508762
7	1206436117542	1206436123996
7	1206436536849	1206436543469
7	1206436545166	1206436547224
7	1206436794873	1206436796811
7	1206436797920	1206436801608
7	1206436808774	1206436815267
7	1206436815705	1206436822189
7	1206436900680	1206436905279
7	1206436905815	1206436908389
7	1206436913454	1206436921578
7	1206437514597	1206437518726
7	1206438426317	1206438430922
7	1206438569198	1206438575800
7	1206438673909	1206438675841
7	1206438915974	1206438921399
7	1206438922449	1206438924985
7	1206438925660	1206438931904
7	1206439073907	1206439076105
7	1206439255387	1206439257805
7	1206439260299	1206439266149
7	1206439397103	1206439401174
7	1206439401334	1206439404457
7	1206439722298	1206439724267
7	1206439727298	1206439729758
7	1206440017416	1206440021497
7	1206440065337	1206440070773
7	1206440137859	1206440139153
7	1206440140519	1206440142798
7	1206440146527	1206440148570
7	1206440184542	1206440186790
7	1206440195521	1206440203656
7	1206440205867	1206440213186
7	1206440761831	1206440764536
7	1206440765915	1206440769426
7	1206440772640	1206440780615
7	1206440787351	1206440795197
7	1206441072611	1206441074807
7	1206441163766	1206441168326
7	1206441523112	1206441530289
7	1206441533366	1206441539852
7	1206441551700	1206441553998
7	1206441556707	1206441561337
7	1206441732805	1206441734616
7	1206441787983	1206441791286
7	1206441791663	1206441794131
7	1206441801120	1206441810831
7	1206441811386	1206441818177
7	1206441818345	1206441820571
7	1206441826172	1206441832912
7	1206441838941	1206441847330
7	1206441849280	1206441851850
7	1206441852217	1206441871678
7	1206452149782	1206452157721
7	1206452680616	1206452681244
7	1206453400459	1206453401664
7	1206453404510	1206453414187
7	1206453425663	1206453430615
7	1206453760404	1206453765870
7	1206453896793	1206453899602
7	1206454616618	1206454622876
7	1206454776376	1206454779191
7	1206456165737	1206456184179
7	1206456184936	1206456190472
7	1206456192201	1206456197509
7	1206472648261	1206472650766
7	1206472669343	1206472677330
7	1206472677591	1206472687791
7	1206472688330	1206472690427
7	1206472695804	1206472695948
7	1206472738372	1206472739642
7	1206472754181	1206472758321
7	1206472778185	1206472782515
7	1206472974710	1206472975912
7	1206472977995	1206472982167
7	1206473537186	1206473541748
7	1206473546590	1206473551458
7	1206473552242	1206473554661
7	1206473558844	1206473564806
7	1206473581728	1206473583999
7	1206473621714	1206473628350
7	1206473856279	1206473860881
7	1206473939388	1206473943167
7	1206474389585	1206474395722
7	1206474859648	1206474873565
7	1206475231976	1206475240876
7	1206475241126	1206475243904
7	1206475244763	1206475248109
7	1206475252257	1206475256917
7	1206475417530	1206475421371
7	1206475513628	1206475515539
7	1206475516616	1206475520710
7	1206475521150	1206475522451
7	1206475523535	1206475526699
7	1206475528152	1206475534176
7	1206475647267	1206475656132
7	1206475657668	1206475661949
7	1206475670501	1206475675728
7	1206476036236	1206476037428
7	1206476040316	1206476042699
7	1206476270535	1206476272918
7	1206476790637	1206476793587
7	1206478008234	1206478013723
7	1206478767685	1206478772406
7	1206478994260	1206478996600
7	1206479000897	1206479013960
7	1206479451712	1206479453918
7	1206479464399	1206479475255
7	1206479992935	1206479997463
7	1206480032715	1206480035602
7	1206480317108	1206480323168
7	1206481137696	1206481142642
7	1206481471262	1206481478525
7	1206481795210	1206481800578
7	1206481801307	1206481804480
7	1206481827793	1206481830542
7	1206481837430	1206481840323
7	1206481844438	1206481846937
7	1206481847816	1206481850861
7	1206481851221	1206481863865
7	1206481869630	1206481874206
7	1206481874402	1206481880581
7	1206482329714	1206482334352
7	1206482434771	1206482437808
7	1206483082758	1206483084616
7	1206483633646	1206483634847
7	1206483812425	1206483820150
7	1206483942833	1206483946240
7	1206483971407	1206483975604
7	1206483987851	1206483990622
7	1206484418508	1206484420942
7	1206484747636	1206484749620
7	1206484950449	1206484953831
7	1206484987620	1206484993242
7	1206485590788	1206485595831
7	1206485615314	1206485618889
7	1206485658746	1206485660440
7	1206485660849	1206485667225
7	1206485796614	1206485798647
8	1206430637418	1206430640373
8	1206431334679	1206431336903
8	1206432252911	1206432256261
8	1206437503232	1206437506691
8	1206439264342	1206439268922
8	1206439394798	1206439399169
8	1206440595216	1206440598643
8	1206440777811	1206440782276
8	1206441527693	1206441534838
8	1206441872357	1206441876372
8	1206442053671	1206442057112
8	1206442084248	1206442086905
8	1206442107851	1206442110994
8	1206442163873	1206442166537
8	1206442180151	1206442183615
8	1206446401512	1206446404577
8	1206446410357	1206446413711
8	1206446415847	1206446419949
8	1206446868749	1206446871907
8	1206447383498	1206447388170
8	1206451739253	1206451743156
8	1206452138877	1206452142111
8	1206452707587	1206452709793
8	1206452710528	1206452713273
8	1206453592806	1206453596300
8	1206453596794	1206453601863
8	1206453634634	1206453637792
8	1206455169724	1206455172827
8	1206456195124	1206456197929
8	1206456994966	1206456998636
8	1206466178247	1206466181636
8	1206466182298	1206466184970
8	1206468785276	1206468788142
8	1206468799119	1206468801906
8	1206472667335	1206472670943
8	1206472727826	1206472729924
8	1206472756249	1206472758631
8	1206472775764	1206472779877
8	1206472811889	1206472815355
8	1206472933719	1206472936218
8	1206475419879	1206475424787
8	1206475511873	1206475515131
8	1206476577787	1206476580903
8	1206476599706	1206476602698
8	1206479476580	1206479483726
8	1206479990865	1206479994723
8	1206481437153	1206481440886
8	1206481786522	1206481792454
8	1206481793135	1206481797351
8	1206481825820	1206481830405
9	1206429132334	1206429137155
9	1206430636875	1206430640184
9	1206432254673	1206432255867
9	1206437502772	1206437504900
9	1206439265591	1206439267731
9	1206439394105	1206439396351
9	1206440702302	1206440706458
9	1206440710782	1206440715676
9	1206440730203	1206440734333
9	1206440736371	1206440739854
9	1206446402649	1206446404798
9	1206446409538	1206446411871
9	1206446868103	1206446870299
9	1206447369179	1206447373292
9	1206447373719	1206447379428
9	1206447380651	1206447387178
9	1206451740680	1206451744191
9	1206452138135	1206452141416
9	1206452707247	1206452709410
9	1206453594184	1206453599381
9	1206455169186	1206455171242
9	1206468784672	1206468786873
9	1206468799998	1206468802119
9	1206472644240	1206472647536
9	1206472661889	1206472670552
9	1206472933356	1206472936994
9	1206475421371	1206475423161
9	1206475510534	1206475512709
9	1206476600727	1206476602834
9	1206479908615	1206479912343
9	1206479913622	1206479916939
9	1206479990355	1206479993241
9	1206481822940	1206481824160
9	1206481824617	1206481827544
9	1206482105145	1206482108760
10	1206436700778	1206436705279
10	1206436707517	1206436709588
10	1206436726667	1206436728894
10	1206436732800	1206436735350
10	1206436970441	1206436973584
10	1206436989332	1206436992200
10	1206439382705	1206439385432
10	1206439389938	1206439393211
10	1206443087182	1206443090672
10	1206444069213	1206444071647
10	1206444074517	1206444076369
10	1206445557336	1206445559331
10	1206445589167	1206445591746
10	1206446465794	1206446468884
10	1206446485971	1206446488550
10	1206451154423	1206451175819
10	1206452799250	1206452802259
10	1206452848794	1206452851780
10	1206452877330	1206452880642
10	1206452907132	1206452911351
10	1206452922507	1206452925201
10	1206452930977	1206452933664
10	1206453827226	1206453829906
10	1206477245296	1206477247310
10	1206477390867	1206477393105
10	1206485429917	1206485432415
10	1206485441889	1206485443648
11	1206436708365	1206436711151
11	1206436969100	1206436971855
11	1206443050459	1206443054381
11	1206443087967	1206443091288
11	1206444074919	1206444078332
11	1206445556144	1206445559500
11	1206446465528	1206446466682
11	1206446487148	1206446490848
11	1206450633367	1206450634674
11	1206451009297	1206451011283
11	1206451247802	1206451252264
11	1206452815721	1206452819690
11	1206453836969	1206453839456
11	1206477244297	1206477247972
12	1206451274824	1206451277430
12	1206451290147	1206451294567
12	1206452888855	1206452892677
12	1206452894729	1206452899353
12	1206452913248	1206452916493
12	1206453834846	1206453837982
13	1206451275784	1206451278686
13	1206451289943	1206451293520
13	1206453833814	1206453837345
14	1206440597501	1206440599776
14	1206440701580	1206440703890
14	1206440737303	1206440739532
14	1206442106382	1206442108307
14	1206442179617	1206442181700
14	1206446493353	1206446496274
14	1206446525653	1206446528565
14	1206446553486	1206446559196
14	1206447385123	1206447389684
14	1206452401962	1206452403738
14	1206452697296	1206452699146
14	1206452699966	1206452701897
14	1206452704470	1206452708273
14	1206452712166	1206452715108
14	1206452780720	1206452781963
14	1206452782115	1206452785249
14	1206452868186	1206452870142
14	1206453801656	1206453805530
14	1206472813929	1206472816672
14	1206475421879	1206475424214
14	1206476576881	1206476578794
14	1206479479727	1206479482487
14	1206479907287	1206479909242
14	1206481439415	1206481441663
14	1206481785191	1206481787279
15	1206432255471	1206432256261
15	1206436693853	1206436696413
15	1206436724771	1206436727461
15	1206436734940	1206436736866
15	1206437501826	1206437503806
15	1206439266609	1206439269321
15	1206439393350	1206439395417
15	1206440598137	1206440601786
15	1206440712561	1206440716209
15	1206440729426	1206440732613
15	1206440737443	1206440739532
15	1206442051860	1206442054548
15	1206442085840	1206442087926
15	1206442106260	1206442108156
15	1206442164872	1206442166301
15	1206442178824	1206442181529
15	1206446404240	1206446405217
15	1206446408333	1206446411182
15	1206446418697	1206446422144
15	1206446492224	1206446496452
15	1206446523854	1206446530478
15	1206446553218	1206446561421
15	1206446571816	1206446573104
15	1206446575340	1206446577449
15	1206446866962	1206446869861
15	1206447367468	1206447374776
15	1206447385834	1206447388356
15	1206451742272	1206451745948
15	1206452136469	1206452139802
15	1206452402262	1206452404263
15	1206452696168	1206452708403
15	1206452712521	1206452715886
15	1206452780519	1206452787819
15	1206452790487	1206452794546
15	1206452867505	1206452870985
15	1206452874463	1206452878772
15	1206453637408	1206453639455
15	1206453799900	1206453806167
15	1206453839599	1206453841533
15	1206455168205	1206455170340
15	1206456197150	1206456199398
15	1206456678178	1206456681245
15	1206456996578	1206456999441
15	1206466184296	1206466186165
15	1206468783645	1206468784949
15	1206468801154	1206468802418
15	1206472642681	1206472646592
15	1206472814249	1206472816626
15	1206472932139	1206472934212
15	1206475422512	1206475426164
15	1206475509592	1206475512603
15	1206476576473	1206476578434
15	1206476601303	1206476603779
15	1206479478989	1206479485914
15	1206479906987	1206479908881
15	1206479989252	1206479992576
15	1206481439697	1206481442979
15	1206481784512	1206481787125
16	1206429129538	1206429131690
16	1206430635526	1206430637696
16	1206432255317	1206432256485
16	1206436694368	1206436697253
16	1206436725328	1206436727345
16	1206436734452	1206436737304
16	1206436991372	1206436993142
16	1206439267153	1206439270498
16	1206439380918	1206439382971
16	1206439392470	1206439394539
16	1206441874468	1206441875657
16	1206444068942	1206444069956
16	1206445591105	1206445594206
16	1206446404299	1206446407183
16	1206446407889	1206446409937
16	1206446419224	1206446421902
16	1206446489615	1206446494722
16	1206446500512	1206446502931
16	1206446522814	1206446526631
16	1206447386479	1206447387670
16	1206450640243	1206450642413
16	1206451743156	1206451746684
16	1206452135513	1206452137488
16	1206452402479	1206452405418
16	1206452758897	1206452762126
16	1206452797666	1206452799905
16	1206452850698	1206452855147
16	1206452867682	1206452870600
16	1206452873575	1206452878990
16	1206452911158	1206452916369
16	1206452920422	1206452923909
16	1206453638692	1206453640274
16	1206453777604	1206453783636
16	1206453799203	1206453803111
16	1206453825478	1206453827801
16	1206453838953	1206453841120
16	1206455167912	1206455169589
16	1206468783179	1206468785858
16	1206472931860	1206472933883
16	1206475509287	1206475511224
16	1206477390270	1206477393362
16	1206479988942	1206479991141
16	1206485431298	1206485433575
17	1206436709312	1206436712608
17	1206436967885	1206436970816
17	1206436991652	1206436993700
17	1206443049526	1206443053172
17	1206444067594	1206444070879
17	1206445555192	1206445558908
17	1206446461997	1206446465249
17	1206446488335	1206446493264
17	1206450631572	1206450634534
17	1206450640384	1206450643223
17	1206450734515	1206450736544
17	1206451008503	1206451011410
17	1206451246435	1206451250491
17	1206451254223	1206451262333
17	1206452403290	1206452406227
17	1206452796430	1206452798797
17	1206452814946	1206452817225
17	1206452817543	1206452821227
17	1206452854307	1206452858129
17	1206452883673	1206452884952
17	1206452932680	1206452935757
17	1206453781383	1206453783944
17	1206453790943	1206453798116
17	1206477243737	1206477246486
17	1206485431266	1206485434114
17	1206485439523	1206485443325
18	1206451274317	1206451276110
18	1206451292921	1206451294915
19	1206452718619	1206452720721
19	1206453619741	1206453635387
19	1206453637792	1206453640113
19	1206453640643	1206453655420
19	1206453655928	1206453659414
19	1206453660107	1206453662302
19	1206453665676	1206453675320
19	1206453684868	1206453690594
19	1206453695891	1206453706528
19	1206453707190	1206453729925
19	1206453770918	1206453772772
19	1206453804474	1206453807184
19	1206464771542	1206464777379
19	1206464777806	1206464779126
19	1206466115191	1206466119439
19	1206466151317	1206466153627
20	1206436669408	1206436671851
20	1206436673225	1206436678739
20	1206436722623	1206436722914
20	1206436748464	1206436748576
20	1206436764592	1206436769615
20	1206436881218	1206436886434
20	1206436887681	1206436893457
20	1206436963601	1206436967145
20	1206436979179	1206436981359
20	1206436993822	1206436995974
20	1206436996299	1206436999255
20	1206437008202	1206437010175
20	1206437036284	1206437039195
20	1206437093686	1206437094946
20	1206437334436	1206437340537
20	1206438658647	1206438660890
20	1206438680709	1206438682929
20	1206438686960	1206438689567
20	1206438814265	1206438818985
20	1206438836882	1206438841637
20	1206438895661	1206438900216
20	1206438953249	1206438955663
20	1206438967470	1206438969644
20	1206439002893	1206439005537
20	1206439013792	1206439016151
20	1206439123435	1206439126713
20	1206439135245	1206439137521
20	1206439203966	1206439205513
20	1206439211191	1206439216889
20	1206439221671	1206439224241
20	1206439230673	1206439236889
20	1206439253680	1206439255907
20	1206439328703	1206439329931
20	1206439332905	1206439335425
20	1206439491987	1206439494347
20	1206439548656	1206439551322
20	1206439575419	1206439577757
20	1206439608353	1206439610941
20	1206439651511	1206439653793
20	1206439671847	1206439674399
20	1206439694113	1206439696305
20	1206439740989	1206439742791
20	1206439788605	1206439791163
20	1206439861461	1206439863887
20	1206439864967	1206439867424
20	1206440084921	1206440085298
20	1206440110193	1206440112129
20	1206440232825	1206440234313
20	1206440235682	1206440238261
20	1206440316803	1206440318732
20	1206440331612	1206440334471
20	1206440407113	1206440409347
20	1206440421477	1206440423810
20	1206440424666	1206440428566
20	1206440537492	1206440539762
20	1206440575275	1206440576507
20	1206440625789	1206440633536
20	1206440633699	1206440644861
20	1206440656659	1206440660473
20	1206440661242	1206440665285
20	1206440677300	1206440677724
20	1206440689697	1206440696531
20	1206440750337	1206440759831
20	1206440775359	1206440777972
20	1206440782113	1206440785575
20	1206440797860	1206440814505
20	1206440828681	1206440830842
20	1206440850581	1206440853247
20	1206440904575	1206440906844
20	1206440907804	1206440909776
20	1206440909804	1206440912664
20	1206440951624	1206440954161
20	1206440955403	1206440956334
20	1206440973575	1206440975948
20	1206440991573	1206440995521
20	1206441045351	1206441047682
20	1206441141699	1206441143481
20	1206441144327	1206441145589
20	1206441362580	1206441366461
20	1206441379211	1206441381705
20	1206441382750	1206441385433
20	1206441408975	1206441413624
20	1206441430503	1206441433489
20	1206441434346	1206441435640
20	1206441449541	1206441454327
20	1206441466788	1206441472669
20	1206441474257	1206441476194
20	1206441480203	1206441482478
20	1206441513954	1206441518773
20	1206441523863	1206441526342
20	1206441528578	1206441530610
20	1206441536127	1206441540743
20	1206441548926	1206441551478
20	1206441552238	1206441554660
20	1206441567371	1206441576206
20	1206441585817	1206441589955
20	1206441591272	1206441595740
20	1206441632292	1206441633531
20	1206441639399	1206441641883
20	1206441648542	1206441650604
20	1206441651662	1206441654127
20	1206441655947	1206441657230
20	1206441684550	1206441687306
20	1206441689906	1206441691168
20	1206441693452	1206441697619
20	1206441729852	1206441732217
20	1206441735155	1206441736424
20	1206441741187	1206441745677
20	1206441766319	1206441768856
20	1206441770765	1206441772314
20	1206441826738	1206441831150
20	1206441903220	1206441906447
20	1206441907921	1206441910673
20	1206441918128	1206441920867
20	1206441932217	1206441932819
20	1206441955564	1206441957889
20	1206441977139	1206441979427
20	1206441993625	1206441995953
20	1206441996709	1206441998632
20	1206442011319	1206442013681
20	1206442023332	1206442027123
20	1206442034326	1206442036412
20	1206442054421	1206442056724
20	1206442057348	1206442059339
20	1206442064592	1206442067112
20	1206442071890	1206442073159
20	1206442108610	1206442110994
20	1206442142149	1206442146269
20	1206442157160	1206442159523
20	1206442182219	1206442184521
20	1206442184647	1206442187532
20	1206442203271	1206442205658
20	1206442207643	1206442208950
20	1206442217238	1206442219591
20	1206442242762	1206442246580
20	1206442259875	1206442264450
20	1206442273781	1206442275689
20	1206442284748	1206442287440
20	1206442290591	1206442292528
20	1206442328734	1206442330387
20	1206442331777	1206442333560
20	1206442362404	1206442364542
20	1206442392225	1206442398282
20	1206442399427	1206442400722
20	1206442421908	1206442424160
20	1206442440359	1206442442737
20	1206442902443	1206442906861
20	1206442913261	1206442916750
20	1206442921989	1206442926437
20	1206442942202	1206442944367
20	1206442970883	1206442972178
20	1206443079934	1206443082118
20	1206443096555	1206443099202
20	1206443184354	1206443186684
20	1206443347203	1206443349634
20	1206443490682	1206443492831
20	1206443544497	1206443546902
20	1206443610527	1206443612751
20	1206443734525	1206443736983
20	1206443739648	1206443740912
20	1206443749200	1206443752575
20	1206443793267	1206443795615
20	1206443801265	1206443803699
20	1206443806489	1206443813238
20	1206443817160	1206443819324
20	1206443840808	1206443843673
20	1206443932139	1206443939411
20	1206443962262	1206443964333
20	1206444109569	1206444111822
20	1206444122727	1206444123981
20	1206444137322	1206444141779
20	1206444157176	1206444159722
20	1206444393325	1206444397829
20	1206444431677	1206444433942
20	1206444512646	1206444516401
20	1206444520419	1206444522748
20	1206444523804	1206444525863
20	1206444589621	1206444592639
20	1206444593294	1206444595638
20	1206444622264	1206444624545
20	1206444634491	1206444636801
20	1206444637760	1206444639210
20	1206444653139	1206444656977
20	1206444753294	1206444755389
20	1206444766869	1206444768787
20	1206444807260	1206444808981
20	1206444875279	1206444879843
20	1206444926580	1206444927890
20	1206445055537	1206445057925
20	1206445197592	1206445199655
20	1206445250240	1206445252746
20	1206445268858	1206445270315
20	1206445270451	1206445271870
20	1206445310648	1206445312394
20	1206445322984	1206445325389
20	1206445327608	1206445328875
20	1206445331357	1206445333987
20	1206445335352	1206445336642
20	1206445368963	1206445371173
20	1206445371656	1206445373939
20	1206445422317	1206445424736
20	1206445425290	1206445427595
20	1206445478856	1206445482329
20	1206445499486	1206445501792
20	1206445504177	1206445505465
20	1206445508535	1206445511926
20	1206445514647	1206445515964
20	1206445530747	1206445536525
20	1206445537469	1206445544359
20	1206445603868	1206445609482
20	1206445611181	1206445613463
20	1206445641677	1206445652483
20	1206445653667	1206445664282
20	1206446496169	1206446504864
20	1206446505144	1206446512394
20	1206446518308	1206446520813
20	1206447251357	1206447255880
20	1206447291801	1206447303195
20	1206447307160	1206447315679
20	1206447329927	1206447336602
20	1206447340118	1206447345544
20	1206447613626	1206447615618
20	1206447620916	1206447625848
20	1206447726477	1206447728340
20	1206447728684	1206447733235
20	1206451152114	1206451168688
20	1206452693567	1206452697194
20	1206452701462	1206452704948
20	1206452714632	1206452727575
20	1206452732644	1206452743645
20	1206452757166	1206452761811
20	1206452761985	1206452764340
20	1206452764708	1206452769935
20	1206452870142	1206452874225
20	1206453236377	1206453239687
20	1206453754203	1206453767497
20	1206453770766	1206453776519
20	1206453806379	1206453811952
20	1206453813359	1206453817469
20	1206453817965	1206453824645
20	1206453842171	1206453846801
20	1206453867774	1206453871862
20	1206453872149	1206453884392
20	1206454104635	1206454110595
20	1206454124892	1206454127439
20	1206454151469	1206454169209
20	1206454177350	1206454180194
20	1206454222502	1206454231617
20	1206454235431	1206454236718
20	1206454243292	1206454246678
20	1206454257967	1206454268628
20	1206454290496	1206454293249
20	1206454293386	1206454296200
20	1206454299461	1206454301112
20	1206454302367	1206454304880
20	1206454321320	1206454322571
20	1206454425839	1206454428108
20	1206454436111	1206454438176
20	1206454498404	1206454500699
20	1206454503525	1206454504798
20	1206454920811	1206454921985
20	1206454998162	1206455000189
20	1206455101820	1206455104171
20	1206455112199	1206455114384
20	1206455115773	1206455119790
20	1206455159429	1206455161344
20	1206455191978	1206455193171
20	1206455227417	1206455229682
20	1206455237235	1206455239482
20	1206455255382	1206455256280
20	1206455279689	1206455283683
20	1206455318640	1206455320344
20	1206455438958	1206455442673
20	1206455501469	1206455503388
20	1206455507561	1206455508841
20	1206455529462	1206455531558
20	1206455536708	1206455538643
20	1206455584491	1206455586442
20	1206455590403	1206455592208
20	1206455594145	1206455595399
20	1206455611252	1206455613456
20	1206455618338	1206455619609
20	1206455638721	1206455640749
20	1206455643555	1206455645738
20	1206455652187	1206455653274
20	1206455696176	1206455698179
20	1206455781976	1206455783183
20	1206455786992	1206455790569
20	1206455795246	1206455798783
20	1206455858601	1206455859283
20	1206455882798	1206455887368
20	1206455961388	1206455962987
20	1206455965272	1206455967133
20	1206456049756	1206456053485
20	1206456069839	1206456072265
20	1206456177630	1206456180371
20	1206456185728	1206456187586
20	1206456197929	1206456200108
20	1206456283791	1206456285789
20	1206456286467	1206456288607
20	1206456397531	1206456398737
20	1206456399612	1206456401755
20	1206456520779	1206456521973
20	1206456615442	1206456617276
20	1206456632572	1206456634421
20	1206456675697	1206456677556
20	1206456678175	1206456680464
20	1206456714652	1206456717476
20	1206456729803	1206456733433
20	1206456766862	1206456768501
20	1206456769710	1206456771777
20	1206457039424	1206457043984
20	1206457049802	1206457052461
20	1206457198378	1206457202504
20	1206457237944	1206457241932
20	1206457360116	1206457362232
20	1206457483964	1206457490130
20	1206457831543	1206457833267
20	1206457871322	1206457875754
20	1206457888875	1206457891295
20	1206457929330	1206457931169
20	1206457978782	1206457981199
20	1206457990426	1206457992794
20	1206458037708	1206458039596
20	1206458060498	1206458063956
20	1206458070508	1206458074457
20	1206458076161	1206458078354
20	1206458089172	1206458092407
20	1206458097901	1206458100543
20	1206458120215	1206458122241
20	1206458159773	1206458161334
20	1206458180146	1206458182470
20	1206458188136	1206458190149
20	1206458246119	1206458248792
20	1206458293590	1206458295564
20	1206458297130	1206458299380
20	1206458468199	1206458472344
20	1206458504475	1206458506818
20	1206458522337	1206458525941
20	1206458549948	1206458552645
20	1206458556679	1206458558937
20	1206458562881	1206458565122
20	1206458566599	1206458567852
20	1206458571718	1206458573902
20	1206458600888	1206458602872
20	1206458679558	1206458681763
20	1206458699912	1206458702348
20	1206458712606	1206458714545
20	1206458717290	1206458720285
20	1206458724965	1206458727215
20	1206458762844	1206458766401
20	1206458812920	1206458815685
20	1206458816422	1206458817674
20	1206458825597	1206458827683
20	1206458839488	1206458841698
20	1206458947562	1206458949828
20	1206458955998	1206458958679
20	1206459174944	1206459177907
20	1206459218205	1206459221847
20	1206459223933	1206459226193
20	1206459228564	1206459230495
20	1206459314642	1206459317325
20	1206459333221	1206459335234
20	1206459372773	1206459374993
20	1206459489194	1206459493314
20	1206459497372	1206459499244
20	1206459514443	1206459516734
20	1206459554742	1206459557495
20	1206459584336	1206459590194
20	1206459608912	1206459611156
20	1206459618645	1206459620996
20	1206459658804	1206459660158
20	1206459667940	1206459670160
20	1206459709284	1206459711196
20	1206459711526	1206459712803
20	1206459780998	1206459783433
20	1206459790799	1206459792820
20	1206459797410	1206459800626
20	1206459818969	1206459821232
20	1206459835189	1206459837850
20	1206459899741	1206459901781
20	1206459902819	1206459903361
20	1206459967329	1206459969602
20	1206459982603	1206459984692
20	1206459985520	1206459987306
20	1206459996151	1206459999673
20	1206460043579	1206460045150
20	1206460046332	1206460047589
20	1206460101596	1206460103861
20	1206460104379	1206460105638
20	1206460145746	1206460147854
20	1206460161147	1206460164741
20	1206460186396	1206460188565
20	1206460277245	1206460279321
20	1206460290359	1206460294250
20	1206460355446	1206460357823
20	1206460373490	1206460378391
20	1206460474453	1206460478333
20	1206460516232	1206460518651
20	1206460526707	1206460530596
20	1206460602673	1206460604689
20	1206460640116	1206460642582
20	1206460643239	1206460645533
20	1206460658243	1206460660305
20	1206460695930	1206460698435
20	1206460699385	1206460701752
20	1206460717926	1206460720246
20	1206460742521	1206460744441
20	1206460759906	1206460762259
20	1206460982268	1206460986124
20	1206461004227	1206461006479
20	1206461008258	1206461010586
20	1206461071636	1206461073597
20	1206461095678	1206461097784
20	1206461107504	1206461109663
20	1206461134894	1206461137398
20	1206461137823	1206461141970
20	1206461165596	1206461169411
20	1206461202759	1206461206210
20	1206461209844	1206461212445
20	1206461226142	1206461229939
20	1206461230287	1206461233426
20	1206461375925	1206461379263
20	1206461439970	1206461441275
20	1206461441889	1206461445650
20	1206461480670	1206461482486
20	1206461482663	1206461485220
20	1206461489330	1206461495958
20	1206461499362	1206461503546
20	1206461526574	1206461528815
20	1206461563729	1206461566662
20	1206461606464	1206461608349
20	1206461743127	1206461746630
20	1206461748537	1206461751225
20	1206461760927	1206461763175
20	1206461903632	1206461905594
20	1206461929828	1206461931939
20	1206461944605	1206461946402
20	1206461990738	1206461992947
20	1206462061929	1206462064557
20	1206462076822	1206462079977
20	1206462083476	1206462086391
20	1206462194536	1206462196820
20	1206462208705	1206462211323
20	1206462228675	1206462233414
20	1206462299270	1206462301211
20	1206462326910	1206462327330
20	1206462425454	1206462427448
20	1206462506736	1206462510822
20	1206463170802	1206463172908
20	1206463272639	1206463274906
20	1206463316839	1206463319303
20	1206463422243	1206463424403
20	1206463603368	1206463605442
20	1206463620815	1206463624524
20	1206463693479	1206463695916
20	1206463698749	1206463701150
20	1206463714941	1206463716253
20	1206463719871	1206463722103
20	1206463736216	1206463737991
20	1206463990156	1206463992541
20	1206464192510	1206464194172
20	1206464203514	1206464205724
20	1206464224875	1206464227227
20	1206464356794	1206464358581
20	1206464375127	1206464379179
20	1206464544811	1206464546892
20	1206464561142	1206464563249
20	1206464569849	1206464573107
20	1206464584381	1206464586501
20	1206464617303	1206464619540
20	1206464627282	1206464631716
20	1206464655938	1206464658106
20	1206464701962	1206464705397
20	1206464716543	1206464719258
20	1206464767260	1206464773217
20	1206464909961	1206464913815
20	1206464918589	1206464919844
20	1206464921367	1206464923531
20	1206464932404	1206464934579
20	1206464940906	1206464942974
20	1206464954723	1206464960899
20	1206464962809	1206464969727
20	1206465022582	1206465026451
20	1206465076619	1206465077873
20	1206465089339	1206465091839
20	1206465092951	1206465097842
20	1206465107750	1206465109560
20	1206465110608	1206465114506
20	1206465115292	1206465117486
20	1206465120228	1206465122664
20	1206465138226	1206465139500
20	1206465147543	1206465149924
20	1206465236755	1206465238964
20	1206465241749	1206465244236
20	1206465273843	1206465275117
20	1206465276885	1206465279137
20	1206465305265	1206465307504
20	1206465336592	1206465339406
20	1206465342764	1206465344222
20	1206465345205	1206465347987
20	1206465350494	1206465351770
20	1206465354858	1206465356169
20	1206465376837	1206465380315
20	1206465406674	1206465409702
20	1206465420270	1206465422517
20	1206465491708	1206465493606
20	1206465524642	1206465526817
20	1206465532383	1206465534848
20	1206465553895	1206465555310
20	1206465571264	1206465573976
20	1206465674371	1206465674978
20	1206465699320	1206465701502
20	1206465736846	1206465743699
20	1206465745838	1206465747378
20	1206465804826	1206465807124
20	1206465971809	1206465974385
20	1206466021886	1206466023835
20	1206466117411	1206466121854
20	1206466123619	1206466130308
20	1206466142592	1206466151471
20	1206466156551	1206466161956
20	1206466167215	1206466169587
20	1206466172573	1206466177563
21	1206436676343	1206436678615
21	1206436688977	1206436691443
21	1206436692296	1206436695364
21	1206436712447	1206436715440
21	1206436716772	1206436720775
21	1206436723408	1206436726159
21	1206436736250	1206436739581
21	1206436881499	1206436884313
21	1206436888679	1206436894289
21	1206440692629	1206440699385
21	1206440739329	1206440742608
21	1206440747568	1206440751898
21	1206445539426	1206445547491
21	1206445592934	1206445598510
21	1206445662884	1206445666387
21	1206446495420	1206446498323
21	1206446576452	1206446580162
21	1206446591641	1206446596439
21	1206446620685	1206446622806
21	1206446706674	1206446708211
21	1206446784536	1206446788824
21	1206446822597	1206446828790
21	1206446854528	1206446861959
21	1206446883604	1206446892527
21	1206446933581	1206446947540
21	1206446963755	1206446968271
21	1206447000125	1206447003509
21	1206447034891	1206447042242
21	1206447051126	1206447053899
21	1206447079399	1206447082981
21	1206447083809	1206447086848
21	1206447088314	1206447095342
21	1206447133610	1206447140210
21	1206447201338	1206447202672
21	1206447272723	1206447278244
21	1206447282225	1206447289523
21	1206447342574	1206447347718
21	1206447612250	1206447615568
21	1206447622808	1206447626443
21	1206447720425	1206447728494
21	1206447730526	1206447733323
21	1206452691627	1206452694992
21	1206452702666	1206452706975
21	1206452713829	1206452718492
21	1206452719754	1206452723539
21	1206452740246	1206452744860
21	1206452750465	1206452759257
21	1206452766292	1206452772615
21	1206452870413	1206452876480
21	1206453233918	1206453242773
21	1206453611920	1206453615413
21	1206453711130	1206453719546
21	1206453721453	1206453723705
21	1206453734128	1206453736634
21	1206453740182	1206453740304
21	1206453755699	1206453758142
21	1206453761991	1206453764588
21	1206453772272	1206453780463
21	1206453803931	1206453809439
21	1206453814854	1206453817775
21	1206453819692	1206453825346
21	1206453844302	1206453844833
21	1206453866432	1206453869762
21	1206454105802	1206454107697
21	1206454152566	1206454157167
21	1206454244960	1206454250430
21	1206454255417	1206454259346
21	1206456682675	1206456684705
21	1206456685566	1206456687561
21	1206456696518	1206456699258
21	1206456712930	1206456717558
21	1206456735603	1206456740787
21	1206456812310	1206456816787
21	1206464777527	1206464780426
21	1206464907637	1206464910598
21	1206466174632	1206466177387
22	1206429136391	1206429139649
22	1206436676971	1206436679702
22	1206436685123	1206436687350
22	1206436712120	1206436713647
22	1206436867998	1206436871205
22	1206440695659	1206440698990
22	1206440700600	1206440702606
22	1206440727341	1206440730356
22	1206440739532	1206440742728
22	1206440746796	1206440749745
22	1206442087209	1206442088421
22	1206442104996	1206442108433
22	1206442164854	1206442168496
22	1206442177913	1206442181757
22	1206445543724	1206445546603
22	1206445592597	1206445594628
22	1206445663702	1206445665936
22	1206447344328	1206447347254
22	1206447386820	1206447389551
22	1206447611545	1206447613887
22	1206447624183	1206447627369
22	1206447719644	1206447722329
22	1206447724292	1206447728366
22	1206447731444	1206447733672
22	1206452769375	1206452774451
22	1206452777980	1206452782733
22	1206453239385	1206453241515
22	1206453610880	1206453614108
22	1206453710184	1206453713509
22	1206453777130	1206453780316
22	1206453821859	1206453825213
22	1206453845933	1206453849259
22	1206453865607	1206453867439
22	1206454246998	1206454249904
22	1206454254760	1206454257520
22	1206456813950	1206456817258
22	1206464778318	1206464781631
22	1206464906858	1206464909568
23	1206436666195	1206436668378
23	1206436683663	1206436686153
23	1206436711162	1206436713362
23	1206436866771	1206436869744
23	1206436870562	1206436873552
23	1206436881779	1206436883610
23	1206436886434	1206436888813
23	1206440696658	1206440698594
23	1206440700102	1206440703513
23	1206440726387	1206440729300
23	1206440745974	1206440748429
23	1206442050880	1206442052895
23	1206445544772	1206445548249
23	1206445664656	1206445668592
23	1206447287701	1206447291222
23	1206447345132	1206447348286
23	1206447368403	1206447371570
23	1206447387422	1206447389964
23	1206447610715	1206447613277
23	1206447625431	1206447627735
23	1206447718937	1206447721573
23	1206447731869	1206447734231
23	1206452692910	1206452695351
23	1206452707247	1206452710657
23	1206452754452	1206452759385
23	1206452875668	1206452879283
23	1206452915232	1206452921458
23	1206453230497	1206453233656
23	1206453240549	1206453243827
23	1206453610559	1206453612993
23	1206453709406	1206453712419
23	1206453778505	1206453782992
23	1206453797385	1206453801142
23	1206453848475	1206453853904
23	1206453864140	1206453865427
23	1206454253664	1206454255960
23	1206456814788	1206456818754
23	1206464778789	1206464781797
23	1206464905938	1206464908779
23	1206475423373	1206475427191
23	1206476575552	1206476577506
23	1206477389310	1206477391425
23	1206479481248	1206479485914
23	1206479905461	1206479908206
23	1206479987936	1206479990143
23	1206481440604	1206481444365
23	1206481783562	1206481786191
24	1206430633982	1206430636237
24	1206432256744	1206432259301
24	1206436665229	1206436666450
24	1206436879692	1206436882802
24	1206436992887	1206436995898
24	1206437499919	1206437501462
24	1206439269519	1206439272123
24	1206439378873	1206439381903
24	1206440600390	1206440603424
24	1206440714443	1206440717277
24	1206440725524	1206440726822
24	1206441875802	1206441878398
24	1206443090672	1206443093973
24	1206444076491	1206444078479
24	1206445545910	1206445548622
24	1206445553867	1206445555969
24	1206446421137	1206446423846
24	1206446497214	1206446500943
24	1206446864371	1206446866839
24	1206447288821	1206447291955
24	1206447364298	1206447369919
24	1206447387858	1206447390124
24	1206450631572	1206450633367
24	1206450641105	1206450643606
24	1206450735247	1206450739689
24	1206451135197	1206451137187
24	1206451152114	1206451167222
24	1206451259607	1206451261797
24	1206451745516	1206451749321
24	1206452132116	1206452135513
24	1206452687378	1206452690631
24	1206452763745	1206452765578
24	1206452802590	1206452805417
24	1206452882177	1206452885772
24	1206453227922	1206453231726
24	1206453609296	1206453610458
24	1206453639734	1206453642645
24	1206453708170	1206453710888
24	1206453780608	1206453786949
24	1206453789122	1206453795809
24	1206453797385	1206453799331
24	1206453853204	1206453855375
24	1206453862348	1206453864973
24	1206455166185	1206455168684
24	1206456198827	1206456201558
24	1206456675939	1206456678734
24	1206456998920	1206457001387
24	1206468781157	1206468783509
24	1206468803251	1206468805730
24	1206472639968	1206472643640
24	1206472816297	1206472819126
24	1206472930219	1206472932842
24	1206475424513	1206475427318
24	1206475507810	1206475509834
24	1206477242935	1206477246362
24	1206479482232	1206479486113
24	1206479987167	1206479990229
24	1206481782819	1206481783996
24	1206485432138	1206485435647
24	1206485438266	1206485442166
25	1206436965427	1206436969372
25	1206443048108	1206443051897
25	1206443090672	1206443091288
25	1206444065946	1206444069522
25	1206444076745	1206444080236
25	1206445553435	1206445557100
25	1206446422530	1206446425361
25	1206446459683	1206446463956
25	1206447363776	1206447364988
25	1206447388356	1206447391544
25	1206450620401	1206450624452
25	1206450631572	1206450634389
25	1206450732582	1206450736719
25	1206451007127	1206451009868
25	1206451135499	1206451139284
25	1206451244960	1206451248922
25	1206451259901	1206451263158
25	1206451272616	1206451276280
25	1206451293977	1206451296755
25	1206452404838	1206452408368
25	1206452686571	1206452688484
25	1206452765111	1206452767345
25	1206452790210	1206452794923
25	1206452918975	1206452920242
25	1206452920549	1206452923576
25	1206452934604	1206452938480
25	1206453227184	1206453231222
25	1206453321942	1206453323162
25	1206453626328	1206453629865
25	1206453790615	1206453792591
25	1206453855256	1206453857412
25	1206453861234	1206453863960
25	1206456675413	1206456679347
25	1206472639601	1206472640807
25	1206472929817	1206472931588
25	1206477242465	1206477244952
26	1206443573857	1206443575208
26	1206453858573	1206453861683
27	1206429138249	1206429142247
27	1206442087615	1206442090873
27	1206442103718	1206442107650
27	1206442165663	1206442169214
27	1206442176870	1206442181301
27	1206449425498	1206449429996
27	1206449435927	1206449439968
27	1206452395481	1206452398288
27	1206452400193	1206452404674
27	1206452780210	1206452781470
27	1206477297887	1206477299666
27	1206477388143	1206477391275
28	1206436678866	1206436680975
28	1206436682611	1206436685862
28	1206440697686	1206440703248
28	1206440741627	1206440748204
28	1206449424257	1206449428184
28	1206449437837	1206449440935
28	1206452394325	1206452397307
28	1206452690979	1206452694717
28	1206452708737	1206452713538
28	1206452747425	1206452752387
28	1206452840891	1206452842520
28	1206452845437	1206452847966
28	1206452876621	1206452878344
28	1206454248593	1206454257395
28	1206477377108	1206477378795
29	1206436887859	1206436890405
29	1206446495136	1206446498457
29	1206447389213	1206447391939
29	1206447626752	1206447629278
29	1206447733441	1206447735221
29	1206449422410	1206449426147
29	1206449438141	1206449441495
29	1206452393514	1206452396191
29	1206452689318	1206452693389
29	1206452804281	1206452806153
29	1206452806925	1206452808740
29	1206452877472	1206452882150
29	1206453325353	1206453330269
29	1206453707624	1206453709262
29	1206479903799	1206479905461
29	1206479986357	1206479988675
30	1206429144785	1206429146472
30	1206430632542	1206430634778
30	1206436661969	1206436663518
30	1206436863255	1206436866914
30	1206436873270	1206436876296
30	1206436877722	1206436881650
30	1206436889147	1206436891267
30	1206436963364	1206436965704
30	1206436994247	1206436997436
30	1206437498813	1206437500788
30	1206439377817	1206439379604
30	1206440602138	1206440605266
30	1206440715446	1206440718366
30	1206440724605	1206440726822
30	1206442048923	1206442051169
30	1206443047104	1206443050723
30	1206443090672	1206443093557
30	1206444065256	1206444067873
30	1206444077464	1206444079188
30	1206445547137	1206445551158
30	1206445667488	1206445671814
30	1206445863613	1206445866290
30	1206446494885	1206446499304
30	1206446863343	1206446865369
30	1206447290357	1206447293730
30	1206447347486	1206447350487
30	1206447362699	1206447367772
30	1206447389524	1206447392316
30	1206447609475	1206447611426
30	1206447627531	1206447629593
30	1206447717424	1206447720590
30	1206447733819	1206447736432
30	1206449421660	1206449426291
30	1206449439816	1206449441938
30	1206450621127	1206450623908
30	1206450630293	1206450633367
30	1206450642999	1206450644697
30	1206450731901	1206450735470
30	1206450736419	1206450739379
30	1206451006838	1206451008790
30	1206451136315	1206451138919
30	1206451243687	1206451247802
30	1206451260696	1206451263624
30	1206451271719	1206451275470
30	1206451294915	1206451297447
30	1206452130689	1206452132530
30	1206452392771	1206452396491
30	1206452687509	1206452692858
30	1206452936464	1206452938640
30	1206453244270	1206453248304
30	1206453328492	1206453332856
30	1206453608141	1206453610587
30	1206453619876	1206453624644
30	1206453629865	1206453631229
30	1206453706722	1206453709682
30	1206453791602	1206453793873
30	1206455165207	1206455167333
30	1206456199832	1206456203334
30	1206456817258	1206456819936
30	1206457001234	1206457003337
30	1206464780787	1206464783716
30	1206464904814	1206464906718
30	1206466187404	1206466190242
30	1206472817321	1206472820655
30	1206475425376	1206475429221
30	1206475506112	1206475509592
30	1206476573732	1206476576115
30	1206476604291	1206476607697
30	1206477241799	1206477243961
30	1206477375848	1206477377777
30	1206479483243	1206479487269
30	1206479903376	1206479907287
30	1206479985720	1206479989382
30	1206481442535	1206481445856
30	1206481781789	1206481785424
30	1206485433194	1206485442303
31	1206429125470	1206429129523
31	1206430631163	1206430634639
31	1206431328191	1206431329431
31	1206432259378	1206432262336
31	1206433124265	1206433128277
31	1206436659882	1206436662336
31	1206436861734	1206436864263
31	1206436874844	1206436879566
31	1206436889901	1206436892347
31	1206436931977	1206436934457
31	1206437497200	1206437499794
31	1206438575800	1206438579528
31	1206439271845	1206439275293
31	1206439376473	1206439379149
31	1206440603169	1206440606466
31	1206441878342	1206441881234
31	1206442036764	1206442039310
31	1206442047579	1206442051169
31	1206442154974	1206442157472
31	1206443144491	1206443147441
31	1206443554206	1206443556662
31	1206443876150	1206443878296
31	1206444048161	1206444050915
31	1206444078209	1206444080115
31	1206444085989	1206444088388
31	1206445512563	1206445514773
31	1206446424406	1206446427655
31	1206446456375	1206446460326
31	1206446861706	1206446864626
31	1206447392589	1206447397499
31	1206447608451	1206447610969
31	1206447628197	1206447631699
31	1206447716225	1206447718691
31	1206447734784	1206447737254
31	1206448030339	1206448034278
31	1206448824300	1206448826239
31	1206449400291	1206449405249
31	1206449412378	1206449418779
31	1206449440753	1206449445702
31	1206450771428	1206450774207
31	1206450797588	1206450798405
31	1206451749652	1206451752603
31	1206452129268	1206452131892
31	1206452682923	1206452688361
31	1206452922300	1206452924514
31	1206453223223	1206453226866
31	1206453265668	1206453268480
31	1206453318191	1206453321817
31	1206453448385	1206453453414
31	1206453642256	1206453644973
31	1206454741572	1206454744715
31	1206456201847	1206456202950
31	1206456670461	1206456677392
31	1206457001514	1206457004234
31	1206464782571	1206464786652
31	1206464902922	1206464905563
31	1206466189961	1206466195431
31	1206468768912	1206468772538
31	1206468807990	1206468811773
31	1206472633474	1206472638680
31	1206472818529	1206472823442
31	1206472924446	1206472931725
31	1206475426929	1206475429697
31	1206475504931	1206475507810
31	1206476572558	1206476575194
31	1206476605717	1206476608970
31	1206477239895	1206477244521
31	1206477320653	1206477322669
31	1206479484774	1206479489332
31	1206479901774	1206479910735
31	1206479984564	1206479987167
31	1206481443609	1206481448188
31	1206481778170	1206481784805
32	1206429145519	1206429148196
32	1206433117650	1206433121809
32	1206433123885	1206433126231
32	1206436933552	1206436935197
32	1206436936515	1206436940278
32	1206436960499	1206436962524
32	1206436995261	1206436997579
32	1206437019160	1206437021654
32	1206437022542	1206437026196
32	1206438574310	1206438577976
32	1206440716616	1206440720683
32	1206440723151	1206440726636
32	1206442037816	1206442039947
32	1206442048381	1206442052126
32	1206443043857	1206443048522
32	1206443091533	1206443095255
32	1206443144288	1206443147441
32	1206443554747	1206443557616
32	1206443567366	1206443569460
32	1206443874951	1206443878172
32	1206444049140	1206444052273
32	1206444064646	1206444068942
32	1206444078479	1206444080359
32	1206444084505	1206444087388
32	1206445513189	1206445516378
32	1206445548483	1206445550859
32	1206445551766	1206445554884
32	1206445864559	1206445868326
32	1206446328436	1206446333890
32	1206446454907	1206446458677
32	1206446492651	1206446497733
32	1206447291535	1206447298918
32	1206447348648	1206447352539
32	1206447361964	1206447365764
32	1206447390282	1206447393437
32	1206448030579	1206448032186
32	1206448824935	1206448827527
32	1206449352360	1206449361383
32	1206449379536	1206449384939
32	1206449398310	1206449405572
32	1206449412786	1206449420377
32	1206449440753	1206449445269
32	1206450622153	1206450624205
32	1206450629562	1206450633367
32	1206450643669	1206450645151
32	1206450730969	1206450734635
32	1206450737230	1206450741868
32	1206450770411	1206450773928
32	1206450797489	1206450799328
32	1206451005797	1206451008790
32	1206451136959	1206451140885
32	1206451242798	1206451245243
32	1206451261481	1206451265583
32	1206451270963	1206451274824
32	1206451295424	1206451297501
32	1206452137666	1206452139648
32	1206452391963	1206452394164
32	1206452406542	1206452408744
32	1206452684545	1206452687378
32	1206452795787	1206452800992
32	1206452806363	1206452812906
32	1206452828870	1206452833289
32	1206452834674	1206452839737
32	1206452861912	1206452867803
32	1206452937650	1206452940329
32	1206452965642	1206452970729
32	1206453011815	1206453016805
32	1206453028217	1206453029586
32	1206453029746	1206453033583
32	1206453048249	1206453052585
32	1206453093446	1206453098898
32	1206453103553	1206453107645
32	1206453135300	1206453138146
32	1206453138904	1206453141185
32	1206453141318	1206453146327
32	1206453151589	1206453154290
32	1206453154799	1206453157867
32	1206453163873	1206453169693
32	1206453221867	1206453226392
32	1206453245917	1206453250516
32	1206453264525	1206453268974
32	1206453271382	1206453276122
32	1206453316923	1206453318191
32	1206453318475	1206453321666
32	1206453330965	1206453334723
32	1206453442421	1206453446134
32	1206453450220	1206453454560
32	1206453607419	1206453615605
32	1206453617747	1206453623908
32	1206453629865	1206453631660
32	1206453705779	1206453709814
32	1206453791824	1206453795933
32	1206453834120	1206453836424
32	1206453869350	1206453873269
32	1206454743452	1206454747438
32	1206455164289	1206455166453
32	1206456669592	1206456672293
32	1206456818173	1206456821900
33	1206442088545	1206442092257
33	1206442102170	1206442105380
33	1206442166417	1206442169968
33	1206442175996	1206442179617
33	1206449428167	1206449431752
33	1206449434696	1206449437801
33	1206452396631	1206452401712
33	1206477298637	1206477300903
33	1206477316252	1206477317865
33	1206477387140	1206477390280
34	1206442089241	1206442091945
34	1206442101207	1206442103839
34	1206442166993	1206442168848
34	1206442175820	1206442177775
34	1206449428997	1206449433453
34	1206449433749	1206449437677
34	1206452396910	1206452400966
34	1206477314974	1206477317670
34	1206477379779	1206477381168
34	1206477385967	1206477388656
36	1206442089518	1206442091945
36	1206442167299	1206442169336
36	1206442175184	1206442178687
36	1206449429746	1206449439746
36	1206452398631	1206452401464
37	1206442090420	1206442092380
37	1206442168168	1206442170236
37	1206442174225	1206442177516
37	1206449431818	1206449437201
37	1206477380357	1206477381781
39	1206449567276	1206449570139
39	1206451241158	1206451245576
39	1206451261942	1206451265813
39	1206451270309	1206451273811
39	1206451295556	1206451297365
39	1206452135935	1206452140576
39	1206452391473	1206452393950
39	1206452406797	1206452409577
39	1206452794546	1206452798284
39	1206452862175	1206452865550
39	1206452937946	1206452951464
39	1206452951825	1206452953885
39	1206452957708	1206452959837
39	1206452960399	1206452969571
39	1206452973253	1206452980433
39	1206452999941	1206453020172
39	1206453022397	1206453024386
39	1206453028217	1206453033950
39	1206453039627	1206453044354
39	1206453044991	1206453071949
39	1206453073453	1206453085611
39	1206453085943	1206453089223
39	1206453091846	1206453115179
39	1206453115962	1206453120935
39	1206453133537	1206453139859
39	1206453141180	1206453145758
39	1206453145973	1206453147143
39	1206453149462	1206453161695
39	1206453163287	1206453171694
39	1206453172305	1206453179148
39	1206453179531	1206453181495
39	1206453184224	1206453189122
39	1206453190929	1206453193465
39	1206453199135	1206453206678
39	1206453209437	1206453213688
39	1206453219639	1206453225841
39	1206453246695	1206453256974
39	1206453260563	1206453269329
39	1206453272354	1206453275985
39	1206453298269	1206453305568
39	1206453306512	1206453309335
39	1206453314155	1206453320228
39	1206453331310	1206453337342
39	1206453409362	1206453413296
39	1206453439505	1206453446270
39	1206453450916	1206453454295
39	1206453467511	1206453472517
39	1206453572974	1206453581380
39	1206453600154	1206453613264
39	1206453617445	1206453623770
39	1206453629865	1206453632106
39	1206453705334	1206453708307
39	1206453792337	1206453796181
39	1206453810305	1206453817452
39	1206453869414	1206453875335
39	1206454744172	1206454746982
39	1206455163685	1206455166586
39	1206456668965	1206456672619
39	1206456818676	1206456822703
39	1206456845868	1206456849843
40	1206449553592	1206449557766
40	1206449558926	1206449563641
40	1206449571314	1206451215952
40	1206452408885	1206452411792
40	1206453359159	1206453364532
40	1206453399503	1206453411186
40	1206453601136	1206453605714
40	1206453631396	1206453633316
40	1206453693567	1206453698504
41	1206449564756	1206449566391
41	1206449570620	1206449572236
41	1206451296416	1206451298181
41	1206452135204	1206452136756
41	1206452139202	1206452140872
41	1206452389720	1206452391502
41	1206452408511	1206452410136
41	1206452863822	1206452865679
41	1206452935922	1206452939502
41	1206453255149	1206453256236
41	1206453258978	1206453260813
41	1206453276634	1206453279729
41	1206453279996	1206453281128
41	1206453295133	1206453296276
41	1206453296865	1206453300632
41	1206453356220	1206453360759
41	1206453406768	1206453410823
41	1206453607746	1206453611292
41	1206453630537	1206453633513
41	1206453809439	1206453811946
41	1206453872830	1206453875809
41	1206455161968	1206455165538
42	1206449566769	1206449570620
42	1206451240778	1206451245103
42	1206451262522	1206451265458
42	1206451269773	1206451273487
42	1206451295764	1206451298664
42	1206452135935	1206452137666
42	1206452138135	1206452141273
42	1206452390885	1206452393351
42	1206452407435	1206452410288
42	1206452794246	1206452798420
42	1206452862956	1206452866354
42	1206452938828	1206452950908
42	1206452960580	1206452965184
42	1206452976269	1206452979925
42	1206452998291	1206453003532
42	1206453014928	1206453016356
42	1206453051549	1206453052150
42	1206453052766	1206453056630
42	1206453096108	1206453097968
42	1206453116657	1206453122455
42	1206453132302	1206453137608
42	1206453173289	1206453179337
42	1206453185483	1206453189497
42	1206453192659	1206453195602
42	1206453200875	1206453204400
42	1206453209737	1206453214794
42	1206453219419	1206453224568
42	1206453247668	1206453254821
42	1206453256415	1206453260937
42	1206453264838	1206453266580
42	1206453298269	1206453319111
42	1206453332147	1206453336862
42	1206453353473	1206453357258
42	1206453409844	1206453414530
42	1206453439232	1206453445101
42	1206453452554	1206453454440
42	1206453467643	1206453472378
42	1206453527888	1206453528975
42	1206453572531	1206453578198
42	1206453603750	1206453611157
42	1206453629865	1206453632967
42	1206453705503	1206453708592
42	1206453793468	1206453795540
42	1206453810463	1206453812902
42	1206453871989	1206453874755
42	1206456668684	1206456671918
42	1206456819340	1206456821900
42	1206456845644	1206456847206
43	1206449536379	1206449538335
43	1206449540843	1206449558767
43	1206449559869	1206449563152
43	1206449563459	1206449566221
43	1206451229695	1206451232738
43	1206451236436	1206451243776
43	1206451297705	1206451299955
43	1206451301904	1206451302216
43	1206451306960	1206451311680
43	1206451323658	1206451328994
43	1206451338277	1206451343999
43	1206452133426	1206452136902
43	1206452388125	1206452392636
43	1206452409216	1206452412742
43	1206452575995	1206452579206
43	1206452586236	1206452587388
43	1206452649116	1206452650211
43	1206452651451	1206452654970
43	1206452774130	1206452775814
43	1206452784293	1206452785983
43	1206452788836	1206452797397
43	1206452865120	1206452868429
43	1206452933882	1206452938187
43	1206453186990	1206453188960
43	1206453225386	1206453231373
43	1206453235248	1206453237407
43	1206453244836	1206453251420
43	1206453260688	1206453261714
43	1206453269595	1206453271382
43	1206453273858	1206453278514
43	1206453340801	1206453345241
43	1206453350725	1206453353690
43	1206453354965	1206453369892
43	1206453374329	1206453378111
43	1206453440151	1206453443532
43	1206453444726	1206453446725
43	1206453447294	1206453450620
43	1206453478454	1206453482688
43	1206453518237	1206453524181
43	1206453580686	1206453583168
43	1206453590352	1206453595196
43	1206453595986	1206453598818
43	1206453599586	1206453606221
43	1206453631396	1206453639954
43	1206453641759	1206453642841
43	1206453654108	1206453656280
43	1206453656527	1206453658597
43	1206453690912	1206453699829
43	1206453702708	1206453708727
43	1206453795665	1206453797105
43	1206453798524	1206453800590
43	1206453807579	1206453810937
43	1206453876812	1206453877958
43	1206454762186	1206454764530
43	1206454768489	1206454770387
43	1206454903594	1206454910324
43	1206454914971	1206454917805
43	1206454926492	1206454934548
43	1206454936629	1206454939733
43	1206454951119	1206454952767
43	1206454954189	1206454958476
43	1206454961897	1206454966872
43	1206454989535	1206454991479
43	1206454996682	1206454998512
43	1206455020400	1206455026738
43	1206455100885	1206455106836
43	1206455116149	1206455120303
43	1206455164135	1206455165284
43	1206455603109	1206455607204
43	1206456240350	1206456242171
43	1206456268366	1206456269935
43	1206456342711	1206456345510
43	1206456597281	1206456599475
43	1206456609904	1206456622956
43	1206456627600	1206456635205
43	1206456639516	1206456642711
43	1206456650205	1206456652295
43	1206456663353	1206456670878
44	1206449564635	1206449569262
44	1206449570332	1206449573382
44	1206451238978	1206451242200
44	1206451296581	1206451299684
44	1206452134919	1206452138536
44	1206452138695	1206452141770
44	1206452389517	1206452391638
44	1206452793108	1206452796269
44	1206452864103	1206452867667
44	1206452935603	1206452943283
44	1206452946262	1206452953736
44	1206452976543	1206452977643
44	1206452996151	1206453000786
44	1206453003395	1206453010801
44	1206453031941	1206453042281
44	1206453186463	1206453192349
44	1206453228223	1206453232355
44	1206453233424	1206453238148
44	1206453258592	1206453258751
44	1206453295581	1206453300502
44	1206453360537	1206453364694
44	1206453606494	1206453610718
44	1206453630682	1206453632572
44	1206453704357	1206453706391
44	1206453793991	1206453797233
44	1206453809287	1206453812515
44	1206453873140	1206453876444
44	1206454746394	1206454749484
44	1206455161676	1206455165411
44	1206456626184	1206456628681
44	1206456666842	1206456671256
44	1206456820373	1206456823484
44	1206456824518	1206456831157
44	1206456833347	1206456836692
44	1206456842972	1206456847874
45	1206449569153	1206449572716
45	1206451240322	1206451244129
45	1206451263466	1206451267133
45	1206452390364	1206452393514
45	1206452793837	1206452796828
45	1206452937487	1206452940668
45	1206452946727	1206452952729
45	1206452978210	1206452981254
45	1206452996282	1206452997382
45	1206452997733	1206453000616
45	1206453120601	1206453124296
45	1206453149323	1206453152410
45	1206453186314	1206453188228
45	1206453212425	1206453223507
45	1206453255796	1206453259103
45	1206453259261	1206453261301
45	1206453334934	1206453340314
45	1206453350454	1206453357615
45	1206453411582	1206453414372
45	1206453414836	1206453417443
45	1206453437640	1206453443229
45	1206453470299	1206453474341
45	1206453541958	1206453545374
45	1206453570770	1206453577139
