1	1200562642733	1200562644774
1	1200578137921	1200578140870
1	1200578150682	1200578153234
1	1200580413892	1200580415951
1	1200580482496	1200580484861
1	1200580894201	1200580896582
1	1200585367600	1200585370198
1	1200599305524	1200599307431
1	1200599318965	1200599322654
1	1200599324548	1200599327624
1	1200599404853	1200599406774
1	1200600015905	1200600018301
1	1200600024718	1200600029184
1	1200600032173	1200600034472
1	1200600098466	1200600100732
1	1200600108136	1200600110632
1	1200601958217	1200601961429
1	1200602074487	1200602078102
1	1200602433873	1200602437848
1	1200602479468	1200602483485
1	1200604679227	1200604682723
2	1200557980587	1200557982608
2	1200558053433	1200558055527
2	1200558085720	1200558088421
2	1200558096197	1200558098646
2	1200558129218	1200558130510
2	1200558136284	1200558137342
2	1200559585428	1200559587853
2	1200559601262	1200559603590
2	1200559699211	1200559704710
2	1200559705574	1200559710184
2	1200559831557	1200559833783
2	1200559849982	1200559852992
2	1200565437696	1200565441325
2	1200572760516	1200572761731
2	1200573381275	1200573383251
2	1200573773785	1200573776358
2	1200573779995	1200573782771
2	1200573787563	1200573791439
2	1200573792890	1200573794986
2	1200573947116	1200573949401
2	1200578771694	1200578773956
2	1200578784815	1200578787351
2	1200580304136	1200580306463
2	1200580311319	1200580315713
2	1200580320625	1200580322803
2	1200580410182	1200580414142
2	1200580473134	1200580480500
2	1200580492575	1200580497691
2	1200580501928	1200580505548
2	1200580722121	1200580726457
2	1200580792539	1200580795198
2	1200580837704	1200580839902
2	1200580854861	1200580857677
2	1200580865130	1200580866425
2	1200580866997	1200580869995
2	1200580876267	1200580880257
2	1200580919232	1200580923299
2	1200580932587	1200580936812
2	1200599288398	1200599289583
2	1200599290949	1200599293524
2	1200599302410	1200599306420
2	1200599409695	1200599413802
2	1200599510875	1200599513320
2	1200600023273	1200600025250
2	1200600103432	1200600107180
2	1200600122579	1200600125583
2	1200600140760	1200600143370
2	1200600145260	1200600147780
2	1200600172464	1200600173762
2	1200600176235	1200600178469
2	1200600178810	1200600182516
2	1200600229984	1200600233715
2	1200600341264	1200600343249
2	1200601863657	1200601873992
2	1200601949583	1200601951266
2	1200601992565	1200601994838
2	1200602012205	1200602016227
2	1200602022943	1200602024881
2	1200602076828	1200602079775
2	1200602107513	1200602109658
2	1200602113565	1200602115576
2	1200602131224	1200602133155
2	1200602136245	1200602138698
2	1200602142417	1200602145381
2	1200602392202	1200602394154
2	1200602395470	1200602398479
2	1200602432207	1200602435416
2	1200602490832	1200602493167
2	1200602499639	1200602501625
2	1200602507574	1200602510610
2	1200602838882	1200602840993
2	1200602897832	1200602899944
2	1200604681295	1200604683483
2	1200604787138	1200604790502
2	1200604812867	1200604816304
2	1200604821247	1200604823391
2	1200604825478	1200604827584
2	1200605076339	1200605081706
2	1200605601449	1200605604444
2	1200607513344	1200607516547
2	1200607516641	1200607519430
2	1200607739827	1200607743647
2	1200609844292	1200609845135
2	1200609861480	1200609863247
2	1200609883171	1200609885229
3	1200557972792	1200557977696
3	1200557978256	1200557984626
3	1200557987874	1200557993319
3	1200558007501	1200558014214
3	1200558014235	1200558020969
3	1200558025366	1200558027419
3	1200558037240	1200558039610
3	1200558041206	1200558054395
3	1200558055914	1200558061552
3	1200558062848	1200558072229
3	1200558074469	1200558076383
3	1200558080103	1200558104366
3	1200558130228	1200558134502
3	1200558134901	1200558137548
3	1200559584797	1200559589344
3	1200559611654	1200559618560
3	1200559618840	1200559626498
3	1200559638348	1200559643411
3	1200559647140	1200559648472
3	1200559651799	1200559658346
3	1200559693295	1200559702174
3	1200559708286	1200559713620
3	1200559713938	1200559724500
3	1200559729412	1200559734789
3	1200559734983	1200559741693
3	1200559749228	1200559754702
3	1200559755109	1200559764115
3	1200559798630	1200559804265
3	1200559809495	1200559813744
3	1200559815676	1200559820654
3	1200559824302	1200559837275
3	1200559850149	1200559859635
3	1200573775442	1200573780611
3	1200599140145	1200599146456
3	1200599161826	1200599167209
3	1200599170164	1200599177172
3	1200599178361	1200599184428
3	1200599186416	1200599192516
3	1200599194457	1200599200509
3	1200599750909	1200599752118
3	1200599890242	1200599892443
3	1200600099586	1200600105926
3	1200600124606	1200600130465
3	1200600133225	1200600137105
3	1200602039324	1200602043116
3	1200602149314	1200602155432
3	1200602168205	1200602171689
3	1200602172654	1200602174757
3	1200602263173	1200602265309
3	1200602274279	1200602278301
3	1200602339593	1200602352179
3	1200602356104	1200602357939
3	1200602391164	1200602396116
3	1200602485165	1200602490224
3	1200602902954	1200602906538
3	1200603302743	1200603303942
3	1200603366590	1200603368679
3	1200603404911	1200603409649
3	1200603533571	1200603536297
3	1200603586235	1200603588685
3	1200603600624	1200603604422
3	1200603635889	1200603638280
3	1200603754786	1200603756852
3	1200603762357	1200603767910
3	1200603880479	1200603883609
3	1200603901197	1200603904620
3	1200603946229	1200603950337
3	1200604347829	1200604351203
3	1200604540430	1200604543665
3	1200604614257	1200604618845
3	1200604630194	1200604632272
3	1200604728755	1200604732914
3	1200604784368	1200604786870
3	1200604796681	1200604798687
3	1200604799839	1200604804496
3	1200604822363	1200604824472
3	1200604824956	1200604826845
3	1200607740125	1200607744366
3	1200608267348	1200608269375
3	1200608282218	1200608284368
3	1200608506661	1200608509403
3	1200608563666	1200608565834
3	1200608567880	1200608570448
3	1200608641372	1200608644724
3	1200609005689	1200609008921
3	1200609022101	1200609024131
3	1200609372925	1200609374672
3	1200609375223	1200609378537
3	1200609438543	1200609443142
3	1200609473860	1200609475651
3	1200609530373	1200609532708
3	1200609558347	1200609559585
3	1200609567482	1200609571441
3	1200609690405	1200609695645
3	1200609808427	1200609812539
3	1200609822335	1200609823599
3	1200609838464	1200609840789
7	1200562624819	1200562634299
7	1200562643977	1200562658642
7	1200562664699	1200562668836
7	1200563188292	1200563194251
7	1200563549576	1200563550790
7	1200563552116	1200563554348
7	1200563555404	1200563565918
7	1200563570937	1200563574528
7	1200563983875	1200563986791
7	1200563987870	1200563988417
7	1200564010115	1200564012668
7	1200564016937	1200564019544
7	1200564184131	1200564186646
7	1200564389433	1200564389916
7	1200564393474	1200564415168
7	1200564429218	1200564431580
7	1200564449624	1200564450358
7	1200564477434	1200564478729
7	1200564482819	1200564486831
7	1200564496360	1200564501285
7	1200564644837	1200564648599
7	1200564655619	1200564657514
7	1200564658184	1200564662873
7	1200564668913	1200564674193
7	1200564676937	1200564683338
7	1200564689455	1200564692252
7	1200564692740	1200564695147
7	1200564724372	1200564726772
7	1200564727730	1200564730168
7	1200564769952	1200564774410
7	1200564816143	1200564818677
7	1200564857643	1200564862807
7	1200564878666	1200564881879
7	1200564891189	1200564897116
7	1200565120116	1200565122314
7	1200565140398	1200565142494
7	1200565143370	1200565146488
7	1200565428432	1200565435216
7	1200565436751	1200565439190
7	1200565554127	1200565557958
7	1200565574345	1200565576521
7	1200565935876	1200565938158
7	1200565947877	1200565952137
7	1200566310282	1200566314379
7	1200566316436	1200566323312
7	1200566326644	1200566337552
7	1200566339416	1200566341857
7	1200566344868	1200566351854
7	1200566351984	1200566356342
7	1200566356470	1200566363372
7	1200566366369	1200566372459
7	1200566711427	1200566715627
7	1200566718289	1200566726796
7	1200566736897	1200566740828
7	1200566746842	1200566755427
7	1200566760701	1200566767331
7	1200572727542	1200572731804
7	1200572732540	1200572734441
7	1200572750850	1200572753616
7	1200572754699	1200572760959
7	1200572857839	1200572862473
7	1200572900836	1200572902440
7	1200573390434	1200573395955
7	1200573405924	1200573407308
7	1200573408671	1200573421896
7	1200573435214	1200573438742
7	1200573510535	1200573516285
7	1200573525684	1200573527173
7	1200573530802	1200573533683
7	1200573586468	1200573588652
7	1200573592584	1200573595199
7	1200573610622	1200573612968
7	1200573631203	1200573634810
7	1200573636679	1200573639598
7	1200573641706	1200573647148
7	1200573661859	1200573664315
7	1200573713610	1200573715660
7	1200573719640	1200573721767
7	1200573725237	1200573727893
7	1200573732460	1200573734616
7	1200573757676	1200573759918
7	1200573760252	1200573765546
7	1200573765897	1200573768509
7	1200573796565	1200573801534
7	1200573940945	1200573944898
7	1200574047432	1200574051259
7	1200574098650	1200574100978
7	1200574178332	1200574182380
7	1200574369861	1200574373327
7	1200574373947	1200574379175
7	1200574379795	1200574382472
7	1200574387666	1200574395380
7	1200574449311	1200574451428
7	1200574474698	1200574477418
7	1200574577317	1200574579449
7	1200575231844	1200575234419
7	1200575275599	1200575277913
7	1200575389187	1200575391207
7	1200575396530	1200575398972
7	1200575404400	1200575405369
7	1200575406638	1200575408943
7	1200575424218	1200575426655
7	1200575471888	1200575474239
7	1200575478415	1200575480611
7	1200575504674	1200575506648
7	1200575558456	1200575560871
7	1200575607817	1200575609995
7	1200575630530	1200575636421
7	1200575722636	1200575725118
7	1200575868741	1200575870887
7	1200576041971	1200576044179
7	1200576086436	1200576088854
7	1200576134103	1200576135393
7	1200576138997	1200576141223
7	1200576160823	1200576163184
7	1200576461109	1200576462950
7	1200576609238	1200576611460
7	1200576617205	1200576619221
7	1200576628556	1200576631480
7	1200576845532	1200576846805
7	1200576847212	1200576849816
7	1200576851351	1200576854540
7	1200576875284	1200576879766
7	1200577013334	1200577016785
7	1200577024712	1200577026887
7	1200577211838	1200577217207
7	1200577222382	1200577224388
7	1200577361699	1200577362937
7	1200577765686	1200577768466
7	1200577776517	1200577784364
7	1200577785455	1200577788692
7	1200578075479	1200578079730
7	1200578103331	1200578108713
7	1200578148988	1200578155350
7	1200578450242	1200578451500
7	1200578451770	1200578454821
7	1200578775627	1200578780597
7	1200578787445	1200578792474
7	1200578841525	1200578845158
7	1200578845402	1200578847623
7	1200579489915	1200579492336
7	1200579494240	1200579496607
7	1200579497432	1200579500795
7	1200579510648	1200579513143
7	1200579515344	1200579517536
7	1200579596303	1200579600967
7	1200580047908	1200580049266
7	1200580057604	1200580061897
7	1200580085407	1200580091737
7	1200580298891	1200580306848
7	1200580421533	1200580425845
7	1200580426803	1200580430468
7	1200580430698	1200580437244
7	1200580438664	1200580443643
7	1200580449397	1200580450723
7	1200580451262	1200580457294
7	1200580467674	1200580472696
7	1200580472968	1200580476644
7	1200580491283	1200580497574
7	1200580500626	1200580506942
7	1200580507411	1200580509423
7	1200580510621	1200580511933
7	1200580514370	1200580520180
7	1200580552569	1200580554767
7	1200580564778	1200580567255
7	1200580571264	1200580573656
7	1200580633112	1200580636184
7	1200580727320	1200580729398
7	1200580755665	1200580759551
7	1200580760275	1200580763719
7	1200580792675	1200580795827
7	1200580893116	1200580897530
7	1200580908897	1200580910537
7	1200580924614	1200580933772
7	1200580946186	1200580951387
7	1200581341157	1200581343886
7	1200581344867	1200581347404
7	1200581451561	1200581454536
7	1200581455401	1200581458961
7	1200582705790	1200582707619
7	1200582708405	1200582711851
7	1200582861374	1200582862718
7	1200582876773	1200582879332
7	1200583489644	1200583491910
7	1200583756873	1200583771600
7	1200584113828	1200584128897
7	1200584129496	1200584134561
7	1200584174740	1200584179580
7	1200585120470	1200585123749
7	1200585362581	1200585367197
7	1200585369352	1200585382188
7	1200585392438	1200585392809
7	1200585397466	1200585402440
7	1200598611175	1200598626923
7	1200598629874	1200598633862
7	1200598634816	1200598648542
7	1200598649351	1200598652280
7	1200598652796	1200598661672
7	1200598662987	1200598678711
7	1200598679446	1200598686865
7	1200598688475	1200598692453
7	1200598695908	1200598699270
7	1200598702270	1200598704884
7	1200598708269	1200598712815
7	1200598936799	1200598942228
7	1200598942731	1200598949688
7	1200598953367	1200598956362
7	1200598957355	1200598959681
7	1200598975604	1200598979150
7	1200598981322	1200598982374
7	1200598983558	1200598985686
7	1200598990662	1200598998952
7	1200599001478	1200599014960
7	1200599099368	1200599106391
7	1200599123272	1200599126663
7	1200599209972	1200599213867
7	1200599215192	1200599217855
7	1200599219655	1200599222292
7	1200599227234	1200599232476
7	1200599235539	1200599245698
7	1200599248619	1200599254178
7	1200599254432	1200599256346
7	1200599256524	1200599258880
7	1200599263733	1200599265103
7	1200599273271	1200599286630
7	1200599288683	1200599298444
7	1200599300566	1200599302802
7	1200599315641	1200599319289
7	1200599325298	1200599343929
7	1200599348936	1200599353738
7	1200599359451	1200599362505
7	1200599397907	1200599400344
7	1200599476105	1200599480214
7	1200599481272	1200599483725
7	1200599487834	1200599490546
7	1200599507383	1200599511918
7	1200600011847	1200600018795
7	1200600031253	1200600050851
7	1200600051323	1200600061733
7	1200600074944	1200600080719
7	1200600082375	1200600090889
7	1200600093420	1200600098840
7	1200600099868	1200600105327
7	1200600132181	1200600132333
7	1200600181844	1200600206857
7	1200600207293	1200600209732
7	1200600210664	1200600212947
7	1200600213927	1200600236841
7	1200600238780	1200600260683
7	1200600261211	1200600288527
7	1200600289536	1200600298173
7	1200600298308	1200600305263
7	1200600305815	1200600307985
7	1200600308279	1200600311938
7	1200600312627	1200600319565
7	1200600320853	1200600326579
7	1200600328614	1200600334722
7	1200600334843	1200600344853
7	1200601833198	1200601838392
7	1200601950631	1200601960833
7	1200601968128	1200601974178
7	1200601977544	1200601985257
7	1200602020100	1200602021797
7	1200602024764	1200602027279
7	1200602029836	1200602031260
7	1200602036367	1200602036471
7	1200602043446	1200602046954
7	1200602052464	1200602054833
7	1200602073739	1200602075443
7	1200602090333	1200602093501
7	1200602094668	1200602099429
7	1200602099549	1200602101999
7	1200602164932	1200602169265
7	1200602244385	1200602246816
7	1200602247880	1200602254791
7	1200602279893	1200602281164
7	1200602332515	1200602335337
7	1200602345315	1200602347363
7	1200602384687	1200602389247
7	1200602395726	1200602397992
7	1200602434797	1200602439494
7	1200602458734	1200602462442
7	1200602475485	1200602485637
7	1200602491147	1200602497943
7	1200602509902	1200602512160
7	1200602540587	1200602551662
7	1200602554112	1200602569782
7	1200602845283	1200602848605
7	1200602868613	1200602875935
7	1200602878839	1200602883245
7	1200602884213	1200602886224
7	1200602887401	1200602889748
7	1200603030732	1200603036984
7	1200603046359	1200603052971
7	1200603101719	1200603107569
7	1200603244326	1200603246537
7	1200603453604	1200603457188
7	1200603462720	1200603470337
7	1200604399889	1200604401907
7	1200604567190	1200604569552
7	1200604570815	1200604572133
7	1200604620577	1200604623245
7	1200604626528	1200604627368
7	1200604675888	1200604684455
7	1200604790225	1200604796540
7	1200604840116	1200604842459
7	1200604842584	1200604858630
7	1200604865325	1200604867860
7	1200604878244	1200604880920
7	1200604884419	1200604886951
7	1200604929918	1200604932415
7	1200604935552	1200604938524
7	1200604956235	1200604960278
7	1200604960677	1200604963287
7	1200605035295	1200605037728
7	1200605041281	1200605043563
7	1200605099264	1200605101724
7	1200605102184	1200605105241
7	1200605112903	1200605115441
7	1200605163356	1200605168847
7	1200605172218	1200605174443
7	1200605206483	1200605209101
7	1200605209377	1200605212195
7	1200605264621	1200605271248
7	1200605326310	1200605333680
7	1200605381665	1200605385681
7	1200605389356	1200605392268
7	1200605460869	1200605463542
7	1200605486416	1200605491455
7	1200605516217	1200605517509
7	1200605546141	1200605548850
7	1200605551547	1200605558142
7	1200605673947	1200605675514
7	1200605910798	1200605913718
7	1200606285284	1200606287811
7	1200606294763	1200606298394
7	1200606307598	1200606309397
7	1200606338613	1200606341215
7	1200606445939	1200606448724
7	1200606485706	1200606489658
7	1200606496469	1200606497354
7	1200606500133	1200606502935
7	1200606540477	1200606542717
7	1200606604133	1200606606551
7	1200606629929	1200606633773
7	1200606782526	1200606787587
7	1200606948973	1200606950202
7	1200606982553	1200606983301
7	1200607015500	1200607017721
7	1200607163859	1200607166457
7	1200607174623	1200607176849
7	1200607217380	1200607219711
7	1200607219914	1200607221234
7	1200607298228	1200607300337
7	1200607302207	1200607309791
7	1200607363636	1200607366131
7	1200607366891	1200607369326
7	1200607369674	1200607374785
7	1200607425921	1200607427966
7	1200607435685	1200607440517
7	1200607509494	1200607513622
7	1200607532429	1200607536331
7	1200607617823	1200607621100
7	1200607750513	1200607758312
7	1200608707170	1200608710152
7	1200609082959	1200609084279
7	1200609094525	1200609096401
7	1200609170543	1200609171773
7	1200609174438	1200609177227
7	1200609188467	1200609191572
7	1200609869904	1200609872107
7	1200610039549	1200610040797
7	1200610041330	1200610043685
7	1200610048633	1200610050964
7	1200610052946	1200610054760
7	1200610060860	1200610064450
7	1200610073435	1200610076690
7	1200610143819	1200610146205
7	1200610170931	1200610173236
7	1200610226556	1200610232686
7	1200610234647	1200610244350
7	1200610331737	1200610332991
7	1200610333994	1200610336194
7	1200610443115	1200610449697
7	1200610462111	1200610464877
7	1200610485308	1200610487968
7	1200610488692	1200610490433
7	1200610577876	1200610589349
7	1200610603420	1200610608192
7	1200610615550	1200610617388
7	1200610621746	1200610624117
7	1200610685651	1200610687648
7	1200610688898	1200610693764
7	1200610694497	1200610698510
7	1200610702107	1200610705156
7	1200610711341	1200610715655
7	1200610720204	1200610724693
7	1200610798209	0
8	1200557972280	1200557974912
8	1200557989681	1200557992561
8	1200558125843	1200558132147
8	1200558136155	1200558139923
8	1200559653367	1200559655506
8	1200559692856	1200559695769
8	1200559699860	1200559711142
8	1200559848860	1200559853131
8	1200562620818	1200562624565
8	1200562639809	1200562641918
8	1200565438800	1200565442100
8	1200565552163	1200565556110
8	1200566767540	1200566771469
8	1200572760327	1200572763538
8	1200572855278	1200572858239
8	1200572903889	1200572907397
8	1200573380973	1200573384136
8	1200573778832	1200573784521
8	1200573788287	1200573797111
8	1200573946901	1200573951527
8	1200574046655	1200574049575
8	1200578101249	1200578104123
8	1200578111254	1200578113842
8	1200578771313	1200578775135
8	1200578775257	1200578782683
8	1200578784615	1200578788445
8	1200580310337	1200580315930
8	1200580320128	1200580325893
8	1200580410664	1200580415148
8	1200580439203	1200580442283
8	1200580469378	1200580477444
8	1200580479576	1200580481969
8	1200580493353	1200580495631
8	1200580499334	1200580505964
8	1200580780766	1200580782600
8	1200580785302	1200580787669
8	1200580792403	1200580799651
8	1200580838632	1200580845867
8	1200580851741	1200580858776
8	1200580860196	1200580861575
8	1200580873397	1200580879541
8	1200580919711	1200580924750
8	1200585404441	1200585408402
8	1200593204907	1200593207533
8	1200593209945	1200593214182
8	1200598609558	1200598612147
8	1200599094891	1200599099508
8	1200599280316	1200599284304
8	1200599287181	1200599297292
8	1200599297600	1200599306950
8	1200599409897	1200599414242
8	1200599426346	1200599429968
8	1200599629546	1200599633204
8	1200599639401	1200599643141
8	1200600021843	1200600027574
8	1200600122308	1200600126901
8	1200600140298	1200600149156
8	1200600164994	1200600166345
8	1200600170327	1200600175300
8	1200600175642	1200600183266
8	1200600227203	1200600256294
8	1200600341376	1200600345681
8	1200601831160	1200601835164
8	1200601836445	1200601842938
8	1200601866625	1200601875652
8	1200601948356	1200601952538
8	1200601992299	1200601996973
8	1200602011637	1200602016925
8	1200602022567	1200602025892
8	1200602076666	1200602079633
8	1200602088234	1200602091940
8	1200602104923	1200602110898
8	1200602113100	1200602117397
8	1200602130709	1200602134285
8	1200602143392	1200602146780
8	1200602167998	1200602169177
8	1200602431533	1200602438150
8	1200602481431	1200602486328
8	1200602489939	1200602493803
8	1200602498986	1200602502516
8	1200602505526	1200602513222
8	1200602838593	1200602842438
8	1200602899696	1200602902234
8	1200604681545	1200604685549
8	1200604786736	1200604791378
8	1200604802624	1200604805159
8	1200604806944	1200604809370
8	1200604811504	1200604816702
8	1200604821366	1200604825362
8	1200605076615	1200605083528
8	1200605601172	1200605604851
8	1200605605691	1200605610292
8	1200607511429	1200607525454
8	1200607715893	1200607719738
8	1200607738774	1200607741129
8	1200607742153	1200607744409
8	1200607752113	1200607756788
8	1200609843773	1200609849637
8	1200609860901	1200609865264
8	1200609882902	1200609886662
9	1200557971912	1200557975526
9	1200557990275	1200557994302
9	1200558006383	1200558008963
9	1200558102420	1200558104664
9	1200559583749	1200559587721
9	1200559653682	1200559657794
9	1200559692113	1200559696716
9	1200559854602	1200559859300
9	1200565438878	1200565442430
9	1200565551410	1200565553610
9	1200572760459	1200572763513
9	1200572854507	1200572856657
9	1200572904435	1200572907861
9	1200573380430	1200573382673
9	1200573947985	1200573950957
9	1200574045524	1200574047686
9	1200578099645	1200578102877
9	1200578777849	1200578781501
9	1200580321706	1200580323767
9	1200580409281	1200580412888
9	1200580936296	1200580938502
9	1200599094315	1200599097953
9	1200599282263	1200599290808
9	1200599411353	1200599415157
9	1200599511802	1200599513961
9	1200599640693	1200599648863
9	1200599651858	1200599656237
9	1200599656365	1200599666256
9	1200599666924	1200599675732
9	1200599738912	1200599744192
9	1200599796127	1200599798219
9	1200600014457	1200600024929
9	1200600135801	1200600142234
9	1200600143192	1200600158387
9	1200600163398	1200600175962
9	1200600177625	1200600182608
9	1200600342379	1200600344387
9	1200601861389	1200601864896
9	1200601947770	1200601951722
9	1200601993488	1200601996833
9	1200602021951	1200602024290
9	1200602077728	1200602080711
9	1200602114468	1200602118692
9	1200602130794	1200602132491
9	1200602166150	1200602170215
9	1200602302238	1200602303496
9	1200602309467	1200602313164
9	1200602424309	1200602428286
9	1200602428588	1200602435144
9	1200602482613	1200602490363
9	1200602500951	1200602511785
9	1200602898852	1200602904184
9	1200602915143	1200602917424
9	1200603016206	1200603019793
9	1200603381810	1200603383191
9	1200603458467	1200603461536
9	1200603473911	1200603483352
9	1200603501912	1200603504511
9	1200603716940	1200603720374
9	1200603885285	1200603890445
9	1200603891657	1200603894994
9	1200603899109	1200603903570
9	1200604682471	1200604684571
9	1200604774186	1200604779397
9	1200604785213	1200604789592
9	1200604801154	1200604803688
9	1200605077257	1200605082254
9	1200605601969	1200605607857
9	1200607514842	1200607522998
9	1200607752986	1200607755448
9	1200607755576	1200607758846
9	1200608302507	1200608303733
9	1200609014653	1200609018146
9	1200609104736	1200609108368
9	1200609882325	1200609885790
10	1200530180195	1200530182591
10	1200530213752	1200530216341
10	1200539023800	1200539032797
10	1200573554796	1200573560761
10	1200573577657	1200573581532
10	1200573620120	1200573625776
10	1200573627647	1200573630401
10	1200573631693	1200573633797
10	1200573649454	1200573652763
10	1200573682954	1200573685962
10	1200573715926	1200573720917
10	1200573722181	1200573725377
10	1200573726630	1200573728672
10	1200573734803	1200573737204
10	1200573739676	1200573744579
10	1200573744895	1200573747110
10	1200573749616	1200573751677
10	1200573754284	1200573756164
10	1200573756363	1200573758242
10	1200573758578	1200573765360
10	1200573765765	1200573767914
10	1200573771543	1200573772767
10	1200573795455	1200573799828
10	1200573816279	1200573821670
10	1200573827341	1200573829830
10	1200573921982	1200573923872
10	1200573985724	1200573989804
10	1200574032346	1200574040955
10	1200574046997	1200574051927
10	1200574219904	1200574223515
10	1200574240472	1200574242811
10	1200574304452	1200574309647
10	1200574344118	1200574346418
10	1200574943402	1200574944554
10	1200575014312	1200575020449
10	1200575035499	1200575038549
10	1200575041311	1200575042518
10	1200575059413	1200575061100
10	1200575237918	1200575240442
10	1200575422805	1200575427210
10	1200575427703	1200575429940
10	1200575465948	1200575467956
10	1200575484264	1200575486116
10	1200575492217	1200575497381
10	1200575661933	1200575669325
10	1200576877781	1200576879934
10	1200576998404	1200577000287
10	1200577211589	1200577216393
10	1200577227405	1200577229318
10	1200577229652	1200577231568
10	1200577232845	1200577238436
10	1200577244885	1200577249313
10	1200577260447	1200577261674
10	1200577265334	1200577269252
10	1200577269821	1200577275547
10	1200577289314	1200577290943
10	1200577293143	1200577294385
10	1200577294921	1200577296134
10	1200577312605	1200577314989
10	1200577322789	1200577328930
10	1200577394670	1200577396885
10	1200577539344	1200577545568
10	1200577549304	1200577551546
10	1200577552106	1200577554424
10	1200577600480	1200577602367
10	1200577638893	1200577640772
10	1200577647159	1200577648974
10	1200577671538	1200577676189
10	1200577685533	1200577687456
10	1200580039647	1200580042526
10	1200580107393	1200580110170
10	1200580673346	1200580676648
10	1200580778147	1200580780381
10	1200586543849	1200586546599
11	1200554687816	1200554696263
11	1200556429106	1200556434111
11	1200556441959	1200556446375
11	1200573513797	1200573515991
11	1200573551892	1200573556479
11	1200573590379	1200573601952
11	1200573605961	1200573608126
11	1200573609428	1200573615479
11	1200573617268	1200573622875
11	1200573623105	1200573625651
11	1200573651294	1200573654758
11	1200573794296	1200573800431
11	1200573804611	1200573813499
11	1200573814831	1200573819374
11	1200575015505	1200575019657
11	1200575033849	1200575039159
11	1200575078513	1200575086260
11	1200575092689	1200575094715
11	1200575095900	1200575098554
11	1200575124393	1200575126743
11	1200575127544	1200575129458
11	1200575138509	1200575141740
11	1200575142581	1200575143819
11	1200575145499	1200575147516
11	1200575148264	1200575149498
11	1200575478549	1200575480474
11	1200575793504	1200575794660
11	1200577220624	1200577223215
11	1200577225727	1200577228468
11	1200577228698	1200577231766
11	1200577234214	1200577238978
11	1200577243660	1200577247689
11	1200577272929	1200577276790
11	1200577285167	1200577287742
11	1200577311601	1200577312792
11	1200577324955	1200577328676
11	1200577564823	1200577569465
11	1200577571845	1200577577307
11	1200577579467	1200577582228
11	1200577582780	1200577584544
11	1200577600760	1200577604532
11	1200577637313	1200577641871
11	1200577647784	1200577651218
11	1200577670101	1200577677189
11	1200577684339	1200577688955
11	1200577694619	1200577698351
11	1200577731737	1200577738523
11	1200579995805	1200580000353
11	1200580055309	1200580058708
11	1200580124960	1200580126964
11	1200580778277	1200580781397
11	1200586525824	1200586529740
11	1200586584819	1200586587303
12	1200554693460	1200554699297
14	1200557991544	1200557993732
14	1200558042802	1200558045699
14	1200558045982	1200558050945
14	1200558103868	1200558105534
14	1200558111445	1200558114810
14	1200558118129	1200558122197
14	1200558137817	1200558142103
14	1200559654758	1200559656788
14	1200565439937	1200565442217
14	1200572835304	1200572838487
14	1200572863943	1200572867256
14	1200572867373	1200572870270
14	1200572872472	1200572874908
14	1200572905267	1200572907971
14	1200573024505	1200573027557
14	1200573134177	1200573136349
14	1200573172180	1200573174406
14	1200573378244	1200573384467
14	1200573401366	1200573403186
14	1200573420531	1200573422684
14	1200573431562	1200573440392
14	1200573453428	1200573455348
14	1200573478582	1200573481677
14	1200574045101	1200574047132
14	1200578781355	1200578781816
14	1200593212751	1200593214693
14	1200599628238	1200599630230
14	1200601840595	1200601842479
14	1200602087277	1200602089134
14	1200602145820	1200602147686
14	1200602422843	1200602427131
14	1200602487805	1200602492175
14	1200602510886	1200602517439
14	1200602519295	1200602524401
14	1200602547519	1200602549876
14	1200602559894	1200602562310
14	1200602582527	1200602587435
14	1200602599885	1200602602426
14	1200602616872	1200602619137
14	1200602621579	1200602625947
14	1200602660649	1200602663164
14	1200602715312	1200602717380
14	1200602778996	1200602781253
14	1200602837212	1200602840482
15	1200557971106	1200557973446
15	1200557991415	1200557993910
15	1200558045828	1200558051121
15	1200558102759	1200558105652
15	1200558112160	1200558115501
15	1200558116737	1200558122867
15	1200558137682	1200558144548
15	1200559582899	1200559586266
15	1200559655397	1200559658506
15	1200559691100	1200559694255
15	1200559855746	1200559860104
15	1200562618543	1200562620473
15	1200565440630	1200565444184
15	1200565550265	1200565553151
15	1200568633958	1200568635968
15	1200572724567	1200572726627
15	1200572761360	1200572763672
15	1200572835169	1200572836891
15	1200572853598	1200572855510
15	1200572905584	1200572907725
15	1200573379616	1200573381551
15	1200573429824	1200573431974
15	1200573432102	1200573434613
15	1200573434638	1200573437246
15	1200573440648	1200573442764
15	1200573453288	1200573455823
15	1200573477938	1200573483927
15	1200573949147	1200573951281
15	1200574044685	1200574046506
15	1200578770841	1200578773424
15	1200578778927	1200578785285
15	1200580322474	1200580326415
15	1200580408446	1200580411990
15	1200580713836	1200580716394
15	1200580922527	1200580926438
15	1200580929798	1200580932100
15	1200580937438	1200580941387
15	1200585406164	1200585407996
15	1200593212487	1200593214567
15	1200598608910	1200598609964
15	1200599093211	1200599095537
15	1200599413525	1200599415691
15	1200599424238	1200599427506
15	1200599512890	1200599515179
15	1200599627731	1200599630916
15	1200600343915	1200600346852
15	1200601828844	1200601831884
15	1200601840934	1200601843621
15	1200601859930	1200601863200
15	1200601874482	1200601878816
15	1200601994654	1200601997160
15	1200602008200	1200602011987
15	1200602020716	1200602023816
15	1200602078991	1200602080990
15	1200602086598	1200602089762
15	1200602165161	1200602167216
15	1200602422680	1200602427497
15	1200602512432	1200602514748
15	1200604683234	1200604686970
15	1200604772378	1200604775267
15	1200607517398	1200607521681
15	1200607713951	1200607716515
15	1200609862727	1200609866708
15	1200609881134	1200609883950
16	1200530181233	1200530183553
16	1200530212635	1200530214704
16	1200557970760	1200557973434
16	1200558138850	1200558142565
16	1200559582618	1200559584405
16	1200559655375	1200559658667
16	1200559690859	1200559692731
16	1200562618281	1200562620343
16	1200565549995	1200565552265
16	1200572826992	1200572828202
16	1200572853331	1200572855166
16	1200573379345	1200573380706
16	1200573480490	1200573484498
16	1200573492515	1200573497166
16	1200573497292	1200573501895
16	1200573506793	1200573512286
16	1200573681792	1200573684984
16	1200573714314	1200573717429
16	1200573724193	1200573726278
16	1200573949521	1200573950840
16	1200577235562	1200577241477
16	1200577257845	1200577261298
16	1200577272507	1200577276524
16	1200577301518	1200577303572
16	1200577314531	1200577318380
16	1200577411192	1200577413470
16	1200577649579	1200577653393
16	1200577655780	1200577659383
16	1200577669832	1200577672613
16	1200577711615	1200577713531
16	1200577798336	1200577800194
16	1200578123248	1200578126919
16	1200578129334	1200578131297
16	1200580041226	1200580043341
16	1200580109623	1200580110946
16	1200580323128	1200580325447
16	1200580408216	1200580411278
16	1200580675207	1200580677760
16	1200580779469	1200580780779
16	1200586542827	1200586544889
16	1200599092934	1200599095212
16	1200599413938	1200599417260
16	1200599423909	1200599425798
16	1200599513172	1200599515473
16	1200600344593	1200600347228
16	1200601945733	1200601949667
16	1200601995259	1200601998494
16	1200602007625	1200602011218
16	1200602020470	1200602022369
16	1200602079287	1200602081367
16	1200604683941	1200604687364
16	1200604771743	1200604773738
16	1200607518370	1200607520273
16	1200607713604	1200607715507
16	1200609863634	1200609865114
16	1200609880946	1200609882771
17	1200530212348	1200530215799
17	1200539068245	1200539070442
17	1200554686735	1200554690863
17	1200556428422	1200556431721
17	1200556443958	1200556446158
17	1200571635114	1200571649136
17	1200571651523	1200571660282
17	1200571660976	1200571663466
17	1200571665658	1200571670789
17	1200571686316	1200571693828
17	1200572789715	1200572798550
17	1200572802706	1200572806472
17	1200572826668	1200572828580
17	1200573508741	1200573515153
17	1200573518285	1200573525874
17	1200573526407	1200573527760
17	1200573539286	1200573541506
17	1200573548996	1200573555343
17	1200573579811	1200573584126
17	1200573587547	1200573591850
17	1200573610376	1200573612746
17	1200573615981	1200573619506
17	1200573652178	1200573654482
17	1200573682676	1200573684505
17	1200575016513	1200575024269
17	1200575032308	1200575037757
17	1200577210588	1200577214531
17	1200577274236	1200577285574
17	1200577556260	1200577563155
17	1200577563461	1200577567539
17	1200577601517	1200577614538
17	1200577628660	1200577632904
17	1200577635893	1200577641308
17	1200577650559	1200577654819
17	1200577656834	1200577671790
17	1200577674838	1200577677825
17	1200577681766	1200577687288
17	1200577695368	1200577701199
17	1200577703330	1200577704647
17	1200577704802	1200577707655
17	1200577708954	1200577710555
17	1200577711123	1200577719514
17	1200577725616	1200577733251
17	1200577736191	1200577745841
17	1200577798179	1200577801117
17	1200577801789	1200577804696
17	1200577807664	1200577810100
17	1200577815457	1200577818653
17	1200577829616	1200577831870
17	1200577835830	1200577838350
17	1200579994900	1200579998111
17	1200586526705	1200586529256
17	1200586542675	1200586545155
17	1200586585684	1200586588152
17	1200593200562	1200593202798
18	1200552393392	1200552397877
18	1200552497177	1200552498982
18	1200552607470	1200552610815
18	1200552740401	1200552742235
18	1200553683274	1200553688111
18	1200553731450	1200553733428
18	1200553733569	1200553739708
18	1200553743720	1200553746319
18	1200553748650	1200553750288
18	1200553778371	1200553780397
18	1200553882232	1200553883373
18	1200553927897	1200553930404
18	1200554545424	1200554547501
18	1200554627340	1200554629198
18	1200554692618	1200554696388
18	1200554697951	1200554699876
18	1200577746899	1200577748744
19	1200566241887	1200566244430
19	1200577320124	1200577330986
19	1200577335980	1200577338282
19	1200577357271	1200577360848
19	1200577366769	1200577368284
19	1200577533357	1200577539970
20	1200566241344	1200566243699
20	1200566253169	1200566256198
20	1200566377180	1200566378966
20	1200568261796	1200568263737
20	1200568481314	1200568483534
20	1200568502834	1200568505983
20	1200568539151	1200568546323
20	1200568547334	1200568560858
20	1200568564329	1200568573396
20	1200568578312	1200568581568
20	1200568583473	1200568587727
20	1200568591533	1200568598800
20	1200568606719	1200568608135
20	1200568612790	1200568620748
20	1200568621693	1200568632854
20	1200568643162	1200568647128
20	1200568649618	1200568655822
20	1200568659135	1200568672900
20	1200568730104	1200568733925
20	1200568837748	1200568840741
20	1200568854527	1200568858955
20	1200568885704	1200568892602
20	1200568896502	1200568901690
20	1200568948363	1200568950610
20	1200568968283	1200568970791
20	1200568972266	1200568974715
20	1200568988316	1200568992852
20	1200568998299	1200569001127
20	1200569004637	1200569008510
20	1200569411307	1200569414427
20	1200569414633	1200569421365
20	1200569431449	1200569433828
20	1200569465670	1200569473125
20	1200572411447	1200572418150
20	1200577295774	1200577299634
20	1200577646254	1200577653721
20	1200577657303	1200577667511
20	1200577674574	1200577679284
20	1200577684717	1200577688840
20	1200577690194	1200577691476
20	1200577692586	1200577698932
20	1200577719114	1200577728548
20	1200577728763	1200577746294
20	1200577752378	1200577767312
20	1200577767952	1200577773229
20	1200577775275	1200577781969
20	1200577879791	1200577882356
20	1200578076951	1200578076954
20	1200578087194	1200578089643
20	1200578096429	1200578098875
20	1200578780738	1200578785139
20	1200593215109	1200593217455
20	1200593218569	1200593221131
21	1200566240213	1200566243832
21	1200566253640	1200566256804
21	1200566376454	1200566382380
21	1200568256567	1200568259283
21	1200568262808	1200568264736
21	1200568479505	1200568482919
21	1200568503503	1200568506622
21	1200568537398	1200568541718
21	1200568579260	1200568584736
21	1200568618463	1200568621176
21	1200568621555	1200568626638
21	1200568630227	1200568635515
21	1200568640787	1200568646106
21	1200568649353	1200568650617
21	1200569469902	1200569474408
21	1200569579525	1200569583271
21	1200572410718	1200572413606
21	1200572414912	1200572421797
21	1200577293268	1200577296392
21	1200577297688	1200577300794
21	1200577317524	1200577320621
21	1200577644976	1200577649343
21	1200577662534	1200577668891
21	1200577672356	1200577676350
21	1200577694642	1200577700503
21	1200577718174	1200577721872
21	1200577733412	1200577739943
21	1200577777138	1200577785736
21	1200577800796	1200577803307
21	1200577822785	1200577832199
21	1200577875345	1200577883221
21	1200578069658	1200578072763
21	1200578097399	1200578098681
21	1200578764946	1200578772462
21	1200578779571	1200578784990
21	1200593214845	1200593216571
21	1200593219346	1200593221625
22	1200557992738	1200557995888
22	1200558004591	1200558008588
22	1200558015228	1200558018640
22	1200566239646	1200566242946
22	1200566254600	1200566257405
22	1200566375694	1200566378503
22	1200566379103	1200566381986
22	1200568264146	1200568266378
22	1200568275571	1200568277712
22	1200568284203	1200568287455
22	1200568504686	1200568507438
22	1200568536852	1200568538708
22	1200569470998	1200569473970
22	1200569578792	1200569581807
22	1200569584648	1200569587541
22	1200572410257	1200572412744
22	1200572417670	1200572422201
22	1200577299876	1200577301340
22	1200577538335	1200577540465
22	1200577707894	1200577710427
22	1200577711741	1200577713763
22	1200577714412	1200577717190
22	1200577782104	1200577789996
22	1200577794404	1200577799222
22	1200577803811	1200577807348
22	1200577817866	1200577825152
22	1200577838130	1200577843743
22	1200577844907	1200577846958
22	1200577851310	1200577853778
22	1200577855121	1200577868501
22	1200577873328	1200577876560
22	1200578068848	1200578071487
22	1200578763297	1200578768515
22	1200578782803	1200578785582
22	1200593220586	1200593223276
22	1200602146477	1200602149952
22	1200602163868	1200602167465
22	1200602398637	1200602402861
22	1200602421267	1200602427952
23	1200558014588	1200558016505
23	1200558141864	1200558144276
23	1200566237747	1200566240736
23	1200566255143	1200566258285
23	1200566375638	1200566377824
23	1200566379754	1200566382686
23	1200568254465	1200568256153
23	1200568265596	1200568267590
23	1200568273976	1200568276664
23	1200568285248	1200568289578
23	1200568505426	1200568508346
23	1200568535572	1200568538523
23	1200569471564	1200569474690
23	1200569578150	1200569580815
23	1200569585660	1200569588262
23	1200571633846	1200571636692
23	1200572409432	1200572412465
23	1200572419485	1200572422339
23	1200572762314	1200572764207
23	1200572906347	1200572907589
23	1200573708174	1200573711604
23	1200574043685	1200574046642
23	1200577539255	1200577541304
23	1200577544331	1200577562719
23	1200577563765	1200577569311
23	1200577576564	1200577576837
23	1200577668238	1200577670256
23	1200577892693	1200577893929
23	1200578783441	1200578786247
23	1200580924311	1200580926224
23	1200585407666	1200585408893
23	1200593221867	1200593224250
23	1200599626502	1200599629377
23	1200601827518	1200601829226
23	1200601842709	1200601846317
23	1200601863335	1200601867937
23	1200601879903	1200601881195
23	1200601907423	1200601908698
23	1200601916159	1200601918600
23	1200601935112	1200601940144
23	1200601955208	1200601959243
23	1200609864178	1200609867852
24	1200530182169	1200530184302
24	1200530211445	1200530214368
24	1200552382861	1200552384880
24	1200555715506	1200555717131
24	1200556416861	1200556418726
24	1200557969268	1200557972164
24	1200558141360	1200558146160
24	1200559581119	1200559584560
24	1200559656948	1200559659598
24	1200559689156	1200559691781
24	1200559857471	1200559860823
24	1200562616308	1200562619251
24	1200565442548	1200565445277
24	1200565547752	1200565550532
24	1200566236690	1200566240805
24	1200566256358	1200566257522
24	1200566374266	1200566376698
24	1200566380761	1200566383940
24	1200566771691	1200566774165
24	1200568253603	1200568254757
24	1200568266537	1200568269361
24	1200568273639	1200568274319
24	1200568287181	1200568290828
24	1200568476502	1200568479127
24	1200568534312	1200568536985
24	1200571623233	1200571626827
24	1200571689507	1200571691411
24	1200571707344	1200571727127
24	1200571751425	1200571753342
24	1200572036143	1200572042264
24	1200572121127	1200572124968
24	1200572128426	1200572132816
24	1200572408544	1200572411963
24	1200572511964	1200572515516
24	1200572763189	1200572764989
24	1200572773833	1200572777437
24	1200572851992	1200572853880
24	1200572906826	1200572908581
24	1200573377632	1200573379895
24	1200573653391	1200573655670
24	1200573667753	1200573670253
24	1200573670533	1200573673451
24	1200573680759	1200573684246
24	1200573709862	1200573715445
24	1200573716806	1200573720536
24	1200573724163	1200573727640
24	1200573760761	1200573774612
24	1200573950701	1200573954912
24	1200577208203	1200577210164
24	1200577312345	1200577317304
24	1200577393503	1200577399159
24	1200577419344	1200577421175
24	1200577421631	1200577427557
24	1200577433765	1200577436214
24	1200577506330	1200577515144
24	1200577517403	1200577522436
24	1200577530401	1200577546788
24	1200577641749	1200577645320
24	1200577709273	1200577710995
24	1200577745116	1200577747265
24	1200577753817	1200577757180
24	1200578784363	1200578787567
24	1200580042251	1200580044142
24	1200580109853	1200580111917
24	1200580123611	1200580125142
24	1200580324751	1200580327714
24	1200580406726	1200580410460
24	1200580924911	1200580929634
24	1200580939739	1200580942450
24	1200586541693	1200586544111
24	1200586586871	1200586588924
24	1200592900229	1200592902106
24	1200593199451	1200593201355
24	1200593223642	1200593225504
24	1200598606407	1200598608372
24	1200599091185	1200599093696
24	1200599416380	1200599418233
24	1200599421712	1200599424536
24	1200599514779	1200599517673
24	1200599625498	1200599627199
24	1200600347631	1200600350452
24	1200601856748	1200601859587
24	1200601938830	1200601940896
24	1200601943382	1200601947202
24	1200601997294	1200602000181
24	1200602003852	1200602007763
24	1200602018321	1200602021811
24	1200602080849	1200602083479
24	1200602084456	1200602086758
24	1200604685819	1200604688872
24	1200604769240	1200604773718
24	1200607520601	1200607524928
24	1200607712111	1200607714137
24	1200609866186	1200609868373
24	1200609879211	1200609882643
25	1200552381306	1200552388231
25	1200554700711	1200554704839
25	1200554705659	1200554707511
25	1200556424568	1200556429860
25	1200556445388	1200556448476
25	1200556485619	1200556487502
25	1200557969167	1200557970224
25	1200568475914	1200568477113
25	1200571613592	1200571616343
25	1200571690320	1200571693536
25	1200571706164	1200571709726
25	1200571731516	1200571731787
25	1200572033983	1200572040960
25	1200572119625	1200572123957
25	1200572514329	1200572517238
25	1200572773217	1200572775795
25	1200573653826	1200573657245
25	1200573667265	1200573670930
25	1200573711925	1200573712326
25	1200573719461	1200573720783
25	1200573725789	1200573732828
25	1200573755158	1200573758836
25	1200573772215	1200573774455
25	1200577307637	1200577312212
25	1200577312471	1200577318888
25	1200577339813	1200577343876
25	1200577381966	1200577384506
25	1200577640437	1200577644278
25	1200580053368	1200580054585
25	1200586528897	1200586531612
25	1200599416957	1200599419658
25	1200599421886	1200599423185
25	1200600349157	1200600351418
25	1200602011327	1200602014188
26	1200551466476	1200551466909
26	1200551470132	1200551479518
26	1200551479788	1200551485356
26	1200551485923	1200551492110
26	1200551493277	1200551495588
26	1200551512792	1200551514266
26	1200551516224	1200551520264
26	1200551537847	1200551544163
26	1200551564189	1200551568838
26	1200551569215	1200551575807
26	1200551860474	1200551862708
26	1200551874445	1200551876857
26	1200552013837	1200552018372
26	1200552086633	1200552088776
26	1200552217185	1200552219579
26	1200552260587	1200552262423
26	1200552310226	1200552314556
26	1200552316108	1200552318663
26	1200552352570	1200552360409
26	1200552369903	1200552371178
26	1200552371499	1200552373537
26	1200552376967	1200552379177
26	1200554586419	1200554596925
26	1200554687237	1200554689495
26	1200554693862	1200554696980
26	1200554699121	1200554704151
26	1200554733595	1200554738715
26	1200554745399	1200554747878
26	1200554778962	1200554783523
26	1200554852484	1200554858958
26	1200556449532	1200556455697
26	1200572684381	1200572692436
26	1200573053177	1200573055382
26	1200573234973	1200573242811
27	1200555717932	1200555722491
27	1200555725106	1200555729446
27	1200557993550	1200557997255
27	1200558003671	1200558007799
27	1200566332711	1200566337635
27	1200566337680	1200566345482
27	1200566345840	1200566352502
27	1200566356780	1200566359985
27	1200571632297	1200571634816
27	1200573695289	1200573700313
27	1200573704361	1200573709276
27	1200577604671	1200577616994
27	1200577809103	1200577812982
27	1200577813346	1200577815611
27	1200577815829	1200577818341
27	1200577818768	1200577821735
27	1200602147245	1200602150985
27	1200602162951	1200602166379
27	1200602399395	1200602403439
27	1200602420478	1200602424775
28	1200555716820	1200555721340
28	1200555726586	1200555730384
28	1200566331961	1200566334819
28	1200566358157	1200566360614
28	1200572503158	1200572505615
28	1200572509366	1200572513373
28	1200573693273	1200573698647
28	1200573708449	1200573710769
28	1200577581384	1200577584838
28	1200577592287	1200577594840
28	1200577602616	1200577609851
28	1200577611519	1200577615505
28	1200577806370	1200577810926
28	1200577992234	1200577995337
28	1200577998130	1200577999915
28	1200578023654	1200578025730
28	1200578029583	1200578031725
28	1200578032807	1200578042477
28	1200578052170	1200578060259
28	1200578060817	1200578064110
28	1200578064642	1200578067272
28	1200578067575	1200578070418
28	1200578141989	1200578144654
28	1200578145885	1200578149311
29	1200555741422	1200555743525
29	1200563952116	1200563962532
29	1200563968341	1200563971545
29	1200566330466	1200566332235
29	1200566359577	1200566361682
29	1200569576892	1200569578650
29	1200572043511	1200572045231
29	1200572045349	1200572047311
29	1200572502608	1200572503808
29	1200573690112	1200573695163
29	1200573951944	1200573953785
29	1200577641433	1200577643448
29	1200577653259	1200577655459
29	1200577657943	1200577663397
29	1200580405872	1200580407552
29	1200601842911	1200601844789
29	1200601846439	1200601848615
29	1200601850455	1200601856436
29	1200601857393	1200601859451
29	1200601958701	1200601961155
29	1200602007168	1200602011189
29	1200602083618	1200602085664
29	1200609866446	1200609871152
29	1200609872749	1200609875520
29	1200609878555	1200609880626
30	1200530183289	1200530185935
30	1200530210782	1200530212831
30	1200539070614	1200539072462
30	1200552383169	1200552385162
30	1200555712481	1200555717789
30	1200555729561	1200555737134
30	1200555738246	1200555745153
30	1200555745380	1200555747735
30	1200558012556	1200558015631
30	1200558142295	1200558145595
30	1200558152955	1200558155873
30	1200559658124	1200559661422
30	1200559688251	1200559690733
30	1200559858538	1200559862272
30	1200562615294	1200562617252
30	1200563951344	1200563954406
30	1200563968933	1200563972187
30	1200565287390	1200565291169
30	1200565443926	1200565447215
30	1200565546516	1200565548936
30	1200566257137	1200566259882
30	1200566329573	1200566333535
30	1200566353824	1200566355694
30	1200566359846	1200566362489
30	1200566373486	1200566376940
30	1200566397531	1200566402589
30	1200568251891	1200568254883
30	1200568288584	1200568291750
30	1200568474882	1200568477801
30	1200568507606	1200568510573
30	1200568533306	1200568536461
30	1200569473609	1200569477421
30	1200569576363	1200569578932
30	1200569587382	1200569590699
30	1200571620784	1200571622811
30	1200571695917	1200571700320
30	1200571749603	1200571752186
30	1200572033396	1200572037533
30	1200572044335	1200572050745
30	1200572117797	1200572120161
30	1200572130150	1200572133540
30	1200572407836	1200572410288
30	1200572421635	1200572425348
30	1200572501506	1200572504791
30	1200572536364	1200572539436
30	1200572680663	1200572685221
30	1200572721833	1200572724347
30	1200572850828	1200572852908
30	1200573376763	1200573378803
30	1200573655486	1200573657639
30	1200573666209	1200573670370
30	1200573671714	1200573675771
30	1200573679676	1200573682399
30	1200573687342	1200573693665
30	1200573711469	1200573714153
30	1200573756642	1200573760402
30	1200573951805	1200573954999
30	1200574042143	1200574045371
30	1200577306192	1200577310528
30	1200577543174	1200577546369
30	1200577614655	1200577618278
30	1200577622364	1200577623634
30	1200577623857	1200577630426
30	1200577651924	1200577662156
30	1200577990483	1200577991941
30	1200577999555	1200578000825
30	1200578021764	1200578024729
30	1200578759873	1200578763605
30	1200578785461	1200578788982
30	1200580043642	1200580045432
30	1200580052571	1200580054814
30	1200580110813	1200580113739
30	1200580121978	1200580124261
30	1200580326197	1200580329824
30	1200580405152	1200580409165
30	1200586540703	1200586543956
30	1200592898842	1200592901145
30	1200592906949	1200592909110
30	1200593197352	1200593199213
30	1200593225639	1200593227844
30	1200598605553	1200598606951
30	1200599089955	1200599093495
30	1200599516578	1200599519403
30	1200600349766	1200600352532
30	1200600845841	1200600847927
30	1200601824629	1200601828522
30	1200601847735	1200601849703
30	1200601939323	1200601944729
30	1200601958921	1200601961835
30	1200601970186	1200601972190
30	1200601983449	1200601988336
30	1200601999224	1200602006405
30	1200602007385	1200602019849
30	1200602082285	1200602085934
30	1200604687100	1200604690642
30	1200607522429	1200607526469
30	1200607711114	1200607714271
30	1200609867588	1200609872980
31	1200539071798	1200539074842
31	1200549055496	1200549058135
31	1200551295410	1200551301755
31	1200551302860	1200551307763
31	1200551427657	1200551432113
31	1200551439583	1200551444825
31	1200551461616	1200551463702
31	1200553505417	1200553517594
31	1200553563788	1200553567683
31	1200553743184	1200553745860
31	1200553746137	1200553748612
31	1200553878782	1200553880319
31	1200553958220	1200553959490
31	1200554213296	1200554215400
31	1200554230165	1200554232611
31	1200554254416	1200554256984
31	1200554268701	1200554272408
31	1200554385397	1200554390818
31	1200554478977	1200554485710
31	1200554503128	1200554507782
31	1200554535525	1200554538476
31	1200554854423	1200554856527
31	1200555692317	1200555696866
31	1200555745739	1200555751240
31	1200555905882	1200555908953
31	1200556068126	1200556070162
31	1200556586267	1200556595839
31	1200557381401	1200557383363
31	1200558010727	1200558013323
31	1200558145836	1200558150565
31	1200558479581	1200558482973
31	1200559578816	1200559583177
31	1200559665944	1200559668185
31	1200559890760	1200559893201
31	1200559893327	1200559895555
31	1200560677279	1200560679212
31	1200560679373	1200560683963
31	1200561071343	1200561078927
31	1200562613908	1200562617947
31	1200562772598	1200562774883
31	1200562818763	1200562820645
31	1200562853879	1200562857225
31	1200563150323	1200563153464
31	1200563674375	1200563677193
31	1200563720702	1200563725479
31	1200563725954	1200563730763
31	1200563785603	1200563787300
31	1200565014195	1200565020221
31	1200565444896	1200565447747
31	1200565545525	1200565548168
31	1200566028497	1200566030988
31	1200566315101	1200566318714
31	1200566366117	1200566368280
31	1200566404297	1200566415198
31	1200566744698	1200566747422
31	1200566766707	1200566767910
31	1200566773978	1200566776807
31	1200566777184	1200566779291
31	1200566924399	1200566926648
31	1200568250387	1200568253728
31	1200568508849	1200568511285
31	1200568531882	1200568534719
31	1200568655740	1200568661257
31	1200568798134	1200568800823
31	1200569185322	1200569187489
31	1200569236870	1200569240470
31	1200569284432	1200569286384
31	1200569475154	1200569479678
31	1200569575128	1200569577984
31	1200569588443	1200569592534
31	1200571605171	1200571608933
31	1200571692486	1200571698284
31	1200571751153	1200571758420
31	1200571759126	1200571760429
31	1200571821216	1200571824342
31	1200572096640	1200572100977
31	1200572114337	1200572117918
31	1200572406517	1200572409692
31	1200572422688	1200572425483
31	1200572426941	1200572430730
31	1200572450862	1200572454540
31	1200572500539	1200572502886
31	1200572505450	1200572509730
31	1200572529528	1200572552954
31	1200572557219	1200572562248
31	1200572562961	1200572565395
31	1200572565665	1200572567802
31	1200572569140	1200572576943
31	1200572603785	1200572609527
31	1200572616798	1200572627762
31	1200572720931	1200572723139
31	1200572764855	1200572767640
31	1200572770282	1200572773756
31	1200572849634	1200572852174
31	1200572908339	1200572910774
31	1200573239646	1200573243110
31	1200573312477	1200573314431
31	1200573375713	1200573378107
31	1200573470400	1200573473928
31	1200573672763	1200573675531
31	1200573677826	1200573681817
31	1200573709995	1200573712997
31	1200573773369	1200573775717
31	1200573808838	1200573810158
31	1200573810286	1200573812631
31	1200573954155	1200573957216
31	1200574041159	1200574043345
31	1200575412432	1200575418734
31	1200575421695	1200575430106
31	1200575432594	1200575435294
31	1200577201712	1200577207194
31	1200577303854	1200577310135
31	1200577543985	1200577546561
31	1200577623150	1200577626858
31	1200577659870	1200577668728
31	1200577840712	1200577843149
31	1200577858489	1200577859824
31	1200578000345	1200578002397
31	1200578150822	1200578153770
31	1200578758172	1200578761214
31	1200578786393	1200578789364
31	1200579991857	1200579995508
31	1200580327404	1200580330616
31	1200580403536	1200580409429
31	1200580941869	1200580944687
31	1200582618661	1200582621233
31	1200582638457	1200582641358
31	1200582726117	1200582728193
31	1200585410514	1200585412615
31	1200585971930	1200585974322
31	1200586589695	1200586592851
31	1200592880658	1200592883383
31	1200593230210	1200593233459
31	1200598603562	1200598605571
31	1200599088802	1200599092119
31	1200599517165	1200599524399
31	1200600350605	1200600356944
31	1200601822538	1200601826201
31	1200604688244	1200604691590
31	1200604766548	1200604769496
31	1200607524105	1200607530365
31	1200607709750	1200607712376
32	1200530184411	1200530186168
32	1200530209812	1200530213182
32	1200549055940	1200549058712
32	1200551243561	1200551247323
32	1200551294692	1200551297119
32	1200551441250	1200551443292
32	1200553958462	1200553959814
32	1200553960863	1200553964204
32	1200553978891	1200553983728
32	1200554013243	1200554017845
32	1200554088951	1200554095846
32	1200554098732	1200554103410
32	1200554107584	1200554112843
32	1200554212361	1200554218925
32	1200554270395	1200554276911
32	1200554277925	1200554283643
32	1200554297450	1200554303153
32	1200554318496	1200554324642
32	1200554344731	1200554346942
32	1200554347127	1200554353202
32	1200554357415	1200554358691
32	1200554359389	1200554362127
32	1200554384960	1200554389271
32	1200554855381	1200554857171
32	1200555693348	1200555698781
32	1200555710809	1200555713182
32	1200555905118	1200555907475
32	1200556068617	1200556071453
32	1200556460728	1200556462104
32	1200556487324	1200556489367
32	1200556585555	1200556589181
32	1200557381899	1200557384910
32	1200557963386	1200557964546
32	1200558149137	1200558157319
32	1200558478773	1200558481569
32	1200559578532	1200559581914
32	1200559666440	1200559669423
32	1200559687271	1200559691213
32	1200559859931	1200559862578
32	1200559890496	1200559893531
32	1200560677772	1200560679535
32	1200560680280	1200560684451
32	1200561070867	1200561072734
32	1200562773997	1200562776174
32	1200562816854	1200562821861
32	1200562852729	1200562854653
32	1200563151750	1200563154288
32	1200563675599	1200563677567
32	1200563720568	1200563723700
32	1200563785623	1200563788980
32	1200563916520	1200563920457
32	1200563923235	1200563927199
32	1200563950636	1200563953798
32	1200563970279	1200563974512
32	1200565013358	1200565017155
32	1200565286178	1200565291824
32	1200566029265	1200566031122
32	1200566232464	1200566236503
32	1200566258472	1200566261528
32	1200566315177	1200566319432
32	1200566356906	1200566359710
32	1200566360750	1200566362745
32	1200566365487	1200566367988
32	1200566405439	1200566407715
32	1200566409533	1200566412839
32	1200566743670	1200566747576
32	1200566766349	1200566769650
32	1200566776833	1200566780354
32	1200566925244	1200566927424
32	1200568290139	1200568293591
32	1200568473972	1200568477561
32	1200568655256	1200568658854
32	1200568798722	1200568801792
32	1200569184785	1200569189456
32	1200569236731	1200569239917
32	1200569284745	1200569288158
32	1200571613313	1200571614976
32	1200571744673	1200571748639
32	1200571750656	1200571754158
32	1200572031192	1200572033704
32	1200572047429	1200572052213
32	1200572096204	1200572099778
32	1200572115833	1200572120749
32	1200572131496	1200572135774
32	1200572424194	1200572424616
32	1200572452607	1200572455648
32	1200572505311	1200572512382
32	1200572525746	1200572532242
32	1200572535988	1200572541569
32	1200572571722	1200572576718
32	1200572602809	1200572605727
32	1200572623565	1200572624890
32	1200572625379	1200572629309
32	1200572678271	1200572683573
32	1200573312697	1200573315961
32	1200573471502	1200573476223
32	1200573665332	1200573667568
32	1200573686132	1200573690368
32	1200573759688	1200573761771
32	1200573773525	1200573775930
32	1200573809449	1200573812517
32	1200573953645	1200573956286
32	1200575413415	1200575415431
32	1200575424463	1200575429610
32	1200575432225	1200575434421
32	1200577621778	1200577624783
32	1200577626300	1200577630741
32	1200577639848	1200577642270
32	1200577664734	1200577668589
32	1200580043783	1200580045966
32	1200580111545	1200580113813
32	1200580121704	1200580123658
32	1200582619200	1200582622517
32	1200582638123	1200582639981
32	1200582726619	1200582728510
32	1200585881130	1200585885554
32	1200585971770	1200585973788
32	1200586529908	1200586533323
32	1200586540878	1200586542341
32	1200592881425	1200592883863
32	1200592897891	1200592900380
32	1200592907799	1200592911251
32	1200593194940	1200593197542
33	1200555719178	1200555724503
33	1200555725250	1200555728106
33	1200557994389	1200557997466
33	1200558002702	1200558005984
33	1200571631241	1200571633415
33	1200573698383	1200573706718
33	1200577606111	1200577613101
33	1200602148707	1200602152180
33	1200602161679	1200602164657
33	1200602400816	1200602404747
33	1200602418326	1200602424584
34	1200557994560	1200557997384
34	1200558002212	1200558005797
34	1200571627692	1200571629495
34	1200571630505	1200571632797
34	1200573700513	1200573704775
34	1200577610804	1200577611206
34	1200602149371	1200602152489
34	1200602161423	1200602163534
34	1200602401396	1200602404613
34	1200602417775	1200602421620
36	1200557994824	1200557998244
36	1200558002258	1200558004206
36	1200571630383	1200571633300
36	1200573702128	1200573704489
36	1200602160929	1200602163752
36	1200602401900	1200602403575
36	1200602416806	1200602421761
37	1200557995476	1200558005521
37	1200602150618	1200602151792
37	1200602159428	1200602162808
37	1200602410454	1200602420171
