1	1199870262640	1199870265294
1	1199875837985	1199875839874
1	1199878486339	1199878487867
1	1199882658684	1199882660508
1	1199882676635	1199882679637
2	1199870261542	1199870263391
2	1199874691972	1199874698131
2	1199874753974	1199874756333
2	1199874815669	1199874817644
2	1199874819995	1199874822429
2	1199874829296	1199874833148
2	1199874853372	1199874857576
2	1199874860646	1199874865282
2	1199874993661	1199875060667
2	1199875061572	1199875067297
2	1199875082187	1199875086436
2	1199875832397	1199875837588
2	1199875850132	1199875851461
2	1199875854732	1199875858828
2	1199875892949	1199875903213
2	1199877245300	1199877248555
2	1199877413230	1199877415378
2	1199877657774	1199877660299
2	1199881044497	1199881047105
2	1199881049730	1199881051892
2	1199881149488	1199881151727
2	1199882417470	1199882420870
2	1199882641804	1199882645453
2	1199889185190	1199889187403
2	1199890829583	1199890832824
2	1199894818571	1199894821291
3	1199874780379	1199874787306
3	1199874790986	1199874797807
3	1199874802680	1199874810800
3	1199874816556	1199874821320
3	1199874826305	1199874831668
3	1199877237508	1199877247378
3	1199877413493	1199877418625
3	1199877549467	1199877555781
3	1199877579497	1199877585327
3	1199877588428	1199877596479
3	1199877611650	1199877629684
3	1199877636570	1199877645354
3	1199880944705	1199880949601
3	1199880952968	1199880961978
3	1199881041743	1199881049466
3	1199882186292	1199882188501
3	1199882235781	1199882252879
3	1199882291787	1199882296115
3	1199882299326	1199882306241
3	1199882311598	1199882316697
3	1199882319833	1199882326729
3	1199887213123	1199887218146
3	1199889166803	1199889171803
3	1199889177275	1199889181970
3	1199889250452	1199889254473
7	1199870268157	1199870270709
7	1199870273318	1199870275327
7	1199870290261	1199870293779
7	1199870295191	1199870299356
7	1199870302912	1199870313665
7	1199870316334	1199870322177
7	1199870324315	1199870336335
7	1199870341311	1199870345558
7	1199870350967	1199870354293
7	1199870355174	1199870360295
7	1199870412176	1199870421601
7	1199870996523	1199870998669
7	1199871053370	1199871055495
7	1199871064274	1199871066683
7	1199871183372	1199871184549
7	1199872191278	1199872194298
7	1199872585222	1199872587244
7	1199872778188	1199872781220
7	1199873237312	1199873238512
7	1199873238925	1199873241219
7	1199873243223	1199873247837
7	1199873326219	1199873327475
7	1199873339981	1199873342530
7	1199873343533	1199873350269
7	1199873353905	1199873355940
7	1199873529334	1199873532275
7	1199873532762	1199873536437
7	1199873537721	1199873540697
7	1199873543996	1199873548914
7	1199873892519	1199873894903
7	1199874079264	1199874081264
7	1199874256722	1199874258955
7	1199874262190	1199874265716
7	1199874268844	1199874277347
7	1199874374870	1199874383742
7	1199874384249	1199874389947
7	1199874390200	1199874391616
7	1199874516802	1199874525368
7	1199874750159	1199874754339
7	1199874785184	1199874790220
7	1199874821556	1199874825172
7	1199874834523	1199874836514
7	1199874839922	1199874846286
7	1199874848362	1199874849875
7	1199874868605	1199874872576
7	1199874880840	1199874889266
7	1199874893457	1199874901432
7	1199874906361	1199874907885
7	1199874911589	1199874916790
7	1199874946948	1199874950341
7	1199874955641	1199874965247
7	1199874972455	1199874975456
7	1199874976475	1199874980944
7	1199874987658	1199874996266
7	1199875835359	1199875838703
7	1199875845771	1199875847837
7	1199875866338	1199875869152
7	1199875875230	1199875876526
7	1199878473372	1199878477379
7	1199878477637	1199878480685
7	1199878486894	1199878499301
7	1199878926431	1199878932960
7	1199878946425	1199878948274
7	1199878958172	1199878961153
7	1199879102145	1199879105264
7	1199879113266	1199879115625
7	1199879166289	1199879167681
7	1199879271163	1199879272327
7	1199879275352	1199879279169
7	1199879955955	1199879957907
7	1199880206733	1199880210236
7	1199880213170	1199880215841
7	1199880218331	1199880222907
7	1199880822588	1199880823604
7	1199881155290	1199881156560
7	1199882024907	1199882031811
7	1199882035105	1199882037315
7	1199882085513	1199882088408
7	1199882090401	1199882091133
7	1199882120738	1199882122839
7	1199882132170	1199882134603
7	1199882322129	1199882324354
7	1199882399578	1199882401646
7	1199882403266	1199882404547
7	1199882411363	1199882419109
7	1199882655684	1199882660236
7	1199883822546	1199883824441
7	1199883873322	1199883873541
7	1199883875183	1199883878647
7	1199883880637	1199883883188
7	1199883926417	1199883932841
7	1199884485409	1199884487905
7	1199885277887	1199885280852
7	1199885287225	1199885783811
7	1199886867450	1199886878411
7	1199886890136	1199886892351
7	1199886896567	1199886899279
7	1199887579333	1199887584751
7	1199887667114	1199887681264
7	1199887691875	1199887694755
7	1199887702450	1199887706426
7	1199888299597	1199888303872
7	1199888616432	1199888618706
7	1199888619924	1199888633274
7	1199888654119	1199888658318
7	1199888671374	1199888673598
7	1199888674654	1199888675946
7	1199888686220	1199888691196
7	1199888705424	1199888708778
7	1199888794515	1199888797410
7	1199888827543	1199888832504
7	1199889179484	1199889186706
7	1199889670322	1199889673505
7	1199889808183	1199889809894
7	1199889903784	1199889905542
7	1199889976389	1199889978228
7	1199890177552	1199890187461
7	1199890190750	1199890193773
7	1199890194388	1199890197285
7	1199890214351	1199890217592
7	1199890545713	1199890546280
7	1199890724380	1199890727536
7	1199890813968	1199890816421
7	1199890817377	1199890819549
7	1199890828184	1199890830106
7	1199890846926	1199890851467
7	1199890903369	1199890904660
7	1199891003642	1199891022229
7	1199891023590	1199891030306
7	1199891047887	1199891050289
7	1199891051837	1199891061442
8	1199870279780	1199870282256
8	1199870283780	1199870287100
8	1199874670165	1199874672719
8	1199874691225	1199874693329
8	1199874719329	1199874722655
8	1199874778761	1199874781867
8	1199874815333	1199874823300
8	1199874824939	1199874835247
8	1199874863930	1199874867586
8	1199874993380	1199874997202
8	1199875005636	1199875009227
8	1199875010286	1199875014973
8	1199875056731	1199875069337
8	1199875076282	1199875081349
8	1199875849312	1199875852465
8	1199875853833	1199875858456
8	1199875890317	1199875894776
8	1199875902462	1199875904553
8	1199877243310	1199877249491
8	1199877411173	1199877415706
8	1199877657491	1199877663120
8	1199878471277	1199878476310
8	1199881039645	1199881043717
8	1199881149123	1199881153314
8	1199882417780	1199882421678
8	1199890829786	1199890833878
8	1199891066242	1199891069312
8	1199894816916	1199894821831
9	1199870259934	1199870263134
9	1199874669360	1199874671372
9	1199874852572	1199874860266
9	1199874994322	1199874996562
9	1199875027271	1199875030402
9	1199875056127	1199875060416
9	1199875063760	1199875074511
9	1199875080672	1199875080845
9	1199875093347	1199875094596
9	1199875094832	1199875097483
9	1199875101491	1199875105507
9	1199875108503	1199875110413
9	1199875120266	1199875121557
9	1199875121803	1199875123841
9	1199875127246	1199875129936
9	1199875141936	1199875147681
9	1199875148344	1199875152424
9	1199875156288	1199875157652
9	1199875161218	1199875163143
9	1199875171302	1199875178581
9	1199875182948	1199875186848
9	1199875203619	1199875207668
9	1199875212280	1199875220735
9	1199875248601	1199875251990
9	1199875256329	1199875261198
9	1199875261456	1199875264298
9	1199875284113	1199875285857
9	1199875286145	1199875290390
9	1199875293783	1199875300811
9	1199875314337	1199875318672
9	1199875326346	1199875331410
9	1199875334124	1199875342668
9	1199875349259	1199875353781
9	1199875358317	1199875358749
9	1199875360476	1199875368628
9	1199875384483	1199875393139
9	1199875413322	1199875418614
9	1199875418994	1199875421714
9	1199875424704	1199875429819
9	1199875441398	1199875444453
9	1199875444501	1199875448181
9	1199875463412	1199875467322
9	1199875486404	1199875490644
9	1199875501226	1199875503532
9	1199875509319	1199875511560
9	1199875522760	1199875529506
9	1199875556896	1199875560275
9	1199875572306	1199875574314
9	1199875585341	1199875589519
9	1199875611234	1199875613612
9	1199875667993	1199875671675
9	1199875689842	1199875691850
9	1199875692378	1199875693772
9	1199875694933	1199875698339
9	1199875698770	1199875702856
9	1199875710669	1199875713269
9	1199875771624	1199875778752
9	1199875779625	1199875783238
9	1199875784487	1199875786790
9	1199875792486	1199875793782
9	1199875798311	1199875811946
9	1199875823706	1199875837356
9	1199875849769	1199875856745
9	1199877246862	1199877250689
9	1199877428201	1199877433122
9	1199877594707	1199877598780
9	1199877613505	1199877617776
9	1199877624335	1199877627545
9	1199877636303	1199877639460
9	1199877643247	1199877647793
9	1199877649784	1199877653510
9	1199877656334	1199877658320
9	1199881051356	1199881150846
9	1199882190217	1199882194358
9	1199882248239	1199882251871
9	1199882418458	1199882642685
9	1199887219534	1199887227947
9	1199889186226	1199889188438
9	1199889408871	1199889411414
9	1199891066746	1199891068632
9	1199894815540	1199894821652
10	1199896948264	1199896949262
10	1199897127538	1199897130933
11	1199897128405	0
12	1199877758215	0
14	1199871927836	1199871932301
14	1199874755946	1199874839339
14	1199875055892	1199875057880
14	1199875807261	1199875810285
14	1199875822537	1199875824901
14	1199877240949	1199877241292
14	1199877409871	1199877432621
14	1199877612882	1199877628809
14	1199880448962	1199880450712
14	1199880664994	1199882193805
14	1199882343249	1199882347392
14	1199882638763	1199882642196
14	1199889248332	1199889255313
14	1199897990654	1199897993514
15	1199871927575	1199871934477
15	1199872068219	1199872072242
15	1199874756570	1199874759122
15	1199874776315	1199874778289
15	1199874840603	1199874843179
15	1199875003640	1199875006292
15	1199875012311	1199875014414
15	1199875025292	1199875028182
15	1199875054841	1199875059670
15	1199875819409	1199875821121
15	1199875893344	1199875895840
15	1199875903692	1199875905516
15	1199877239842	1199877241389
15	1199877248187	1199877250427
15	1199877409611	1199877411818
15	1199877430330	1199877433369
15	1199877545874	1199877548562
15	1199877612522	1199877614505
15	1199877626353	1199877628486
15	1199877634840	1199877636930
15	1199877644145	1199877646564
15	1199877648916	1199877651346
15	1199877672321	1199877675816
15	1199877676763	1199877678685
15	1199878469621	1199878471834
15	1199880665298	1199880667493
15	1199881052149	1199881055365
15	1199881147414	1199881150104
15	1199882183500	1199882186820
15	1199882192352	1199882195278
15	1199882239504	1199882241967
15	1199882250391	1199882252504
15	1199882330521	1199882333352
15	1199882337485	1199882346884
15	1199882420507	1199882423547
15	1199882638475	1199882641345
15	1199887225229	1199887227370
15	1199889187153	1199889191124
15	1199889247996	1199889250376
15	1199889252697	1199889255215
15	1199889407625	1199889410751
15	1199890089942	1199890095493
15	1199890831506	1199890834164
15	1199891067307	1199891069284
15	1199894813395	1199894816684
15	1199896662467	1199896670317
15	1199896691317	1199896692611
15	1199896705385	1199896708388
15	1199896722272	1199896725298
15	1199896725755	1199896727195
15	1199896748666	1199896752124
15	1199896762776	1199896765465
15	1199896766181	1199896769111
15	1199896769619	1199896773964
15	1199896795866	1199896797227
15	1199897135247	1199897139689
16	1199877228820	1199877232305
16	1199877677533	1199877679605
16	1199877760302	1199877762700
16	1199881053528	1199881055620
16	1199881147964	1199881148887
16	1199882183229	1199882185405
16	1199882330248	1199882331833
16	1199885516720	1199885522336
16	1199885528779	1199885529368
16	1199885530106	1199885533287
16	1199889187801	1199889190812
16	1199889407400	1199889409465
16	1199890088831	1199890090711
16	1199890831946	1199890835427
16	1199894838335	1199894840706
16	1199896899516	1199896902104
16	1199896954709	1199896957285
16	1199896966300	1199896970289
16	1199897020632	1199897023883
16	1199897033422	1199897036427
16	1199897492838	1199897495838
16	1199897528291	1199897529987
17	1199877677908	1199877679372
17	1199877760543	1199877763421
17	1199885500745	1199885519794
17	1199897526221	1199897527912
19	1199878053631	1199878057179
19	1199878086730	1199878091354
19	1199878410804	1199878413979
19	1199878600393	1199878603317
19	1199878654295	1199878657583
19	1199878969255	1199878970150
19	1199878975780	1199878977892
19	1199880741722	1199880750829
19	1199880764332	1199880770121
19	1199882154730	1199882157165
19	1199896696156	1199896698131
19	1199898112815	1199898115676
20	1199870261286	1199870267193
20	1199871404701	1199871424104
20	1199871424464	1199871427895
20	1199871434405	1199871446262
20	1199871472239	1199871481274
20	1199871482475	1199871504378
20	1199871510611	1199871518378
20	1199871519904	1199871524984
20	1199871525390	1199871527529
20	1199871528651	1199871536736
20	1199871538145	1199871545271
20	1199871552433	1199871560339
20	1199871563764	1199871570932
20	1199871580105	1199871587722
20	1199871596226	1199871601361
20	1199871609277	1199871614272
20	1199871623126	1199871629534
20	1199871630938	1199871642765
20	1199871648988	1199871650396
20	1199871665288	1199871667688
20	1199871689525	1199871693268
20	1199871698553	1199871703363
20	1199871728511	1199871731974
20	1199871765428	1199871772369
20	1199871903554	1199871915968
20	1199871920584	1199871922573
20	1199871949602	1199871958311
20	1199871960628	1199871968976
20	1199872000182	1199872005839
20	1199872027183	1199872044757
20	1199872045925	1199872053250
20	1199872053494	1199872063234
20	1199872063482	1199872081589
20	1199872084258	1199872092458
20	1199876611135	1199876619286
20	1199876957386	1199876961345
20	1199876967339	1199876971279
20	1199877073762	1199877084919
20	1199877092650	1199877099319
20	1199877129162	1199877135169
20	1199877340201	1199877347308
20	1199877407119	1199877409378
20	1199877432282	1199877435657
20	1199877544239	1199877546792
20	1199877596219	1199877599773
20	1199877605332	1199877610674
20	1199877627169	1199877630824
20	1199877632225	1199877637194
20	1199877766102	1199877775351
20	1199877833368	1199877835142
20	1199877945522	1199877948530
20	1199878010324	1199878023702
20	1199878054423	1199878056640
20	1199878062920	1199878069552
20	1199878072317	1199878074827
20	1199878076387	1199878078789
20	1199878092292	1199878096844
20	1199878097592	1199878103264
20	1199878107951	1199878116112
20	1199878117391	1199878122599
20	1199878174350	1199878178235
20	1199878272864	1199878278483
20	1199878279597	1199878282384
20	1199878287978	1199878294911
20	1199878344941	1199878348300
20	1199878360657	1199878362681
20	1199878363427	1199878365265
20	1199878367358	1199878371987
20	1199878374271	1199878375796
20	1199878376408	1199878382232
20	1199878422100	1199878423179
20	1199878440523	1199878446202
20	1199878447986	1199878453645
20	1199878460592	1199878474425
20	1199878478701	1199878481974
20	1199878561372	1199878567659
20	1199878576927	1199878582381
20	1199878586824	1199878589290
20	1199878595244	1199878599498
20	1199878605326	1199878608958
20	1199878643841	1199878644336
20	1199878663651	1199878688850
20	1199878701346	1199878708927
20	1199878739290	1199878744129
20	1199878947734	1199878952361
20	1199878977284	1199878979705
20	1199878986333	1199878991609
20	1199878998303	1199879003231
20	1199879008505	1199879011264
20	1199879014440	1199879018302
20	1199879025198	1199879032538
20	1199879042846	1199879049727
20	1199879050477	1199879054235
20	1199879056420	1199879071269
20	1199879075274	1199879088352
20	1199879096440	1199879100180
20	1199879101535	1199879117253
20	1199879123605	1199879134685
20	1199879135700	1199879141677
20	1199879147270	1199879156334
20	1199879183303	1199879187463
20	1199879194568	1199879202686
20	1199879207950	1199879212788
20	1199879287476	1199879290523
20	1199879473455	1199879477468
20	1199879487741	1199879492569
20	1199879501723	1199879504885
20	1199879506470	1199879513930
20	1199879542119	1199879544398
20	1199879550252	1199879552679
20	1199879553567	1199879569745
20	1199879671122	1199879678264
20	1199879678276	1199879680570
20	1199880021359	1199880028405
20	1199880097429	1199880099295
20	1199880125238	1199880127259
20	1199880152243	1199880154815
20	1199880181768	1199880186317
20	1199880194971	1199880197124
20	1199880339598	1199880342279
20	1199880342519	1199880346296
20	1199880405221	1199880409336
20	1199880414293	1199880417720
20	1199880454264	1199880461209
20	1199880469431	1199880473300
20	1199880479563	1199880480826
20	1199880520641	1199880524313
20	1199880537420	1199880538793
20	1199880539789	1199880542132
20	1199880578730	1199880581446
20	1199880588516	1199880595922
20	1199880596802	1199880603719
20	1199880603816	1199880610127
20	1199880613262	1199880621876
20	1199880649961	1199880656908
20	1199880679434	1199880682571
20	1199880692904	1199880696966
20	1199880697215	1199880699255
20	1199880708158	1199880711350
20	1199880713367	1199880751242
20	1199880754235	1199880764577
20	1199880765960	1199880779349
20	1199880806774	1199880815742
20	1199880822252	1199880828472
20	1199880837434	1199880844719
20	1199881208258	1199881215253
20	1199881221235	1199881230305
20	1199881264891	1199881266959
20	1199881269134	1199881270407
20	1199881278996	1199881281311
20	1199881290277	1199881292219
20	1199881306277	1199881309635
20	1199881321295	1199881323411
20	1199881385747	1199881389350
20	1199881444489	1199881447152
20	1199881495257	1199881496648
20	1199881559498	1199881566561
20	1199881568407	1199881573594
20	1199881580642	1199881583217
20	1199881633558	1199881636984
20	1199881665862	1199881667915
20	1199881673598	1199881676355
20	1199881743197	1199881745688
20	1199881818732	1199881823447
20	1199881852357	1199881855802
20	1199881877861	1199881880282
20	1199881933957	1199881936130
20	1199881995551	1199881998936
20	1199882054737	1199882063714
20	1199882071234	1199882077887
20	1199882135755	1199882136931
20	1199882137311	1199882143868
20	1199882152185	1199882158564
20	1199882262742	1199882267581
20	1199882268991	1199882272838
20	1199882297714	1199882299812
20	1199882303212	1199882312625
20	1199882362501	1199882369365
20	1199882538709	1199882540408
20	1199882544799	1199882549358
20	1199882593792	1199882596197
20	1199882598301	1199882600929
20	1199882631161	1199882634342
20	1199882634923	1199882637241
20	1199882685367	1199882692894
20	1199882726305	1199882729749
20	1199882756807	1199882760379
20	1199882828308	1199882829521
20	1199882834761	1199882836989
20	1199882967729	1199882975144
20	1199882986911	1199882991264
20	1199883506233	1199883508329
20	1199883510367	1199883512792
20	1199883533235	1199883535198
20	1199883648699	1199883652678
20	1199883654260	1199883657359
20	1199883748907	1199883750736
20	1199883778815	1199883781245
20	1199883788365	1199883795507
20	1199884621391	1199884624166
20	1199884633630	1199884638353
20	1199884798352	1199884808449
20	1199885352433	1199885354488
20	1199885358565	1199885364309
20	1199885533920	1199885541254
20	1199885643257	1199885658335
20	1199885779419	1199885784260
20	1199885820993	1199885825758
20	1199885842349	1199885853947
20	1199885910769	1199885914606
20	1199885991958	1199886002509
20	1199886008579	1199886018836
20	1199886090657	1199886100399
20	1199886117292	1199886123189
20	1199886157715	1199886163794
20	1199886196876	1199886202691
20	1199886208894	1199886215836
20	1199886221508	1199886226918
20	1199886260663	1199886267341
20	1199886301809	1199886321296
20	1199886326632	1199886332617
20	1199886338273	1199886343400
20	1199886461156	1199886463420
20	1199886801560	1199886804823
20	1199886805477	1199886807402
20	1199886888677	1199886891120
20	1199887263637	1199887264255
20	1199887264974	1199887267265
20	1199887711845	1199887721195
20	1199887728191	1199887732552
20	1199888344368	1199888353337
20	1199888511134	1199888514312
20	1199888528130	1199888543772
20	1199888544380	1199888548385
20	1199888565279	1199888565671
20	1199888639113	1199888641376
20	1199888647239	1199888650283
20	1199888893924	1199888896338
20	1199888898290	1199888900514
20	1199889007281	1199889009618
20	1199889026354	1199889028204
20	1199889239614	1199889251440
20	1199889279388	1199889288943
20	1199889302143	1199889305528
20	1199889306248	1199889307527
20	1199889308245	1199889310151
20	1199889313276	1199889316702
20	1199889321510	1199889330271
20	1199889333374	1199889338117
20	1199889377633	1199889384396
20	1199889387809	1199889390313
20	1199889411244	1199889415337
20	1199889420355	1199889422700
20	1199889422964	1199889426202
20	1199890731767	1199890734408
20	1199890745944	1199890748176
20	1199890758327	1199890760246
20	1199890784312	1199890784765
20	1199891149431	1199891151244
20	1199891187128	1199891189213
20	1199896643851	1199896645148
20	1199896669365	1199896670598
20	1199896670770	1199896674297
20	1199896696760	1199896699160
20	1199898064351	1199898068428
20	1199898113631	1199898116787
20	1199898125515	1199898130297
20	1199898130673	1199898140801
20	1199898140962	1199898144412
20	1199898166898	1199898172724
20	1199898183161	1199898192334
21	1199870262898	1199870266677
21	1199871438294	1199871439968
21	1199871441482	1199871443782
21	1199871509351	1199871514732
21	1199871567348	1199871572300
21	1199871578586	1199871584789
21	1199871622517	1199871629372
21	1199871856550	1199871863271
21	1199871874439	1199871878457
21	1199871891102	1199871895646
21	1199871900512	1199871907271
21	1199871942280	1199871949995
21	1199871952668	1199871955445
21	1199871963102	1199871967226
21	1199871990276	1199871993239
21	1199871994826	1199871996947
21	1199872024920	1199872026912
21	1199872038755	1199872043979
21	1199872046573	1199872048732
21	1199872051211	1199872055176
21	1199872086517	1199876614238
21	1199876617678	1199876620465
21	1199876968147	1199877075617
21	1199877131526	1199877134162
21	1199877408252	1199877411561
21	1199877430797	1199877433745
21	1199877595678	1199877598293
21	1199877644528	1199877647335
21	1199877673444	1199877767478
21	1199878054676	1199878065100
21	1199878085218	1199878089792
21	1199878410904	1199878414267
21	1199878420220	1199878423668
21	1199878655492	1199878658829
21	1199878691353	1199878695713
21	1199878700114	1199878703578
21	1199878946812	1199878949954
21	1199878996785	1199879000193
21	1199879023953	1199879028277
21	1199879113886	1199879118265
21	1199879139231	1199879142693
21	1199879145887	1199879149378
21	1199879193705	1199879196735
21	1199879200371	1199879203655
21	1199879207310	1199879210230
21	1199879288502	1199879292829
21	1199879472895	1199879475565
21	1199879561829	1199879569294
21	1199879669596	1199879676247
21	1199880415274	1199880420704
21	1199880456815	1199880465364
21	1199880467539	1199880482555
21	1199880490651	1199880496666
21	1199880615158	1199880620201
21	1199880668651	1199880675185
21	1199880691264	1199880694745
21	1199880772376	1199880777419
21	1199880820260	1199880823981
21	1199881206434	1199881210520
21	1199882688483	1199882693157
21	1199882724214	1199882728735
21	1199882782986	1199882785340
21	1199882816657	1199882819784
21	1199882855258	1199882858559
21	1199883521763	1199883526657
21	1199883530569	1199883535370
21	1199883539504	1199883545592
21	1199883552368	1199883556615
21	1199883791884	1199883796435
21	1199885348452	1199885352817
21	1199885532123	1199885535503
21	1199886006781	1199886010369
21	1199886089176	1199886092795
21	1199886117483	1199886123397
21	1199886156649	1199886159679
21	1199886210927	1199886214387
21	1199886261166	1199886266129
21	1199887712713	1199887717800
21	1199888508963	1199888517699
21	1199888524682	1199888528862
21	1199889247206	1199889251269
21	1199890801746	1199890806736
21	1199891152299	1199891163226
21	1199891163841	1199891172897
21	1199896697697	1199896704947
21	1199896705163	1199896715761
21	1199896730472	1199896731760
21	1199896733162	1199896740487
21	1199896744664	1199896749895
21	1199896752304	1199896759318
21	1199896764847	1199896770131
21	1199896770569	1199896778221
21	1199896779561	1199896783843
21	1199896812998	1199896815850
21	1199896822512	1199896830809
21	1199896892464	1199896912707
21	1199896919627	1199896924984
21	1199896929297	1199896932311
21	1199896933880	1199896935159
21	1199897891133	1199897892318
21	1199897893611	1199897898850
21	1199897915940	1199897921840
21	1199897942629	1199897949276
21	1199897988591	1199897990873
21	1199897991652	1199897992948
21	1199898000813	1199898006615
21	1199898020841	1199898022974
21	1199898063361	1199898073348
21	1199898113920	1199898123775
21	1199898184128	1199898189210
22	1199870259179	1199870261918
22	1199871402630	1199871405621
22	1199871421331	1199871423231
22	1199871501329	1199871506290
22	1199871508185	1199871514488
22	1199871567739	1199871572591
22	1199871577106	1199871582307
22	1199871609941	1199871612897
22	1199871744776	1199871747526
22	1199871902536	1199871905686
22	1199871933450	1199871935369
22	1199871941257	1199871944709
22	1199872041739	1199872046181
22	1199872072870	1199872077513
22	1199872087745	1199872090515
22	1199874849597	1199874852908
22	1199875029761	1199875032420
22	1199875053856	1199875059292
22	1199876609184	1199876612135
22	1199876618657	1199876620679
22	1199876969830	1199876971731
22	1199877132426	1199877134782
22	1199877338834	1199877341327
22	1199877532286	1199877534717
22	1199877606395	1199877609243
22	1199877762310	1199877764437
22	1199878056363	1199878059380
22	1199878061695	1199878063684
22	1199878411864	1199878415151
22	1199878419388	1199878422442
22	1199878656405	1199878658982
22	1199878661786	1199878664810
22	1199878692337	1199878695209
22	1199878699493	1199878702322
22	1199878741697	1199878744769
22	1199878945943	1199878948793
22	1199878978137	1199878980958
22	1199878984195	1199878987409
22	1199878989961	1199878992360
22	1199878996317	1199878999429
22	1199879016870	1199879020468
22	1199879023400	1199879026294
22	1199879115366	1199879117796
22	1199879122377	1199879124477
22	1199879139625	1199879142183
22	1199879145122	1199879147752
22	1199879186877	1199879188598
22	1199879192761	1199879195719
22	1199879200615	1199879203278
22	1199879205930	1199879208822
22	1199879289435	1199879292563
22	1199879472416	1199879474542
22	1199879565943	1199879568927
22	1199879668944	1199879671650
22	1199880417798	1199880420212
22	1199880458369	1199880465613
22	1199880492402	1199880495427
22	1199880616448	1199880619838
22	1199880648553	1199880650857
22	1199880670869	1199880674625
22	1199880677309	1199880680576
22	1199880681595	1199880684781
22	1199880690410	1199880694248
22	1199880767506	1199880771536
22	1199880773782	1199880777410
22	1199880811703	1199880815292
22	1199880840732	1199880844693
22	1199880845970	1199880848907
22	1199881204725	1199881209403
22	1199882862747	1199882865675
22	1199883520904	1199883523770
22	1199883542464	1199883545329
22	1199883551335	1199883553721
22	1199883558695	1199883561663
22	1199883792933	1199883795995
22	1199885067739	1199885069961
22	1199885361930	1199885364100
22	1199885787967	1199885791476
22	1199885818703	1199885821299
22	1199886006209	1199886009527
22	1199886088638	1199886091238
22	1199886119723	1199886123701
22	1199886155652	1199886159492
22	1199886212554	1199886214896
22	1199886219646	1199886223318
22	1199886262703	1199886266302
22	1199886299166	1199886304539
22	1199888351409	1199888354433
22	1199888508764	1199888510787
22	1199888524595	1199888526651
22	1199890803162	1199890806405
22	1199890920546	1199890926590
22	1199891173566	1199891175251
22	1199891204198	1199891206151
22	1199896654902	1199896657330
22	1199897154827	1199897161572
22	1199897167307	1199897172504
22	1199897173438	1199897175522
22	1199897179707	1199897186718
22	1199897187251	1199897190760
22	1199897191200	1199897193969
22	1199897194712	1199897196991
22	1199897201288	1199897201690
22	1199897208542	1199897212462
22	1199897213526	1199897218328
22	1199897220178	1199897222312
22	1199897226118	1199897227406
22	1199897243936	1199897264580
22	1199897264812	1199897274680
22	1199897278849	1199897308143
22	1199897309866	1199897330732
22	1199897341435	1199897345794
22	1199897346634	1199897390223
22	1199897390383	1199897397757
22	1199897398638	1199897419221
22	1199897419972	1199897436692
22	1199897439292	1199897453932
22	1199897456391	1199897458193
22	1199897458353	1199897480496
22	1199897480649	1199897497302
22	1199897497814	1199897521453
22	1199897521819	1199897577693
22	1199897580734	1199897630265
22	1199897632348	1199897635641
22	1199897636370	1199897697294
22	1199897698374	1199897702300
22	1199897704492	1199897708512
22	1199897708691	1199897713922
22	1199897717104	1199897724264
22	1199897724868	1199897728356
22	1199897730209	1199897730795
22	1199897731990	1199897750910
22	1199897759501	1199897776380
22	1199897779278	1199897782344
22	1199897784512	1199897806220
22	1199897806468	1199897808753
22	1199897810219	1199897825754
22	1199897826739	1199897860968
22	1199897861958	1199897873916
22	1199897874947	1199897881378
22	1199897883196	1199897885434
22	1199897885939	1199897900281
22	1199897905257	1199897918401
22	1199897921829	1199897928295
22	1199897932394	1199897935105
22	1199897941686	1199897944813
22	1199897945253	1199897952709
22	1199897955591	1199897959122
22	1199897974380	1199897980139
22	1199897985674	1199897993198
22	1199898000395	1199898017303
22	1199898017742	1199898020160
22	1199898025742	1199898034319
22	1199898051310	1199898057836
22	1199898070208	1199898072998
22	1199898080721	1199898085331
22	1199898116422	1199898121350
23	1199871419172	1199871422234
23	1199871503872	1199871514241
23	1199871568762	1199871574311
23	1199871610730	1199871615581
23	1199871903814	1199871909197
23	1199871939263	1199871941640
23	1199872055645	1199872060341
23	1199872088431	1199874725940
23	1199875002439	1199875004455
23	1199875013673	1199875016412
23	1199875808574	1199875811694
23	1199876618909	1199876621695
23	1199876955110	1199876957785
23	1199876969619	1199876973363
23	1199877071355	1199877073998
23	1199877133390	1199877135513
23	1199877249227	1199877251913
23	1199877338194	1199877340840
23	1199877524420	1199877526675
23	1199877532582	1199877535560
23	1199877607131	1199877609797
23	1199877611290	1199877614764
23	1199878056897	1199878060642
23	1199878412696	1199878416473
23	1199878418645	1199878421460
23	1199878656675	1199878659619
23	1199878661247	1199878663908
23	1199878742721	1199878746700
23	1199878945361	1199878948178
23	1199878979467	1199878982834
23	1199878990336	1199878994317
23	1199879115990	1199879118505
23	1199879140396	1199879142944
23	1199879187222	1199879190470
23	1199879192892	1199879194839
23	1199879290113	1199879293219
23	1199879471510	1199879473743
23	1199879667630	1199879670623
23	1199880418217	1199880420951
23	1199880493286	1199880497301
23	1199880618221	1199880641381
23	1199880669414	1199880671233
23	1199880672194	1199880674946
23	1199880689632	1199880692659
23	1199880799998	1199880803111
23	1199880841242	1199880849958
23	1199880852350	1199880861185
23	1199880862313	1199880868880
23	1199880870855	1199880878368
23	1199880900740	1199880903542
23	1199880903790	1199880907341
23	1199880934431	1199880941251
23	1199880963186	1199880966250
23	1199881116827	1199881117262
23	1199881139919	1199881143739
23	1199881189485	1199881194394
23	1199882192719	1199882195148
23	1199882251239	1199882255178
23	1199882344580	1199882349103
23	1199882352684	1199882356184
23	1199882360391	1199882369684
23	1199882421131	1199882423130
23	1199882863300	1199882866438
23	1199883519267	1199883522582
23	1199883543561	1199883546110
23	1199883559446	1199883562489
23	1199883794462	1199883798268
23	1199884615706	1199884618653
23	1199884881652	1199884883999
23	1199884982583	1199884988222
23	1199884989462	1199884992939
23	1199884997255	1199885001577
23	1199885001870	1199885004296
23	1199885006447	1199885009439
23	1199885013853	1199885021677
23	1199885022581	1199885025878
23	1199885038106	1199885042289
23	1199885065524	1199885093277
23	1199885100252	1199885116207
23	1199885118579	1199885143914
23	1199885145670	1199885154483
23	1199885155296	1199885171397
23	1199885174808	1199885182327
23	1199885184250	1199885204727
23	1199885204927	1199885211829
23	1199885213887	1199885235465
23	1199885236208	1199885264598
23	1199885264826	1199885267759
23	1199885269222	1199885278992
23	1199885281748	1199885284921
23	1199885287409	1199885289875
23	1199885290164	1199885295146
23	1199885297482	1199885301287
23	1199885318291	1199885321816
23	1199885323691	1199885329320
23	1199885331841	1199885335368
23	1199885342352	1199885348689
23	1199885362769	1199885366629
23	1199885817474	1199885820248
23	1199886017926	1199886019301
23	1199886087487	1199886090367
23	1199886213678	1199886216938
23	1199887226221	1199887228356
23	1199887709534	1199887710742
23	1199888352154	1199888355658
23	1199888507172	1199888509159
23	1199888516176	1199888518343
23	1199888522482	1199888525859
23	1199890091206	1199890093419
23	1199890919628	1199890922417
23	1199894811796	1199894814419
23	1199894840163	1199894842531
23	1199896647200	1199896650207
23	1199896660665	1199896674805
23	1199896679428	1199896684250
23	1199896686309	1199896698435
23	1199896701485	1199896702804
23	1199896702990	1199896721554
23	1199896722889	1199896747922
23	1199896787197	1199896790742
23	1199896885196	1199896888332
23	1199896888771	1199896890752
23	1199896892307	1199896895275
23	1199897061677	1199897067173
23	1199898002241	1199898010472
23	1199898030781	1199898043688
23	1199898071927	1199898074138
23	1199898079281	1199898082433
24	1199870256968	1199870259483
24	1199871401125	1199871404279
24	1199871418287	1199871422538
24	1199871507680	1199871509599
24	1199871569816	1199871575570
24	1199871575946	1199871578829
24	1199871612353	1199871616531
24	1199871642517	1199871647100
24	1199871652448	1199871655212
24	1199871657758	1199871669308
24	1199871744307	1199871745690
24	1199871924272	1199871927336
24	1199872056553	1199872060706
24	1199872064778	1199872068880
24	1199874665861	1199874668303
24	1199874759745	1199874761953
24	1199874771865	1199874775920
24	1199874999398	1199875001282
24	1199875001661	1199875003238
24	1199875336196	1199875341392
24	1199875906233	1199875909286
24	1199876954595	1199876956556
24	1199877070631	1199877073352
24	1199877226644	1199877229515
24	1199877249755	1199877252951
24	1199877522839	1199877524934
24	1199877534417	1199877536632
24	1199878467736	1199878470228
24	1199879018833	1199879022268
24	1199879116756	1199879120160
24	1199879533124	1199879535804
24	1199879536176	1199879540383
24	1199879666510	1199879669996
24	1199880419128	1199880425903
24	1199880429101	1199880431519
24	1199880435715	1199880441298
24	1199880444648	1199880448360
24	1199880494542	1199880497817
24	1199880638159	1199880639287
24	1199880643267	1199880645405
24	1199880649223	1199880652352
24	1199880684419	1199880687711
24	1199880703297	1199880705700
24	1199880769427	1199880772760
24	1199880774166	1199880777825
24	1199881054893	1199881057717
24	1199881145339	1199881148567
24	1199882182317	1199882184389
24	1199882193542	1199882196163
24	1199882237322	1199882241392
24	1199882348542	1199882354705
24	1199882422623	1199882425129
24	1199882632443	1199882635552
24	1199882772172	1199882774991
24	1199882864913	1199882866169
24	1199883518172	1199883520360
24	1199883550285	1199883550576
24	1199884614569	1199884617101
24	1199885484427	1199885490441
24	1199885491394	1199885501347
24	1199885501457	1199885505388
24	1199885507242	1199885512783
24	1199885515720	1199885529166
24	1199885529727	1199885534954
24	1199886018606	1199886021688
24	1199886768671	1199886770953
24	1199887217419	1199887222364
24	1199887226622	1199887229299
24	1199887704354	1199887707121
24	1199888503605	1199888507699
24	1199888517187	1199888519885
24	1199889189532	1199889194451
24	1199889272596	1199889275957
24	1199889405690	1199889409765
24	1199890087247	1199890089299
24	1199890833656	1199890836974
24	1199890838783	1199890843472
24	1199891069480	1199891071155
24	1199891207909	1199891210956
24	1199896630492	1199896632852
24	1199896634644	1199896637614
24	1199897048386	1199897052599
24	1199897055101	1199897059731
24	1199897144940	1199897150357
24	1199898058200	1199898062398
24	1199898071607	1199898076345
24	1199898078170	1199898080221
25	1199869341294	1199869344880
25	1199869345705	1199869351127
25	1199871572547	1199871579202
25	1199871614763	1199871621534
25	1199871639533	1199871653765
25	1199871735762	1199871737952
25	1199871738818	1199880435765
25	1199880442543	1199880807327
25	1199882519409	1199882522320
25	1199885786519	1199885788912
25	1199886768878	1199886770903
25	1199886772216	1199886775244
25	1199887467527	1199887472429
25	1199896926712	1199896929464
26	1199865561345	1199865567643
26	1199865585769	1199865587954
26	1199865593441	1199865596939
26	1199869335546	1199869337734
26	1199869339386	1199869342842
26	1199871647476	1199871650860
26	1199871653727	1199871658432
26	1199871662724	1199871667306
26	1199871686332	1199871687441
26	1199871693616	1199871698938
26	1199871733126	1199871737421
26	1199871739202	1199871745412
26	1199878531335	1199878535798
26	1199878666218	1199878670120
26	1199880776662	1199880779805
26	1199880796279	1199880801278
26	1199880802164	1199880805369
26	1199886755404	1199886760147
26	1199886763340	1199886770700
26	1199886771145	1199886774878
26	1199886775901	1199886783105
26	1199886807230	1199886808414
26	1199886809311	1199886811438
26	1199886812552	1199886814425
26	1199886820622	1199886824614
26	1199886825994	1199886828317
26	1199887031150	1199887035539
26	1199896929627	1199896935776
27	1199874843538	1199874850707
27	1199875817357	1199875818660
27	1199878698595	1199878700346
27	1199881092838	1199881096604
27	1199884803879	1199884810301
27	1199884838483	1199884842452
27	1199884844220	1199884849213
27	1199884870916	1199884880524
27	1199884929427	1199884930607
27	1199885306346	1199885307473
27	1199885307905	1199885309969
27	1199885532582	1199885536183
27	1199886121138	1199886124453
27	1199886154841	1199886158420
27	1199886263511	1199886267513
27	1199887711665	1199887715732
27	1199888367751	1199888369610
27	1199889897982	1199889901706
27	1199891139892	1199891152522
27	1199891153709	1199891158786
27	1199891168243	1199891169145
27	1199894809304	1199894813556
27	1199894834979	1199894843779
27	1199896653487	0
28	1199865565709	1199865568328
28	1199865582226	1199865584520
28	1199870258430	1199870260966
28	1199871502716	1199871512519
28	1199874723615	1199874725685
28	1199874730582	1199874733841
28	1199875014824	1199875018396
28	1199875021578	1199875023553
28	1199875809494	1199875820605
28	1199875892535	1199875895440
28	1199875896240	1199875898985
28	1199875945958	1199875947910
28	1199876339773	1199876342535
28	1199876362193	1199876364815
28	1199878693718	1199878702906
28	1199879202651	1199879204553
28	1199879711753	1199879714472
28	1199880618504	1199880623258
28	1199880660738	1199880663522
28	1199880722656	1199880725216
28	1199880775694	1199880781383
28	1199880813359	1199880816364
28	1199880817491	1199880822880
28	1199880843795	1199880847323
28	1199880875921	1199880877735
28	1199880900372	1199880902532
28	1199880905629	1199880912109
28	1199880912769	1199880916226
28	1199880917377	1199880918532
28	1199880932875	1199880935298
28	1199880942116	1199880946616
28	1199880949362	1199880951576
28	1199880960183	1199880968351
28	1199880980127	1199880993193
28	1199881003993	1199881009400
28	1199881011426	1199881017340
28	1199881017963	1199881026286
28	1199881034322	1199881036352
28	1199881037736	1199881041974
28	1199881045213	1199881047357
28	1199881078709	1199881083781
28	1199881085747	1199881087336
28	1199881096852	1199881104294
28	1199881115828	1199881119397
28	1199881121287	1199881123179
28	1199881164607	1199881166797
28	1199881170305	1199881172320
28	1199881179303	1199881180110
28	1199881188132	1199881191300
28	1199881191809	1199881195328
28	1199881199685	1199881200868
28	1199881201886	1199881204330
28	1199884202548	1199884205416
28	1199884270453	1199884273260
28	1199884878241	1199884886822
28	1199884895318	1199884903477
28	1199884905267	1199884922841
28	1199884924972	1199884939611
28	1199884944443	1199884948835
28	1199884949105	1199884953416
28	1199884957463	1199884961372
28	1199884974472	1199884980585
28	1199884981431	1199884987223
28	1199885281768	1199885284439
28	1199885407357	1199885410116
28	1199885532354	1199885533488
28	1199885789367	1199885794455
28	1199886219339	1199886221228
28	1199887696679	1199887700412
28	1199887711432	1199887715346
28	1199888367945	1199888370730
28	1199888781710	1199888786293
28	1199889898838	1199889901452
28	1199890805810	1199890809347
28	1199890924220	1199890930263
28	1199891115407	1199891117294
28	1199891214686	1199891217614
28	1199894793683	1199894795731
28	1199895004927	1199895008621
28	1199896640556	1199896642656
28	1199896922528	1199896924823
28	1199897065311	1199897068179
28	1199897084642	1199897088785
28	1199897108126	1199897112500
28	1199897305742	1199897307649
28	1199897809839	1199897813251
28	1199897889898	1199897891397
28	1199897900433	1199897901634
28	1199898039333	1199898041326
28	1199898070371	1199898074514
29	1199869327809	1199869335826
29	1199871907637	1199871910469
29	1199875896903	1199875900522
29	1199876338711	1199876365613
29	1199878418335	1199878418892
29	1199879141929	1199879145632
29	1199879188847	1199879190935
29	1199879292282	1199879298912
29	1199879711352	1199880643621
29	1199880721562	1199880724364
29	1199882328338	1199882329749
29	1199882367879	1199882372276
29	1199882630698	1199882632761
29	1199883797441	1199883798652
29	1199884203575	1199884206697
29	1199884208704	1199884213301
29	1199884269334	1199884272265
29	1199885816127	1199885817883
29	1199886520784	1199886527255
29	1199886527759	1199886532343
29	1199887216779	1199887218854
29	1199888354188	1199888355776
29	1199888368722	1199888371511
29	1199888780623	1199889257330
29	1199889899572	1199889902346
29	1199890086486	1199890088358
29	1199890835628	1199890837156
29	1199896914886	1199896916798
29	1199896919915	1199896922199
29	1199897017463	1199897021408
29	1199897023727	1199897043113
29	1199897074547	1199897084188
29	1199897090361	1199897093516
29	1199897099305	1199897105982
29	1199897108486	1199897113277
29	1199897116389	1199897119764
29	1199897119980	1199897128189
29	1199897128870	1199897143317
30	1199869327144	1199869332291
30	1199869332792	1199869336464
30	1199869377918	1199869383771
30	1199869495157	1199869500298
30	1199871193316	1199871195895
30	1199871571269	1199871577443
30	1199871645460	1199871647848
30	1199871701473	1199871703688
30	1199871908406	1199871912637
30	1199872058314	1199872061331
30	1199872062603	1199872067275
30	1199872075372	1199872078253
30	1199872090800	1199872099895
30	1199874664664	1199874666656
30	1199874760114	1199874764121
30	1199875335147	1199875342311
30	1199875891107	1199875893975
30	1199875897725	1199875910886
30	1199876363910	1199876367366
30	1199876606471	1199876609983
30	1199876620933	1199876623856
30	1199876954302	1199876974104
30	1199877069384	1199877071974
30	1199877134394	1199877137282
30	1199877226259	1199877253750
30	1199877337305	1199877339344
30	1199877534984	1199877537853
30	1199878467331	1199878469346
30	1199878658714	1199878663294
30	1199878745453	1199878748324
30	1199878981222	1199878984442
30	1199878992737	1199878997430
30	1199879189874	1199879193425
30	1199879294151	1199879300335
30	1199879531337	1199879535559
30	1199879538442	1199879541488
30	1199879664501	1199879668686
30	1199879710384	1199879713863
30	1199880427677	1199880499821
30	1199880648416	1199880650601
30	1199880662802	1199880667234
30	1199880701418	1199880704233
30	1199880721149	1199880723240
30	1199880798410	1199880800944
30	1199881055997	1199881060262
30	1199881143503	1199882184176
30	1199882194750	1199882197336
30	1199882236410	1199882256408
30	1199882516367	1199882517570
30	1199882771305	1199882774758
30	1199882865923	1199882870365
30	1199883516284	1199883521691
30	1199883545873	1199883564556
30	1199883796819	1199883800212
30	1199884210148	1199884219560
30	1199884268438	1199884271548
30	1199885409374	1199885412964
30	1199885483240	1199885488571
30	1199885782865	1199885784641
30	1199885797631	1199885800801
30	1199885815390	1199885818916
30	1199886000286	1199886007221
30	1199886020165	1199886023392
30	1199886085398	1199886088159
30	1199886520151	1199886525272
30	1199886752195	1199886755593
30	1199886827241	1199886831338
30	1199887216363	1199887219278
30	1199887702873	1199887706660
30	1199888354189	1199888357169
30	1199888369426	1199888372295
30	1199888501573	1199888505764
30	1199888518643	1199888523490
30	1199888780135	1199889194625
30	1199889255503	1199889258348
30	1199889271243	1199889274922
30	1199889900381	1199889903470
30	1199890085886	1199890088650
30	1199890835246	1199890840435
30	1199890918246	1199890921314
30	1199890928604	1199890931803
30	1199891217813	1199891220434
30	1199896628354	1199896631537
30	1199897014330	1199897018472
30	1199897070478	1199897076443
30	1199898072571	1199898080583
31	1199863340339	1199863342457
31	1199863597806	1199863606226
31	1199863895691	1199863909260
31	1199865068233	1199865069911
31	1199865327192	1199865329233
31	1199865541226	1199865544268
31	1199865598962	1199865600477
31	1199868555743	1199868557638
31	1199868728319	1199868737249
31	1199868975281	1199868980606
31	1199869260304	1199869262990
31	1199869349854	1199869355295
31	1199869375852	1199869381251
31	1199869408661	1199869411554
31	1199869440807	1199869445571
31	1199869445931	1199869473734
31	1199869488840	1199869519250
31	1199869528110	1199869534287
31	1199869541712	1199869545146
31	1199869545518	1199869573460
31	1199869582215	1199869596224
31	1199869602282	1199869610333
31	1199869614799	1199869634258
31	1199869641287	1199869653832
31	1199869655284	1199869656284
31	1199869658252	1199869676390
31	1199869690122	1199869697458
31	1199869703602	1199869707657
31	1199869709314	1199869725142
31	1199869763704	1199869765906
31	1199869792963	1199869797465
31	1199869802745	1199869806328
31	1199869941671	1199869945483
31	1199870129957	1199870136735
31	1199870253938	1199870678457
31	1199870741235	1199870742860
31	1199870748470	1199870751642
31	1199870858954	1199870864122
31	1199871154198	1199871157290
31	1199871608579	1199871619822
31	1199871911350	1199871922910
31	1199872093119	1199872101298
31	1199872106773	1199872109887
31	1199872116940	1199872119173
31	1199873121270	1199873123617
31	1199873400777	1199873403924
31	1199873414365	1199873516126
31	1199874187356	1199874195334
31	1199874661299	1199874666915
31	1199874984454	1199875008297
31	1199875022816	1199875028509
31	1199875333590	1199875336499
31	1199876597441	1199876609454
31	1199877232558	1199878106549
31	1199878527323	1199878532120
31	1199879298256	1199879302357
31	1199879467463	1199879470505
31	1199879627113	1199879630868
31	1199879708689	1199879712281
31	1199880497557	1199880500978
31	1199880568220	1199880579623
31	1199882318921	1199882361106
31	1199882365711	1199882372512
31	1199882390144	1199882392555
31	1199882398182	1199882406347
31	1199882424857	1199882428402
31	1199882430397	1199882456670
31	1199882459629	1199882464877
31	1199882468828	1199882474470
31	1199882475414	1199882481352
31	1199882494968	1199882499137
31	1199882500958	1199882507976
31	1199882509361	1199882549713
31	1199882554150	1199882556321
31	1199882576947	1199882587274
31	1199882619954	1199882625287
31	1199882677157	1199882683267
31	1199882685773	1199882688970
31	1199882697352	1199882702419
31	1199882743260	1199882745716
31	1199882947906	1199882952106
31	1199883049322	1199883051497
31	1199885387750	1199885395207
31	1199885408708	1199885414180
31	1199885479523	1199885484670
31	1199885773112	1199885777771
31	1199885779219	1199885783708
31	1199885798666	1199885801642
31	1199885813917	1199885816910
31	1199886021120	1199886025702
31	1199886045361	1199886049333
31	1199886083927	1199886086959
31	1199886750894	1199886757152
31	1199887028324	1199887030686
31	1199887318509	1199887321206
31	1199887464499	1199887467407
31	1199887892921	1199887895138
31	1199888355312	1199888358784
31	1199889192706	1199889195274
31	1199889901231	1199889904468
31	1199890084446	1199890087454
31	1199890916629	1199890919318
31	1199891064435	1199891067728
31	1199891071373	1199891073378
31	1199891111953	1199891127328
31	1199891160266	1199891162386
31	1199891181161	1199891221941
31	1199891338703	1199891341202
31	1199894472769	1199894475904
31	1199894552882	1199894556590
31	1199894619176	1199894621228
31	1199894690847	1199894693365
31	1199894738941	1199894741836
31	1199896626362	1199896629422
31	1199896937622	1199896942601
31	1199898074302	1199898078949
32	1199863896872	1199863898183
32	1199863902360	1199863904602
32	1199863912291	1199863914796
32	1199865068594	1199865070479
32	1199865326839	1199865331312
32	1199868565212	1199868568908
32	1199868727866	1199868730434
32	1199868936658	1199868939305
32	1199868970356	1199868973251
32	1199868973871	1199868976734
32	1199869262339	1199869267852
32	1199869350103	1199869355931
32	1199869375612	1199869376926
32	1199869404701	1199869407408
32	1199869670325	1199869693882
32	1199869717182	1199869724909
32	1199869726495	1199869734535
32	1199869737545	1199869745621
32	1199869750988	1199869752771
32	1199869753916	1199869755838
32	1199869760372	1199869762168
32	1199869763451	1199869769624
32	1199869772671	1199869777267
32	1199869789744	1199869791481
32	1199869792583	1199869797959
32	1199869799369	1199869801835
32	1199869802954	1199869810730
32	1199869823516	1199869826267
32	1199869837209	1199869840518
32	1199869940804	1199869943954
32	1199870132514	1199870135321
32	1199870670774	1199870673238
32	1199870741471	1199870743222
32	1199870747811	1199870751276
32	1199870862350	1199870865323
32	1199871044916	1199871048473
32	1199871155708	1199871159264
32	1199871191299	1199871195387
32	1199871416415	1199871418663
32	1199871645805	1199871657494
32	1199871909950	1199871916232
32	1199871916496	1199871920341
32	1199872076138	1199872079541
32	1199872107900	1199872111359
32	1199872115933	1199872119549
32	1199872238604	1199872240475
32	1199873121526	1199873123807
32	1199873401677	1199873405215
32	1199873413477	1199873418288
32	1199873512326	1199873515598
32	1199874187633	1199874189473
32	1199874765123	1199874772365
32	1199874985486	1199874987313
32	1199875002283	1199875005116
32	1199875890571	1199875900842
32	1199876364550	1199876366776
32	1199876599807	1199876607895
32	1199876622884	1199876624389
32	1199876951786	1199876954866
32	1199877068128	1199877071119
32	1199877224643	1199877228324
32	1199877233457	1199877236998
32	1199877335707	1199877339603
32	1199877520711	1199877522583
32	1199877535792	1199877538850
32	1199877549854	1199877551713
32	1199877551961	1199877555158
32	1199878104480	1199878107575
32	1199878420701	1199878425595
32	1199878540879	1199878544763
32	1199878668962	1199878671389
32	1199878746316	1199878748590
32	1199878756304	1199878763609
32	1199878933224	1199878936334
32	1199879530297	1199879534289
32	1199879570294	1199879572575
32	1199879625306	1199879632361
32	1199880419912	1199880430119
32	1199880493530	1199880495675
32	1199880496324	1199880500592
32	1199880567683	1199880571699
32	1199880688464	1199880694991
32	1199880700783	1199880703969
32	1199882179800	1199882183773
32	1199882195531	1199882197595
32	1199882254776	1199882256907
32	1199882312861	1199882324427
32	1199882335409	1199882336641
32	1199882346631	1199882350138
32	1199882370533	1199882374900
32	1199882424187	1199882428690
32	1199882556717	1199882559846
32	1199882560258	1199882562991
32	1199882564393	1199882566419
32	1199882574924	1199882591379
32	1199882594553	1199882604417
32	1199882622832	1199882624355
32	1199882941303	1199882947294
32	1199882947650	1199882951553
32	1199883562744	1199883567264
32	1199883797971	1199883801603
32	1199883918844	1199883921791
32	1199883922991	1199883924921
32	1199884215170	1199884218386
32	1199884267690	1199884271384
32	1199884612272	1199884615894
32	1199885369375	1199885371702
32	1199885386644	1199885389309
32	1199885390549	1199885395810
32	1199885406677	1199885411878
32	1199885819410	1199885822473
32	1199885879345	1199885881250
32	1199886519191	1199886521916
32	1199886529703	1199886531807
32	1199886749734	1199886756835
32	1199886780550	1199886782270
32	1199886788319	1199886792394
32	1199886820799	1199886825790
32	1199887029834	1199887032882
32	1199887035305	1199887035883
32	1199887215836	1199887219307
32	1199887228124	1199887231698
32	1199887316193	1199887318204
32	1199887392479	1199887394286
32	1199887511380	1199887513195
32	1199887893739	1199887894955
32	1199888370522	1199888373632
32	1199888391761	1199888395339
32	1199888500199	1199888504839
32	1199888505936	1199888527674
32	1199888745738	1199888752415
32	1199888776589	1199888777820
32	1199888778325	1199888783127
32	1199889256524	1199889258736
32	1199889270451	1199889274235
32	1199890836439	1199890839686
32	1199891125462	1199891128432
32	1199891151499	1199891153443
32	1199891183417	1199891185184
32	1199891339874	1199891341839
32	1199891822406	1199891826322
32	1199891829295	1199891831237
32	1199894472257	1199894474656
32	1199894552450	1199894555563
32	1199894619436	1199894622261
32	1199894678640	1199894682787
32	1199894689654	1199894692111
32	1199894739845	1199894742753
32	1199894790938	1199894794723
32	1199895178281	1199895180174
32	1199896627179	1199896629739
32	1199896946362	1199896951902
32	1199896963335	1199896966108
32	1199896974375	1199896980381
32	1199897001690	1199897004593
33	1199865579729	1199865582440
33	1199874732904	1199874736379
33	1199874737317	1199874744397
33	1199874832906	1199874835643
33	1199874844574	1199874846626
33	1199874846998	1199874849330
33	1199875052355	1199875054467
33	1199875894231	1199875898546
33	1199876361325	1199876363134
33	1199879713399	1199879717326
33	1199880621354	1199880627146
33	1199880633349	1199880637310
33	1199880658733	1199880662350
33	1199880723830	1199880727117
33	1199884200575	1199884203762
33	1199884271884	1199884275323
33	1199885405257	1199885408326
33	1199885533691	1199885537231
33	1199886122717	1199886126387
33	1199886154104	1199886156887
33	1199887694170	1199887698595
33	1199887712920	1199887717177
33	1199888366216	1199888369186
33	1199889893376	1199889899907
33	1199890092781	1199890096159
33	1199891138780	1199891140748
33	1199891186311	1199891189684
33	1199891190669	1199891193849
33	1199891194321	1199891196649
33	1199891211900	1199891215135
33	1199894794412	1199894797632
33	1199894807514	1199894812850
33	1199894823890	1199894827546
33	1199894841938	1199894844633
33	1199895003944	1199895005902
33	1199896651759	1199896654735
33	1199898072757	1199898075954
34	1199865571455	1199865573315
34	1199865578897	1199865580777
34	1199874832165	1199874835459
34	1199875033441	1199875036806
34	1199875050635	1199875053484
34	1199879714707	1199879739836
34	1199879744305	1199879749797
34	1199879750480	1199879759341
34	1199879771909	1199879773837
34	1199879914877	1199879916599
34	1199879917824	1199879918317
34	1199879922370	1199879923925
34	1199880177936	1199880181352
34	1199880265878	1199880267913
34	1199880289452	1199880290909
34	1199880291539	1199880295283
34	1199880314716	1199880315190
34	1199880320388	1199880322381
34	1199880408725	1199880411497
34	1199880439383	1199880441676
34	1199880446138	1199880451345
34	1199880473539	1199880476900
34	1199880487980	1199880496509
34	1199880501233	1199880505717
34	1199880563119	1199880565948
34	1199880580395	1199880584342
34	1199880585153	1199880587180
34	1199880587580	1199880592345
34	1199880637898	1199880639967
34	1199880724916	1199880728575
34	1199880731436	1199880737538
34	1199880760754	1199880764949
34	1199880772121	1199880774952
34	1199880866410	1199880869864
34	1199880901676	1199880902910
34	1199880908778	1199880911859
34	1199881044780	1199881047613
34	1199881094332	1199881096104
34	1199881121902	1199881124469
34	1199881125771	1199881128307
34	1199881170806	1199881173333
34	1199881192453	1199881196392
34	1199881221482	1199881223362
34	1199881373766	1199881374445
34	1199881387563	1199881391346
34	1199881394959	1199881400284
34	1199881417465	1199881425323
34	1199881428677	1199881438439
34	1199881440905	1199881445756
34	1199881472917	1199881474763
34	1199881476599	1199881478963
34	1199881485338	1199881486716
34	1199881495873	1199881498551
34	1199881502321	1199881503937
34	1199881512248	1199881514286
34	1199881533964	1199881537591
34	1199881553247	1199881555939
34	1199881571561	1199881573349
34	1199881629451	1199881638340
34	1199881689272	1199881695383
34	1199881722126	1199881724257
34	1199881727810	1199881729128
34	1199881801570	1199881804312
34	1199881831579	1199881835279
34	1199881880546	1199881884338
34	1199881888550	1199881892956
34	1199881969284	1199881971276
34	1199882030417	1199882035857
34	1199882042402	1199882044625
34	1199882060406	1199882063314
34	1199882081641	1199882085792
34	1199882094598	1199882100395
34	1199882102376	1199882107270
34	1199882107518	1199882111995
34	1199882117292	1199882124302
34	1199882147118	1199882148886
34	1199882151358	1199882154157
34	1199882159911	1199882163904
34	1199882180476	1199882184902
34	1199882228374	1199882234784
34	1199882259891	1199882261232
34	1199882279599	1199882281764
34	1199882352975	1199882357144
34	1199882363365	1199882365961
34	1199882370460	1199882372409
34	1199882379875	1199882383691
34	1199882544553	1199882545971
34	1199882595825	1199882600276
34	1199882704767	1199882706527
34	1199882712401	1199882714308
34	1199883642861	1199883643965
34	1199883805292	1199883807179
34	1199883808746	1199883810979
34	1199883983571	1199883985342
34	1199884005155	1199884009777
34	1199884162282	1199884164320
34	1199884188396	1199884192827
34	1199884196402	1199884202259
34	1199884272929	1199884283347
34	1199884298962	1199884305434
34	1199884310996	1199884317809
34	1199884320124	1199884324605
34	1199884753857	1199884757274
34	1199884888207	1199884890406
34	1199884913543	1199884919880
34	1199884961809	1199884968224
34	1199884969775	1199884973159
34	1199884974667	1199884978329
34	1199885022117	1199885029372
34	1199885046366	1199885048205
34	1199885078197	1199885082638
34	1199885114602	1199885119578
34	1199885124818	1199885127570
34	1199885131323	1199885136397
34	1199885140679	1199885142501
34	1199885151194	1199885153110
34	1199885170406	1199885172552
34	1199885172840	1199885175334
34	1199885205461	1199885207111
34	1199885220132	1199885222823
34	1199885224360	1199885226680
34	1199885229420	1199885235195
34	1199885267318	1199885272625
34	1199885301795	1199885303797
34	1199885304325	1199885306881
34	1199885308257	1199885310322
34	1199885325499	1199885326659
34	1199885386291	1199885394978
34	1199885534702	1199885543587
34	1199885550784	1199885559316
34	1199885646884	1199885650984
34	1199885732981	1199885740308
34	1199885777451	1199885779643
34	1199885780257	1199885783513
34	1199885786739	1199885791243
34	1199885791864	1199885796728
34	1199885815597	1199885819765
34	1199885835187	1199885837451
34	1199885893733	1199885898285
34	1199885970564	1199885972529
34	1199885994232	1199885998366
34	1199886123933	1199886127214
34	1199886153368	1199886156368
34	1199886295462	1199886299717
34	1199886311114	1199886313178
34	1199886601688	1199886604733
34	1199886605813	1199886610944
34	1199886612212	1199886614636
34	1199886634462	1199886636939
34	1199886637662	1199886640563
34	1199886648397	1199886650248
34	1199886663613	1199886670883
34	1199886671164	1199886675307
34	1199886699601	1199886701968
34	1199886703316	1199886708882
34	1199886714215	1199886715769
34	1199886715929	1199886718659
34	1199886732828	1199886735597
34	1199886875304	1199886877289
34	1199886888391	1199886890319
34	1199886905412	1199886907203
34	1199886919693	1199886921913
34	1199886971562	1199886978203
34	1199886984381	1199886986200
34	1199887160898	1199887163183
34	1199887166584	1199887169654
34	1199887184625	1199887190242
34	1199887363111	1199887368343
34	1199887429185	1199887431376
34	1199887432673	1199887435528
34	1199887556965	1199887558718
34	1199887688966	1199887721505
34	1199887728107	1199887732380
34	1199887780851	1199887783300
34	1199888145198	1199888151227
34	1199888159204	1199888164410
34	1199888364818	1199888368538
34	1199888783689	1199888789876
34	1199889419682	1199889424481
34	1199889885183	1199889895704
34	1199890105152	1199890112341
34	1199890801561	1199890811273
34	1199890829192	1199890840255
34	1199891077904	1199891083201
34	1199891125150	1199891134470
34	1199891136228	1199891138642
34	1199891166978	1199891168865
34	1199891192554	1199891206614
34	1199891206886	1199891208629
34	1199891210219	1199891213453
34	1199894795142	1199894797812
34	1199894806429	1199894810431
34	1199894824934	1199894827883
34	1199894842378	1199894845514
34	1199896647364	1199896654398
34	1199898073731	1199898077956
34	1199898097328	1199898104712
34	1199898107913	1199898114158
36	1199865578290	1199865579938
36	1199874742352	1199874751172
36	1199874764867	1199874767505
36	1199874831917	1199874834762
36	1199875050392	1199876345453
36	1199879714963	1199879719350
36	1199880622857	1199880628482
36	1199880632589	1199880636242
36	1199886294157	1199886299533
36	1199891192858	1199891197366
36	1199894795434	1199894798600
36	1199894806202	1199894809473
36	1199894825860	1199894829299
36	1199894842938	1199894846340
36	1199894908744	1199894910891
36	1199894911113	1199894913329
36	1199894916157	1199894923285
36	1199895002335	1199895005580
37	1199874749903	1199874753275
37	1199874758426	1199874761495
37	1199874770386	1199874772986
37	1199874809365	1199874812928
37	1199874814366	1199874817164
37	1199874831277	1199874833763
37	1199875035353	1199875040136
37	1199875042513	1199875054124
37	1199876346326	1199876346791
37	1199876356926	1199876362846
37	1199886125213	1199886129921
37	1199886144659	1199886151345
37	1199886151633	1199886155190
37	1199886266701	1199886270394
37	1199886276525	1199886277705
37	1199886283109	1199886289876
37	1199886290549	1199886297905
37	1199894795921	1199894800206
37	1199894804325	1199894808325
37	1199894832370	1199894832946
37	1199894843626	1199894847556
37	1199894849554	1199894858978
37	1199894876844	1199894898404
37	1199894906428	1199894910770
37	1199894917323	1199894925173
37	1199894932112	1199894934952
37	1199894935388	1199894937824
37	1199895000607	1199895004746
37	1199898150502	1199898155499
37	1199898160907	1199898163210
38	1199865573950	0
