1	1204966913117	1204966918309
1	1204971608939	1204971611548
1	1204971612927	1204971614467
1	1204974603819	1204974605441
1	1204978385984	1204978391196
1	1204978587715	1204978589399
1	1204980991195	1204980992405
1	1204990715436	1204990719910
1	1204992097751	1204992100141
1	1204995667261	1204995672550
1	1205001735750	1205001739931
1	1205003621785	1205003624635
1	1205003695190	1205003696405
1	1205015569780	1205015573765
1	1205015730867	1205015732684
2	1204966916980	1204966918149
2	1204966928645	1204966930768
2	1204966934529	1204966937262
2	1204966953813	1204966955961
2	1204966975429	1204966976715
2	1204966976844	1204966980554
2	1204966994496	1204966996640
2	1204967000729	1204967002527
2	1204967021507	1204967023433
2	1204967052778	1204967055911
2	1204967062822	1204967067322
2	1204967186599	1204967189661
2	1204967195391	1204967204285
2	1204967206263	1204967208805
2	1204967215390	1204967217501
2	1204967235922	1204967238694
2	1204967309105	1204967311363
2	1204967312537	1204967318413
2	1204967504982	1204967507482
2	1204967511140	1204967518674
2	1204967933643	1204967941490
2	1204967942127	1204967945959
2	1204967946210	1204967950909
2	1204968068555	1204968070614
2	1204968076660	1204968082354
2	1204968107279	1204968109381
2	1204968112219	1204968119151
2	1204968124564	1204968130115
2	1204968132498	1204968136985
2	1204968143716	1204968146292
2	1204968146801	1204968149550
2	1204968164395	1204968167614
2	1204968169931	1204968172465
2	1204968172661	1204968175691
2	1204968180311	1204968183471
2	1204968192366	1204968194784
2	1204968199819	1204968203233
2	1204968241827	1204968244390
2	1204968254332	1204968257108
2	1204968284356	1204968286765
2	1204968296792	1204968298889
2	1204968299105	1204968303226
2	1204968310656	1204968314613
2	1204968336958	1204968339259
2	1204968345728	1204968348304
2	1204968430527	1204968433288
2	1204968451759	1204968453727
2	1204968505181	1204968507998
2	1204968558217	1204968560573
2	1204968560713	1204968563245
2	1204968584814	1204968587271
2	1204968620996	1204968625242
2	1204968629589	1204968629906
2	1204968663511	1204968667904
2	1204969010633	1204969013166
2	1204969014396	1204969016900
2	1204969054486	1204969056942
2	1204969057632	1204969060242
2	1204969517156	1204969519156
2	1204969538848	1204969541437
2	1204969889801	1204969891869
2	1204970011813	1204970014251
2	1204970023503	1204970026168
2	1204970029206	1204970031404
2	1204970288624	1204970290408
2	1204970460916	1204970463115
2	1204970491443	1204970498285
2	1204970501248	1204970505154
2	1204970563981	1204970566368
2	1204970566754	1204970569206
2	1204970647729	1204970650674
2	1204970674522	1204970676988
2	1204970694497	1204970698178
2	1204970701328	1204970703998
2	1204970752593	1204970754947
2	1204970797629	1204970798890
2	1204970960786	1204970962804
2	1204970975135	1204970976432
2	1204971064118	1204971066532
2	1204971083741	1204971085845
2	1204971174347	1204971176623
2	1204971196388	1204971198723
2	1204971208403	1204971210403
2	1204971271381	1204971273578
2	1204971320244	1204971321514
2	1204971324921	1204971327100
2	1204971338909	1204971341963
2	1204971345928	1204971348318
2	1204971462133	1204971464249
2	1204971470729	1204971473817
2	1204971477617	1204971480377
2	1204971485111	1204971489839
2	1204971490503	1204971495371
2	1204971501184	1204971501537
2	1204971516367	1204971518721
2	1204971535818	1204971537970
2	1204971541219	1204971543588
2	1204971567246	1204971571840
2	1204971579657	1204971583983
2	1204971588714	1204971597578
2	1204971601924	1204971604841
2	1204971605321	1204971608901
2	1204971616458	1204971618732
2	1204971627509	1204971632335
2	1204971635665	1204971640136
2	1204971645638	1204971650917
2	1204971651433	1204971653533
2	1204971684728	1204971686936
2	1204971689474	1204971693442
2	1204971815750	1204971817835
2	1204971818878	1204971820145
2	1204971933374	1204971941135
2	1204971951626	1204971953967
2	1204971955358	1204971957681
2	1204971959971	1204971962964
2	1204971963867	1204971965168
2	1204971991440	1204971994248
2	1204972011370	1204972013746
2	1204972314632	1204972320135
2	1204972502775	1204972506158
2	1204972506504	1204972509746
2	1204972514159	1204972519693
2	1204972536838	1204972542922
2	1204972633331	1204972636102
2	1204972645345	1204972650197
2	1204972651187	1204972653471
2	1204972653974	1204972658433
2	1204972662911	1204972664229
2	1204972665537	1204972668433
2	1204972751592	1204972756509
2	1204972949359	1204972951984
2	1204972952167	1204972954760
2	1204973056804	1204973065596
2	1204973167910	1204973173960
2	1204973282409	1204973284591
2	1204973300375	1204973302286
2	1204973303405	1204973308248
2	1204973311232	1204973312521
2	1204973313601	1204973317142
2	1204973338281	1204973345479
2	1204973463571	1204973466124
2	1204973555916	1204973561837
2	1204973591720	1204973593761
2	1204973595285	1204973598626
2	1204973714573	1204973717464
2	1204973728340	1204973736719
2	1204973768847	1204973773625
2	1204973773911	1204973777114
2	1204973781192	1204973785778
2	1204973854764	1204973856968
2	1204973858840	1204973861326
2	1204973870554	1204973872804
2	1204973872991	1204973875444
2	1204974004505	1204974006673
2	1204974018533	1204974019823
2	1204974032172	1204974033440
2	1204974033696	1204974036422
2	1204974203720	1204974207635
2	1204974239697	1204974241772
2	1204974258615	1204974263661
2	1204974269679	1204974271677
2	1204974273210	1204974275996
2	1204974279511	1204974284517
2	1204974293482	1204974297452
2	1204974300577	1204974301365
2	1204974301643	1204974307432
2	1204974474768	1204974477629
2	1204974508870	1204974513356
2	1204974516288	1204974518725
2	1204974523556	1204974525329
2	1204974527681	1204974532383
2	1204974532571	1204974536775
2	1204974538110	1204974543163
2	1204974543331	1204974545922
2	1204974556530	1204974559355
2	1204974567469	1204974571771
2	1204974576537	1204974583922
2	1204974586700	1204974593702
2	1204974603360	1204974608414
2	1204974609266	1204974613401
2	1204974613865	1204974617556
2	1204974632943	1204974638996
2	1204974652124	1204974665476
2	1204974666728	1204974669795
2	1204974677183	1204974684453
2	1204974712589	1204974717175
2	1204978383400	1204978387362
2	1204978387907	1204978391703
2	1204978513683	1204978520645
2	1204978521851	1204978524261
2	1204978526664	1204978530824
2	1204978544627	1204978545358
2	1204978567201	1204978571348
2	1204978571739	1204978575262
2	1204978575796	1204978578338
2	1204978579463	1204978583283
2	1204978589526	1204978597331
2	1204978620529	1204978621890
2	1204978630583	1204978633137
2	1204978652888	1204978657481
2	1204978826792	1204978831690
2	1204978906972	1204978912421
2	1204978927181	1204978929692
2	1204978938893	1204978940159
2	1204978941712	1204978944598
2	1204978945157	1204978947693
2	1204978973966	1204978978126
2	1204978982910	1204978987823
2	1204978994347	1204979003230
2	1204979005786	1204979009552
2	1204979021494	1204979023437
2	1204979023977	1204979025310
2	1204979036405	1204979038874
2	1204979095849	1204979100856
2	1204979193122	1204979196714
2	1204979202599	1204979211543
2	1204979227456	1204979229637
2	1204979231368	1204979236499
2	1204979238225	1204979243972
2	1204979352201	1204979354780
2	1204979645865	1204979647942
2	1204979650665	1204979658413
2	1204979673100	1204979677323
2	1204979809896	1204979812248
2	1204979904402	1204979912631
2	1204979913343	1204979918879
2	1204979929706	1204979932442
2	1204979942751	1204979946242
2	1204979967103	1204979969611
2	1204980017129	1204980020162
2	1204980021250	1204980028158
2	1204980030573	1204980039883
2	1204980048517	1204980050878
2	1204980077321	1204980079441
2	1204980082685	1204980086923
2	1204980101550	1204980104178
2	1204980104764	1204980107169
2	1204980119845	1204980123558
2	1204980126436	1204980128617
2	1204980129831	1204980132216
2	1204980200386	1204980204138
2	1204980208705	1204980209989
2	1204980497973	1204980500725
2	1204980504730	1204980508598
2	1204980510596	1204980513889
2	1204980651777	1204980654904
2	1204980682718	1204980684553
2	1204980686556	1204980689520
2	1204980782414	1204980787651
2	1204980803108	1204980811620
2	1204980813167	1204980813473
2	1204980845360	1204980856123
2	1204980856723	1204980862717
2	1204980864929	1204980875691
2	1204980876413	1204980884764
2	1204980906135	1204980912396
2	1204980917323	1204980930645
2	1204980977552	1204980981766
2	1204980992873	1204980997324
2	1204981005602	1204981007799
2	1204981011347	1204981019907
2	1204981031497	1204981036630
2	1204981036890	1204981039148
2	1204981112712	1204981118606
2	1204981134943	1204981140364
2	1204981164987	1204981167442
2	1204981172837	1204981175758
2	1204981183246	1204981192284
2	1204981194336	1204981199530
2	1204981203899	1204981205828
2	1204981227486	1204981232393
2	1204981240161	1204981247215
2	1204981287773	1204981289411
2	1204981388887	1204981390113
2	1204981391148	1204981395554
2	1204981403326	1204981406282
2	1204981430547	1204981432641
2	1204981434135	1204981437357
2	1204981441518	1204981442836
2	1204981591135	1204981591721
2	1204981594123	1204981596686
2	1204981662370	1204981664839
2	1204981699219	1204981702866
2	1204981870937	1204981890290
2	1204981891726	1204981893545
2	1204981993349	1204981997426
2	1204982001950	1204982006143
2	1204982007852	1204982010499
2	1204982011540	1204982013284
2	1204982027527	1204982029712
2	1204982041363	1204982043367
2	1204982107272	1204982108532
2	1204982108858	1204982111235
2	1204982196100	1204982197352
2	1204982219637	1204982222122
2	1204982311462	1204982313895
2	1204982316348	1204982318467
2	1204982350556	1204982357889
2	1204982548924	1204982555582
2	1204982640844	1204982644922
2	1204982709203	1204982711499
2	1204982712952	1204982717206
2	1204982743123	1204982745539
2	1204982824478	1204982831443
2	1204982914131	1204982919512
2	1204983012775	1204983016401
2	1204983017853	1204983020609
2	1204983024343	1204983025654
2	1204983026311	1204983028645
2	1204983161541	1204983166276
2	1204983166648	1204983170123
2	1204983170952	1204983173600
2	1204983204727	1204983208526
2	1204983210365	1204983212469
2	1204983226262	1204983227547
2	1204983326687	1204983328747
2	1204983447235	1204983453320
2	1204983463300	1204983468842
2	1204983507187	1204983513524
2	1204983603542	1204983605504
2	1204983694949	1204983697153
2	1204983698111	1204983700901
2	1204983701428	1204983703954
2	1204983715433	1204983718417
2	1204983758444	1204983762784
2	1204983913566	1204983916474
2	1204983951200	1204983953475
2	1204983954820	1204983957653
2	1204983963195	1204983965173
2	1204983974767	1204983976806
2	1204983991839	1204983996223
2	1204984018972	1204984021288
2	1204984021694	1204984026224
2	1204984041916	1204984046739
2	1204984206595	1204984208557
2	1204984255909	1204984264858
2	1204984377512	1204984382241
2	1204984394714	1204984399763
2	1204984476359	1204984477610
2	1204984518906	1204984521309
2	1204984538963	1204984544400
2	1204984578136	1204984582684
2	1204984586894	1204984597353
2	1204984598196	1204984600268
2	1204984692248	1204984693478
2	1204984694316	1204984696586
2	1204984768763	1204984773447
2	1204984773571	1204984776783
2	1204984777273	1204984779455
2	1204984868949	1204984870173
2	1204984906409	1204984908744
2	1204984931200	1204984933280
2	1204984968552	1204984974558
2	1204984977557	1204984980489
2	1204985005489	1204985007363
2	1204985056517	1204985061403
2	1204985096824	1204985098381
2	1204985109756	1204985114338
2	1204985120619	1204985125499
2	1204985191769	1204985194133
2	1204985254895	1204985257311
2	1204985258357	1204985259333
2	1204985319756	1204985321936
2	1204985322478	1204985328693
2	1204985346451	1204985349738
2	1204985354596	1204985356689
2	1204985421105	1204985424325
2	1204985459524	1204985462744
2	1204985472332	1204985474803
2	1204985475735	1204985477823
2	1204985526637	1204985528944
2	1204985543323	1204985545601
2	1204985559345	1204985561432
2	1204985608805	1204985610791
2	1204985625151	1204985628211
2	1204985669751	1204985672903
2	1204985706713	1204985707975
2	1204985708869	1204985711251
2	1204985742178	1204985747119
2	1204985749955	1204985755111
2	1204985764830	1204985772792
2	1204985772974	1204985775206
2	1204985831658	1204985832912
2	1204985974869	1204985977487
2	1204985987408	1204985989584
2	1204986060517	1204986064607
2	1204986125581	1204986131279
2	1204986216970	1204986219698
2	1204986256140	1204986258235
2	1204986259952	1204986262576
2	1204986263194	1204986265447
2	1204986265568	1204986274913
2	1204986277620	1204986281614
2	1204986283114	1204986285370
2	1204986287351	1204986289715
2	1204986295738	1204986299168
2	1204986399839	1204986402277
2	1204986425540	1204986427971
2	1204986433922	1204986438369
2	1204986443298	1204986447517
2	1204986462252	1204986464472
2	1204986542841	1204986545276
2	1204986615145	1204986617577
2	1204986679724	1204986681870
2	1204986694711	1204986696157
2	1204986696167	1204986698590
2	1204986704842	1204986706814
2	1204986765816	1204986767139
2	1204986788876	1204986792868
2	1204986819386	1204986821486
2	1204986846804	1204986848784
2	1204986918155	1204986920423
2	1204987001620	1204987003457
2	1204987022318	1204987025300
2	1204987047976	1204987051992
2	1204987071301	1204987073819
2	1204987081675	1204987086292
2	1204987131609	1204987135656
2	1204987308127	1204987309345
2	1204987309645	1204987312944
2	1204987428318	1204987430642
2	1204987568564	1204987574415
2	1204987687140	1204987692979
2	1204987695485	1204987699598
2	1204987700476	1204987704704
2	1204987829155	1204987831389
2	1204987859605	1204987861111
2	1204987866197	1204987870138
2	1204987882815	1204987885342
2	1204987885985	1204987888154
2	1204987889701	1204987894736
2	1204987899605	1204987901573
2	1204987910959	1204987913348
2	1204987913760	1204987916286
2	1204987968875	1204987970109
2	1204987971617	1204987973861
2	1204988101100	1204988103161
2	1204988154503	1204988156621
2	1204988158925	1204988160863
2	1204988161914	1204988164633
2	1204988290300	1204988291513
2	1204988299587	1204988301840
2	1204988330214	1204988332453
2	1204988338627	1204988341126
2	1204988382113	1204988383378
2	1204988386199	1204988390952
2	1204988395929	1204988403690
2	1204988460298	1204988464351
2	1204988473514	1204988477455
2	1204988484535	1204988486503
2	1204988522922	1204988527205
2	1204988575402	1204988577470
2	1204988616521	1204988617787
2	1204988662800	1204988667168
2	1204988691701	1204988694307
2	1204988714594	1204988723213
2	1204988861775	1204988867333
2	1204989068356	1204989070488
2	1204989071758	1204989074481
2	1204989234476	1204989236399
2	1204989258185	1204989263483
2	1204989278778	1204989284866
2	1204989293634	1204989298355
2	1204989332174	1204989335408
2	1204989337154	1204989339638
2	1204989340127	1204989343970
2	1204989351919	1204989354892
2	1204989364486	1204989367800
2	1204989392139	1204989394348
2	1204989395188	1204989399795
2	1204989415239	1204989419587
2	1204990715766	1204990722871
2	1204990730616	1204990730865
2	1204990733652	1204990736147
2	1204990738658	1204990744593
2	1204990745207	1204990747615
2	1204990749405	1204990757452
2	1204990802430	1204990811773
2	1204990816615	1204990818835
2	1204990830211	1204990831510
2	1204990831950	1204990834925
2	1204990839218	1204990840506
2	1204990841907	1204990844267
2	1204990850341	1204990851624
2	1204990853841	1204990858754
2	1204990964108	1204990968366
2	1204991097811	1204991103546
2	1204991104320	1204991107226
2	1204991120624	1204991122672
2	1204991137929	1204991139223
2	1204991140642	1204991142885
2	1204991170623	1204991172606
2	1204991261404	1204991268849
2	1204991284159	1204991294125
2	1204991297235	1204991299800
2	1204991300626	1204991303684
2	1204991304302	1204991306746
2	1204991307474	1204991310568
2	1204991354820	1204991357384
2	1204991372202	1204991374856
2	1204991407268	1204991413616
2	1204991511522	1204991512764
2	1204991526319	1204991530697
2	1204991535266	1204991539424
2	1204991556979	1204991559718
2	1204991560569	1204991563107
2	1204991623181	1204991627315
2	1204991642289	1204991646963
2	1204991680635	1204991684320
2	1204991692548	1204991695298
2	1204991733572	1204991735877
2	1204991738671	1204991740743
2	1204991752358	1204991759158
2	1204991792124	1204991794496
2	1204991804749	1204991807549
2	1204991883647	1204991885926
2	1204991912249	1204991915355
2	1204991925973	1204991930231
2	1204991965261	1204991969497
2	1204992010897	1204992015302
2	1204992017820	1204992020620
2	1204992067849	1204992070929
2	1204992075578	1204992078730
2	1204992102875	1204992105896
2	1204992123396	1204992125942
2	1204992126144	1204992131129
2	1204992149454	1204992151557
2	1204992157963	1204992161986
2	1204992185323	1204992187765
2	1204992198618	1204992200719
2	1204992206358	1204992208617
2	1204992210672	1204992211357
2	1204992212944	1204992215366
2	1204992224499	1204992226763
2	1204992228696	1204992231783
2	1204992242937	1204992246345
2	1204992311856	1204992313881
2	1204992314450	1204992318589
2	1204992324599	1204992329204
2	1204992401922	1204992405180
2	1204992439221	1204992441375
2	1204992444638	1204992447225
2	1204992546296	1204992548282
2	1204992549210	1204992551498
2	1204992603585	1204992607785
2	1204992609226	1204992611183
2	1204992656441	1204992661194
2	1204992675273	1204992677517
2	1204992747466	1204992751635
2	1204992758385	1204992760800
2	1204992814366	1204992818379
2	1204992819895	1204992826935
2	1204992828151	1204992833828
2	1204992838807	1204992847490
2	1204992898961	1204992905515
2	1204993092336	1204993098117
2	1204993125867	1204993130940
2	1204993149335	1204993151725
2	1204993188656	1204993192337
2	1204993215781	1204993221725
2	1204993242477	1204993246460
2	1204993248247	1204993250894
2	1204993255197	1204993260338
2	1204993274632	1204993279585
2	1204993312227	1204993318593
2	1204993362546	1204993365313
2	1204993377794	1204993380160
2	1204993393190	1204993399388
2	1204993569448	1204993575272
2	1204993706541	1204993708597
2	1204993711408	1204993713546
2	1204993720212	1204993724741
2	1204993771224	1204993772468
2	1204993773419	1204993779905
2	1204993905888	1204993907124
2	1204993907260	1204993909749
2	1204993925668	1204993928475
2	1204993954194	1204993956689
2	1204993956817	1204993964850
2	1204994006411	1204994011596
2	1204994023492	1204994024789
2	1204994027225	1204994028961
2	1204994029217	1204994031835
2	1204994090142	1204994092658
2	1204994093170	1204994097939
2	1204994112169	1204994113299
2	1204994327213	1204994330765
2	1204994369854	1204994370352
2	1204994371563	1204994372839
2	1204994378345	1204994382612
2	1204994387580	1204994390820
2	1204994423327	1204994428592
2	1204994430923	1204994436858
2	1204994437229	1204994443635
2	1204994461578	1204994464176
2	1204994503160	1204994505778
2	1204994535392	1204994537749
2	1204994539986	1204994542743
2	1204994579543	1204994584317
2	1204994594803	1204994602376
2	1204994623452	1204994625907
2	1204994635831	1204994637889
2	1204994737332	1204994738264
2	1204994739100	1204994742152
2	1204994742633	1204994750582
2	1204994763711	1204994764997
2	1204994767550	1204994771951
2	1204994788589	1204994790895
2	1204994826892	1204994829203
2	1204994830172	1204994832340
2	1204994840519	1204994843975
2	1204994931239	1204994933282
2	1204994933527	1204994936579
2	1204995218308	1204995225837
2	1204995401411	1204995408226
2	1204995466285	1204995468505
2	1204995472136	1204995474707
2	1204995504572	1204995509104
2	1204995525491	1204995527745
2	1204995566221	1204995568481
2	1204995571427	1204995579671
2	1204995595421	1204995598297
2	1204995598815	1204995600845
2	1204995605206	1204995610254
2	1204995618594	1204995625471
2	1204995625611	1204995628580
2	1204995646144	1204995650541
2	1204995654758	1204995661604
2	1204995672989	1204995674286
2	1204995675811	1204995677808
2	1204995678735	1204995681864
2	1204995682134	1204995685497
2	1204995689866	1204995693510
2	1205001730733	1205001736105
2	1205001762478	1205001770624
2	1205001783131	1205001789851
2	1205001802517	1205001803813
2	1205001809731	1205001811972
2	1205001830561	1205001833209
2	1205001860811	1205001864987
2	1205001888957	1205001892607
2	1205001906598	1205001907896
2	1205001908667	1205001910957
2	1205001935401	1205001937561
2	1205001982554	1205001987462
2	1205001990575	1205001992950
2	1205001997584	1205001999808
2	1205001999975	1205002002795
2	1205002006444	1205002012868
2	1205002014613	1205002020750
2	1205002118666	1205002122464
2	1205002135767	1205002138536
2	1205002144126	1205002146633
2	1205002172867	1205002175289
2	1205002180381	1205002182613
2	1205002182925	1205002190356
2	1205002199737	1205002204385
2	1205002232232	1205002237246
2	1205002237964	1205002240805
2	1205002265829	1205002270844
2	1205002283540	1205002287251
2	1205002392991	1205002401865
2	1205002418363	1205002422666
2	1205002423862	1205002430122
2	1205002430399	1205002434488
2	1205002438942	1205002447836
2	1205002460119	1205002462572
2	1205002490905	1205002493155
2	1205002494224	1205002502298
2	1205002991711	1205002993983
2	1205003197193	1205003198393
2	1205003263222	1205003268319
2	1205003310320	1205003311541
2	1205003313133	1205003316885
2	1205003401692	1205003406656
2	1205003412321	1205003414407
2	1205003414541	1205003420681
2	1205003506926	1205003510919
2	1205003513397	1205003516423
2	1205003533389	1205003535300
2	1205003536618	1205003539144
2	1205003541920	1205003545666
2	1205003580812	1205003582596
2	1205003583290	1205003586315
2	1205003596567	1205003600853
2	1205003623819	1205003625815
2	1205003626264	1205003631103
2	1205003634588	1205003641454
2	1205003657914	1205003660710
2	1205003696833	1205003702537
2	1205003711950	1205003716593
2	1205003719234	1205003723917
2	1205003729578	1205003731918
2	1205003734413	1205003736343
2	1205003831963	1205003834213
2	1205003834722	1205003837558
2	1205003859936	1205003863367
2	1205003873191	1205003873719
2	1205003893110	1205003896932
2	1205003921791	1205003925935
2	1205003928992	1205003935410
2	1205003974381	1205003975641
2	1205004035780	1205004038345
2	1205004042710	1205004047612
2	1205004052401	1205004054884
2	1205004058669	1205004063703
2	1205004069231	1205004073518
2	1205004076628	1205004080482
2	1205004111120	1205004113941
2	1205004133337	1205004139609
2	1205004225223	1205004227646
2	1205004279507	1205004280844
2	1205004284650	1205004292328
2	1205004402731	1205004407259
2	1205004427293	1205004431676
2	1205004439437	1205004449133
2	1205004521587	1205004525939
2	1205004671261	1205004674622
2	1205004741651	1205004743475
2	1205004743691	1205004746638
2	1205004773834	1205004775912
2	1205004785744	1205004788462
2	1205004805178	1205004809621
2	1205004870431	1205004873253
2	1205004884463	1205004886820
2	1205004895674	1205004899409
2	1205004913262	1205004915494
2	1205004937101	1205004943716
2	1205004964702	1205004966517
2	1205005031914	1205005034534
2	1205005066597	1205005070432
2	1205005116789	1205005119279
2	1205005120360	1205005123208
2	1205005180178	1205005184529
2	1205005187882	1205005190445
2	1205005248505	1205005250992
2	1205005253402	1205005256875
2	1205005363140	1205005368866
2	1205005384177	1205005385443
2	1205005445415	1205005450925
2	1205005514373	1205005518790
2	1205005520511	1205005523471
2	1205005554845	1205005557166
2	1205005570984	1205005578385
2	1205005578729	1205005580399
2	1205005583441	1205005585931
2	1205005616972	1205005618302
2	1205005625480	1205005628378
2	1205005769894	1205005774807
2	1205005776138	1205005779132
2	1205005821419	1205005825326
2	1205005881692	1205005886903
2	1205005903471	1205005908767
2	1205005918173	1205005923799
2	1205005927633	1205005929657
2	1205005930535	1205005934953
2	1205005939824	1205005942912
2	1205006091379	1205006093831
2	1205006109283	1205006112207
2	1205006129709	1205006134431
2	1205006136329	1205006139322
2	1205006144566	1205006147342
2	1205006150607	1205006152710
2	1205006157686	1205006160430
2	1205006176199	1205006178654
2	1205006181290	1205006183362
2	1205006212865	1205006217953
2	1205006292921	1205006295578
2	1205006448483	1205006449698
2	1205006449996	1205006452772
2	1205006562840	1205006565595
2	1205006568683	1205006572360
2	1205006572834	1205006577897
2	1205006593852	1205006598416
2	1205006658576	1205006660676
2	1205006686617	1205006687342
2	1205006689953	1205006691654
2	1205006702925	1205006704350
2	1205006709571	1205006715526
2	1205006760822	1205006763431
2	1205006913491	1205006918101
2	1205006930103	1205006932588
2	1205007014677	1205007024401
2	1205007097116	1205007103397
2	1205007180435	1205007186161
2	1205007223158	1205007225363
2	1205007225947	1205007234710
2	1205007254435	1205007256703
2	1205007308663	1205007311648
2	1205007397515	1205007399805
2	1205007558783	1205007562784
2	1205007764479	1205007765683
2	1205007791975	1205007793614
2	1205007855218	1205007857199
2	1205007857341	1205007860134
2	1205007874863	1205007876912
2	1205007883778	1205007885896
2	1205007930177	1205007934681
2	1205008014483	1205008023856
2	1205008151476	1205008152716
2	1205008177842	1205008179940
2	1205008183589	1205008186265
2	1205008343397	1205008347788
2	1205008390465	1205008393215
2	1205008393520	1205008395927
2	1205008397640	1205008399567
2	1205008403195	1205008410426
2	1205008420849	1205008428652
2	1205008431238	1205008432563
2	1205008435758	1205008443159
2	1205008446929	1205008449243
2	1205008466912	1205008478985
2	1205008488481	1205008490547
2	1205008559681	1205008564368
2	1205008610597	1205008618986
2	1205008632677	1205008634864
2	1205008640714	1205008642947
2	1205008656439	1205008661770
2	1205008664743	1205008668445
2	1205008676264	1205008678426
2	1205008679193	1205008681774
2	1205008717679	1205008721613
2	1205008729625	1205008734917
2	1205008736818	1205008741144
2	1205008784795	1205008787118
2	1205008789406	1205008792850
2	1205008797587	1205008800502
2	1205008809983	1205008816748
2	1205008872817	1205008875257
2	1205008876799	1205008878663
2	1205008916431	1205008920655
2	1205008921690	1205008924777
2	1205008939902	1205008953182
2	1205008960713	1205008963244
2	1205008971188	1205008976442
2	1205009028542	1205009030591
2	1205009109781	1205009110234
2	1205009116302	1205009118614
2	1205009119234	1205009121489
2	1205009162210	1205009165268
2	1205009195871	1205009200789
2	1205009217839	1205009220634
2	1205009275784	1205009280832
2	1205009285426	1205009288563
2	1205009294713	1205009299126
2	1205009517609	1205009520219
2	1205009550587	1205009552952
2	1205009554632	1205009556737
2	1205009557915	1205009560964
2	1205009567615	1205009568903
2	1205009625770	1205009627593
2	1205009647463	1205009651762
2	1205009660391	1205009665678
2	1205009666939	1205009673928
2	1205009684895	1205009689215
2	1205009692834	1205009696507
2	1205009708243	1205009710919
2	1205009718460	1205009721805
2	1205009796569	1205009806604
2	1205009834831	1205009838481
2	1205009899501	1205009900746
2	1205009901954	1205009905385
2	1205009926487	1205009929491
2	1205009937266	1205009939522
2	1205009968368	1205009972946
2	1205010019147	1205010023754
2	1205010026757	1205010029881
2	1205010031717	1205010033125
2	1205010036474	1205010042708
2	1205010067342	1205010068632
2	1205010072658	1205010075330
2	1205010103291	1205010105868
2	1205010135842	1205010138208
2	1205010138340	1205010147388
2	1205010149677	1205010151987
2	1205010188530	1205010191659
2	1205010269934	1205010275778
2	1205010433362	1205010438307
2	1205010460884	1205010463422
2	1205010463904	1205010467101
2	1205010564174	1205010565399
2	1205010566227	1205010568769
2	1205010585856	1205010587517
2	1205010711146	1205010716934
2	1205010795108	1205010797391
2	1205010807740	1205010810142
2	1205010817903	1205010820661
2	1205010821497	1205010823125
2	1205010832246	1205010834319
2	1205010841655	1205010843890
2	1205010845435	1205010847646
2	1205010865773	1205010867664
2	1205010875278	1205010877285
2	1205010929755	1205010934951
2	1205010946470	1205010951919
2	1205010952286	1205010954872
2	1205010978194	1205010979306
2	1205010980351	1205010982963
2	1205010988815	1205010990925
2	1205010991940	1205010994586
2	1205011027291	1205011034574
2	1205011045505	1205011056896
2	1205011081558	1205011086892
2	1205011092171	1205011095778
2	1205011308928	1205011311254
2	1205011342184	1205011347523
2	1205011373374	1205011379377
2	1205011379968	1205011382449
2	1205011460470	1205011464116
2	1205011464830	1205011467648
2	1205011575633	1205011577765
2	1205011637727	1205011640173
2	1205011657580	1205011662413
2	1205011662849	1205011665167
2	1205011675640	1205011677848
2	1205011740642	1205011741882
2	1205011742634	1205011745519
2	1205011776501	1205011780781
2	1205011782449	1205011783718
2	1205011784560	1205011791911
2	1205011801940	1205011804467
2	1205011818483	1205011822751
2	1205011831722	1205011837930
2	1205011838785	1205011845774
2	1205011915662	1205011919680
2	1205011920179	1205011925354
2	1205011926515	1205011930599
2	1205012018109	1205012020107
2	1205012223826	1205012224469
2	1205012353263	1205012355650
2	1205012356722	1205012358770
2	1205012359950	1205012363127
2	1205012369572	1205012371209
2	1205012412681	1205012414758
2	1205012437209	1205012439872
2	1205012478550	1205012483159
2	1205012493788	1205012495853
2	1205012507755	1205012513599
2	1205012575503	1205012577661
2	1205012578716	1205012581707
2	1205012605791	1205012607863
2	1205012608185	1205012611671
2	1205012667696	1205012673169
2	1205012688686	1205012691402
2	1205012712296	1205012717216
2	1205012718579	1205012720929
2	1205012732244	1205012732626
2	1205012762579	1205012767102
2	1205012781716	1205012784219
2	1205012806692	1205012809536
2	1205012853535	1205012856295
2	1205012873401	1205012875578
2	1205012899117	1205012902235
2	1205012910670	1205012914742
2	1205012962521	1205012968640
2	1205013005906	1205013012913
2	1205013027704	1205013031372
2	1205013033310	1205013037385
2	1205013120325	1205013123668
2	1205013193868	1205013198704
2	1205013228694	1205013231133
2	1205013250569	1205013253616
2	1205013301369	1205013303808
2	1205013373951	1205013376486
2	1205013394173	1205013396256
2	1205013421866	1205013436182
2	1205013477709	1205013481639
2	1205013485129	1205013487560
2	1205013488891	1205013490957
2	1205013494686	1205013497963
2	1205013581399	1205013584840
2	1205013639982	1205013644390
2	1205013645206	1205013647806
2	1205013669596	1205013670875
2	1205013686907	1205013689265
2	1205013766170	1205013767502
2	1205013771475	1205013775771
2	1205013797737	1205013800689
2	1205013829475	1205013832207
2	1205013835629	1205013837912
2	1205013972549	1205013976137
2	1205013995242	1205013997128
2	1205013998549	1205014001337
2	1205014090470	1205014091872
2	1205014224675	1205014228362
2	1205014243967	1205014245247
2	1205014321535	1205014325560
2	1205014335744	1205014340906
2	1205014357385	1205014360129
2	1205014367555	1205014370358
2	1205014388183	1205014390765
2	1205014391517	1205014394447
2	1205014434434	1205014436725
2	1205014437986	1205014440289
2	1205014596165	1205014598271
2	1205014605567	1205014610663
2	1205014618926	1205014621643
2	1205014701656	1205014705147
2	1205014775307	1205014776552
2	1205014776741	1205014781101
2	1205014851146	1205014854664
2	1205014950646	1205014951300
2	1205014959199	1205014961473
2	1205015081635	1205015090708
2	1205015098587	1205015101362
2	1205015102319	1205015104913
2	1205015117120	1205015126994
2	1205015138413	1205015140582
2	1205015161168	1205015163364
2	1205015179111	1205015181183
2	1205015186197	1205015190786
2	1205015386439	1205015388719
2	1205015396732	1205015400402
2	1205015401858	1205015409871
2	1205015411417	1205015414250
2	1205015467138	1205015471354
2	1205015472350	1205015478646
2	1205015480433	1205015488127
2	1205015489971	1205015504833
2	1205015505391	1205015510749
2	1205015512827	1205015525517
2	1205015526974	1205015529933
2	1205015540541	1205015542660
2	1205015544708	1205015546427
2	1205015548189	1205015550325
2	1205015575242	1205015584776
2	1205015595808	1205015600287
2	1205015725856	1205015730883
2	1205015742115	1205015746659
2	1205015753823	1205015758374
3	1204966906439	1204966909973
3	1204966918309	1204966920855
3	1204966938677	1204966939940
3	1204966940328	1204966942421
3	1204966947347	1204966958270
3	1204966967864	1204966972328
3	1204966973275	1204966977250
3	1204966978746	1204967002418
3	1204967021783	1204967029572
3	1204967034845	1204967037584
3	1204967049187	1204967051187
3	1204967051801	1204967055563
3	1204967188726	1204967192905
3	1204967193630	1204967210720
3	1204967214881	1204967221158
3	1204967225612	1204967229871
3	1204967231161	1204967236338
3	1204967308873	1204967316591
3	1204968107501	1204968113168
3	1204968135407	1204968140302
3	1204968140810	1204968149195
3	1204968164635	1204968168405
3	1204968168779	1204968178893
3	1204968191830	1204968195850
3	1204968196601	1204968202595
3	1204968629589	1204968633469
3	1204969134433	1204969136433
3	1204969137545	1204969140192
3	1204969199733	1204969201943
3	1204969301414	1204969301895
3	1204969304893	1204969307420
3	1204969319706	1204969325172
3	1204969379635	1204969381786
3	1204969383367	1204969388960
3	1204969513339	1204969518472
3	1204969519317	1204969521427
3	1204969540245	1204969542343
3	1204969577421	1204969581753
3	1204969583950	1204969587637
3	1204969591285	1204969599387
3	1204969705328	1204969713549
3	1204969718160	1204969722744
3	1204969782795	1204969787358
3	1204969889348	1204969894820
3	1204969917943	1204969920105
3	1204969975860	1204969978103
3	1204970004324	1204970006362
3	1204970012470	1204970016331
3	1204970019719	1204970024483
3	1204970027283	1204970031712
3	1204970031916	1204970034461
3	1204970050544	1204970052742
3	1204970054665	1204970056989
3	1204970076219	1204970076499
3	1204970134431	1204970138128
3	1204970151105	1204970153337
3	1204970189954	1204970194376
3	1204970238260	1204970242209
3	1204970331546	1204970337342
3	1204970378531	1204970380882
3	1204970416854	1204970419203
3	1204970425657	1204970430804
3	1204970458637	1204970464835
3	1204970493323	1204970496333
3	1204970498489	1204970505458
3	1204970565487	1204970570918
3	1204970647564	1204970649934
3	1204970700892	1204970706280
3	1204970772241	1204970783527
3	1204970788873	1204970798409
3	1204970800943	1204970802205
3	1204970803898	1204970805225
3	1204970806569	1204970808521
3	1204970831526	1204970835570
3	1204970872210	1204970874631
3	1204970906791	1204970908593
3	1204971086854	1204971092570
3	1204971097839	1204971102469
3	1204971107147	1204971111650
3	1204971172561	1204971174759
3	1204971321995	1204971327592
3	1204971328656	1204971331286
3	1204971338182	1204971342329
3	1204971343891	1204971346281
3	1204971459608	1204971463724
3	1204971478683	1204971481157
3	1204971485280	1204971487767
3	1204971509476	1204971513519
3	1204971515615	1204971521413
3	1204971565872	1204971567807
3	1204971569460	1204971571988
3	1204971574684	1204971577454
3	1204971646909	1204971651975
3	1204971663639	1204971666234
3	1204971683281	1204971687184
3	1204971690762	1204971695983
3	1204971710690	1204971712574
3	1204971712692	1204971718629
3	1204971727745	1204971731725
3	1204971757253	1204971763785
3	1204971769705	1204971771898
3	1204971778746	1204971780678
3	1204971784546	1204971785812
3	1204971794183	1204971795452
3	1204971796781	1204971798806
3	1204971805696	1204971809452
3	1204971810633	1204971811341
3	1204971814666	1204971816519
3	1204971934233	1204971936704
3	1204971938482	1204971940892
3	1204971952136	1204971958520
3	1204971959746	1204971961609
3	1204971966581	1204971969153
3	1204971984284	1204971986382
3	1204971991567	1204971995465
3	1204971995669	1204971997585
3	1204971999401	1204972003574
3	1204972019344	1204972023814
3	1204972094930	1204972096979
3	1204972272465	1204972274599
3	1204972298714	1204972301156
3	1204972301760	1204972303406
3	1204972343830	1204972346171
3	1204972365102	1204972368266
3	1204972501264	1204972507747
3	1204972515338	1204972519240
3	1204972536140	1204972541204
3	1204972656710	1204972662173
3	1204972751355	1204972756924
3	1204972861166	1204972863338
3	1204972877772	1204972879688
3	1204972948447	1204972953406
3	1204973573548	1204973582502
3	1204973584310	1204973589572
3	1204973590172	1204973593357
3	1204974513536	1204974528353
3	1204974530138	1204974534984
3	1204974560885	1204974563177
3	1204974580754	1204974591379
3	1204974603519	1204974608195
3	1204974615188	1204974617336
3	1204974618850	1204974622175
3	1204974630340	1204974632593
3	1204974662317	1204974664509
3	1204974667821	1204974672981
3	1204974691582	1204974693907
3	1204974698234	1204974701381
3	1204974701412	1204974705438
3	1204974709537	1204974711739
3	1204978525883	1204978536143
3	1204978543119	1204978549173
3	1204978554449	1204978558738
3	1204978564903	1204978569441
3	1204978578770	1204978584378
3	1204978594321	1204978599174
3	1204978610418	1204978616891
3	1204978631918	1204978638515
3	1204978652196	1204978656653
3	1204978907839	1204978911896
3	1204978912291	1204978914514
3	1204978925255	1204978931560
3	1204978935274	1204978939293
3	1204978941916	1204978955431
3	1204978961142	1204978972552
3	1204978973622	1204978977700
3	1204978984781	1204978988617
3	1204978994755	1204979000513
3	1204979003616	1204979005786
3	1204979102402	1204979105305
3	1204979669360	1204979673609
3	1204979904731	1204979911673
3	1204979942645	1204979946600
3	1204980023905	1204980028916
3	1204980029541	1204980033424
3	1204980101942	1204980110299
3	1204980121211	1204980121726
3	1204980133185	1204980134446
3	1204980135556	1204980140492
3	1204980149382	1204980151941
3	1204980159474	1204980161448
3	1204980162434	1204980163710
3	1204980165788	1204980169950
3	1204980171301	1204980178631
3	1204980179139	1204980181535
3	1204980181668	1204980193740
3	1204980201749	1204980210832
3	1204980214394	1204980216727
3	1204980256475	1204980258929
3	1204980259256	1204980261866
3	1204980314138	1204980315445
3	1204980455420	1204980457751
3	1204980498730	1204980500598
3	1204980518491	1204980523388
3	1204980532124	1204980533962
3	1204980594535	1204980599338
3	1204980675780	1204980677195
3	1204980688880	1204980691242
3	1204980784193	1204980788214
3	1204980791440	1204980798853
3	1204980802916	1204980808584
3	1204980908874	1204980922375
3	1204982354465	1204982356600
3	1204984019378	1204984025506
3	1204984185406	1204984189134
3	1204984971626	1204984973688
3	1204984975401	1204984980203
3	1204984981759	1204984989967
3	1204984991708	1204984993956
3	1204984995705	1204984998226
3	1204984998437	1204984999696
3	1204985000193	1204985001300
3	1204985005907	1204985008309
3	1204985157297	1204985161135
3	1204985161372	1204985162644
3	1204985164977	1204985167282
3	1204985174956	1204985176894
3	1204985179176	1204985181192
3	1204985768774	1204985773492
3	1204985854800	1204985858246
3	1204986026978	1204986029386
3	1204986030221	1204986033653
3	1204986037910	1204986039610
3	1204986040154	1204986042730
3	1204986644843	1204986647194
3	1204986648588	1204986650499
3	1204986679871	1204986682197
3	1204986869785	1204986871798
3	1204987238935	1204987243142
3	1204987246105	1204987248426
3	1204987255145	1204987257264
3	1204987258428	1204987260357
3	1204987288566	1204987290103
3	1204987830253	1204987832449
3	1204987891442	1204987893801
3	1204987911582	1204987915366
3	1204987916908	1204987920682
3	1204988102865	1204988108488
3	1204988109678	1204988111747
3	1204988114343	1204988116473
3	1204988152526	1204988156272
3	1204988862467	1204988867458
3	1204988887765	1204988890755
3	1204988902440	1204988904674
3	1204988919360	1204988920606
3	1204988929326	1204988931627
3	1204988939219	1204988940484
3	1204988976838	1204988978801
3	1204989010342	1204989012289
3	1204989042542	1204989044951
3	1204989065976	1204989071942
3	1204989264534	1204989267590
3	1204989427974	1204989432214
3	1204990725821	1204990729157
3	1204990734284	1204990737531
3	1204990738370	1204990742476
3	1204990754832	1204990760275
3	1204990785858	1204990789472
3	1204990796647	1204990798874
3	1204990799315	1204990804885
3	1204991260253	1204991264405
3	1204993257910	1204993265405
3	1204993273549	1204993278604
3	1204993313881	1204993317878
3	1204993383577	1204993387800
3	1204993389532	1204993391871
3	1204993392298	1204993402685
3	1204993407737	1204993411265
3	1204993411495	1204993413645
3	1204993451227	1204993453779
3	1204993566141	1204993572759
3	1204994756217	1204994758158
3	1204995577828	1204995580228
3	1204995581316	1204995584641
3	1204995593534	1204995594853
3	1204995622246	1204995631235
3	1204995633469	1204995638923
3	1204995645300	1204995649728
3	1204995653494	1204995656573
3	1204995658968	1204995661109
3	1204995676622	1204995681999
3	1204995683411	1204995687329
3	1205001765886	1205001769831
3	1205001775909	1205001780428
3	1205001983822	1205001985892
3	1205002015731	1205002019674
3	1205002201188	1205002204683
3	1205002213761	1205002217424
3	1205002229841	1205002235620
3	1205002424130	1205002426391
3	1205002428151	1205002430559
3	1205003151410	1205003153705
3	1205003402640	1205003406322
3	1205003414678	1205003416588
3	1205003721205	1205003726216
3	1205003728552	1205003733686
3	1205003914441	1205003920161
3	1205003920672	1205003932340
3	1205003977505	1205003984107
3	1205004035932	1205004038803
3	1205004041936	1205004043999
3	1205004061530	1205004066978
3	1205004067534	1205004073638
3	1205004075601	1205004078102
3	1205004114241	1205004116834
3	1205004120299	1205004129238
3	1205004131962	1205004137413
3	1205004276929	1205004281792
3	1205004282148	1205004286454
3	1205004428872	1205004433258
3	1205004435853	1205004442731
3	1205006569465	1205006576431
3	1205007254623	1205007257899
3	1205007258674	1205007260663
3	1205007303935	1205007305842
3	1205008612261	1205008617856
3	1205009288667	1205009294871
3	1205009797841	1205009807703
3	1205010021975	1205010026289
3	1205010142834	1205010145466
3	1205010269216	1205010277671
3	1205010353541	1205010355330
3	1205010711306	1205010719430
3	1205010719529	1205010723314
3	1205010949446	1205010957489
3	1205011376470	1205011383864
3	1205011803488	1205011807947
3	1205011808172	1205011813930
3	1205011814148	1205011822895
3	1205012576102	1205012580941
3	1205013683665	1205013689196
3	1205015529892	1205015537613
3	1205015746198	1205015749866
3	1205015750204	1205015754218
7	1204966928780	1204966934688
7	1204966936574	1204966938431
7	1204966939684	1204966941812
7	1204966977754	1204966981756
7	1204967505131	1204967511842
7	1204967937826	1204967941490
7	1204967942127	1204967944657
7	1204967955126	1204967958503
7	1204967981992	1204967984322
7	1204967989926	1204967992799
7	1204967993572	1204968002565
7	1204968081452	1204968086276
7	1204968086650	1204968088993
7	1204968097861	1204968106145
7	1204968611661	1204968615715
7	1204971480423	1204971485536
7	1204971485936	1204971488559
7	1204971488996	1204971491673
7	1204971496174	1204971500413
7	1204971582542	1204971585479
7	1204971585997	1204971588433
7	1204971597810	1204971603463
7	1204971641913	1204971646118
7	1204971777887	1204971782450
7	1204971788339	1204971790289
7	1204971791665	1204971794308
7	1204971801747	1204971803828
7	1204971803986	1204971810915
7	1204971811476	1204971814666
7	1204971816165	1204971822103
7	1204971824613	1204971827218
7	1204971827646	1204971829683
7	1204971832139	1204971833449
7	1204971836666	1204971842393
7	1204971846574	1204971850646
7	1204971851504	1204971855616
7	1204971857251	1204971861301
7	1204971904154	1204971906667
7	1204974261933	1204974264942
7	1204974267232	1204974270398
7	1204974482688	1204974486911
7	1204974534576	1204974547702
7	1204974559479	1204974564521
7	1204974567849	1204974571200
7	1204974571645	1204974577126
7	1204974591715	1204974593116
7	1204974593145	1204974595771
7	1204974599683	1204974606109
7	1204974630456	1204974634632
7	1204974635596	1204974642295
7	1204974642781	1204974645295
7	1204974652277	1204974657106
7	1204978520771	1204978525110
7	1204978539815	1204978546510
7	1204978550756	1204978553123
7	1204978571620	1204978573716
7	1204978574618	1204978577104
7	1204978582133	1204978584504
7	1204978587325	1204978589653
7	1204978590635	1204978593361
7	1204978746329	1204978749448
7	1204978750285	1204978756455
7	1204978968316	1204978972702
7	1204978976387	1204978983908
7	1204979022657	1204979027511
7	1204979201798	1204979203901
7	1204979208195	1204979210247
7	1204979210583	1204979212845
7	1204979217625	1204979219573
7	1204979222564	1204979224732
7	1204979348759	1204979353115
7	1204979972545	1204979979275
7	1204980014199	1204980021506
7	1204980024844	1204980025398
7	1204980025866	1204980036416
7	1204980073322	1204980077487
7	1204980119778	1204980123696
7	1204980223727	1204980227529
7	1204980307483	1204980311812
7	1204980433618	1204980437753
7	1204980690184	1204980695236
7	1204980836804	1204980845768
7	1204980860820	1204980864781
7	1204980910407	1204980911676
7	1204980912584	1204980914900
7	1204980980931	1204980988221
7	1204980990305	1204980994321
7	1204981139212	1204981141396
7	1204981141597	1204981143557
7	1204981147156	1204981151424
7	1204981157144	1204981160141
7	1204981174390	1204981182446
7	1204981219127	1204981225736
7	1204981232168	1204981237957
7	1204981240345	1204981244991
7	1204981305698	1204981312107
7	1204981410743	1204981413267
7	1204981429787	1204981434484
7	1204981871694	1204981878291
7	1204981888120	1204981893314
7	1204986292102	1204986302391
7	1204986394310	1204986398150
7	1204986406845	1204986409313
7	1204986831649	1204986837910
7	1204987402280	1204987404631
7	1204987405567	1204987408477
7	1204987562156	1204987563394
7	1204987653381	1204987655636
7	1204987812857	1204987814721
7	1204988281435	1204988288859
7	1204988381583	1204988383715
7	1204988567236	1204988569768
7	1204988594754	1204988597104
7	1204988670599	1204988678111
7	1204988693253	1204988694548
7	1204988697910	1204988699204
7	1204988700103	1204988707120
7	1204988707598	1204988710683
7	1204988716258	1204988720550
7	1204988726301	1204988728693
7	1204988988328	1204988992174
7	1204989329169	1204989329418
7	1204989332306	1204989334761
7	1204989336733	1204989340255
7	1204989341446	1204989359481
7	1204989362393	1204989372486
7	1204989404233	1204989408873
7	1204989417219	1204989425891
7	1204990718376	1204990723400
7	1204990732920	1204990735156
7	1204990739103	1204990741410
7	1204990741594	1204990742927
7	1204990747732	1204990758725
7	1204990760110	1204990764970
7	1204990765669	1204990768267
7	1204991083371	1204991086448
7	1204991727127	1204991730331
7	1204991733826	1204991736113
7	1204992093155	1204992103959
7	1204992105933	1204992109337
7	1204992243599	1204992253433
7	1204992608943	1204992610138
7	1204992696363	1204992696934
7	1204992736912	1204992741248
7	1204992840907	1204992842996
7	1204993001901	1204993003141
7	1204993174883	1204993176119
7	1204993349680	1204993352544
7	1204993356836	1204993360705
7	1204993777376	1204993779224
7	1204993779831	1204993787609
7	1204993909881	1204993916599
7	1204993955423	1204993958866
7	1204993961645	1204993964499
7	1204993970751	1204993972511
7	1204994237994	1204994239194
7	1204994246433	1204994248729
7	1204994599536	1204994606133
7	1204994726932	1204994729449
7	1204995086474	1204995090734
7	1204995175799	1204995177390
7	1204995264128	1204995265273
7	1204995271353	1204995273659
7	1204995461619	1204995466968
7	1204995641953	1204995647720
7	1204995769539	1204995775203
7	1204995777968	1204995780422
7	1204995799932	1204995808484
7	1205001738496	1205001740979
7	1205001869622	1205001877319
7	1205001889194	1205001894955
7	1205001897101	1205001899635
7	1205001900169	1205001905876
7	1205001916324	1205001918995
7	1205001919175	1205001922916
7	1205001966590	1205001968881
7	1205002016714	1205002019462
7	1205002151472	1205002154731
7	1205002166342	1205002170149
7	1205002993653	1205002999322
7	1205003034176	1205003036452
7	1205003198685	1205003203103
7	1205003205879	1205003208675
7	1205003616590	1205003619346
7	1205003621605	1205003624139
7	1205003659537	1205003662596
7	1205003690819	1205003697529
7	1205003714522	1205003721205
7	1205004134382	1205004136335
7	1205004216625	1205004228508
7	1205015404449	1205015409224
7	1205015461789	1205015464374
7	1205015528475	1205015529715
7	1205015532180	1205015536524
7	1205015578263	1205015581533
7	1205015585736	1205015595483
7	1205015757179	1205015760626
8	1204966917397	1204966920359
8	1204966929219	1204966933336
8	1204966977545	1204966979657
8	1204967000934	1204967004471
8	1204967020453	1204967024127
8	1204967515243	1204967519230
8	1204967933310	1204967937367
8	1204968106571	1204968109805
8	1204968111735	1204968116922
8	1204968175941	1204968180432
8	1204968617635	1204968618868
8	1204971479404	1204971480800
8	1204971496561	1204971506306
8	1204971616234	1204971621464
8	1204971623813	1204971633982
8	1204971634823	1204971638798
8	1204971815554	1204971823556
8	1204971932775	1204971935551
8	1204974537647	1204974544208
8	1204974556685	1204974561164
8	1204974566857	1204974570901
8	1204974571369	1204974583274
8	1204974588747	1204974592579
8	1204974652766	1204974656225
8	1204974656384	1204974659366
8	1204974659784	1204974668846
8	1204974682584	1204974688341
8	1204978383824	1204978394630
8	1204978513437	1204978518511
8	1204978521608	1204978526224
8	1204978566542	1204978576282
8	1204978974894	1204978978665
8	1204978982358	1204978986694
8	1204979967930	1204979970272
8	1204980075649	1204980077837
8	1204980125269	1204980132486
8	1204980191843	1204980196367
8	1204980199864	1204980203576
8	1204980688827	1204980690986
8	1204980880763	1204980884956
8	1204980905773	1204980909319
8	1204981017443	1204981020699
8	1204981031250	1204981034220
8	1204981114671	1204981117585
8	1204981134561	1204981138855
8	1204981199724	1204981206999
8	1204981214206	1204981218546
8	1204981222770	1204981234489
8	1204981239886	1204981242966
8	1204981890568	1204981894764
8	1204982003441	1204982008844
8	1204982010366	1204982014228
8	1204982353260	1204982358569
8	1204982548650	1204982551376
8	1204986253187	1204986255512
8	1204986256282	1204986266545
8	1204986270521	1204986275641
8	1204986276563	1204986279718
8	1204988691321	1204988698140
8	1204989280468	1204989285378
8	1204989285674	1204989290210
8	1204989293382	1204989298655
8	1204989339485	1204989345428
8	1204989349540	1204989355300
8	1204989364151	1204989367942
8	1204989375716	1204989378635
8	1204989382891	1204989388262
8	1204989391763	1204989400545
8	1204989421110	1204989426559
8	1204989427838	1204989437215
8	1204989438411	1204989452452
8	1204990713197	1204990716349
8	1204990717668	1204990726641
8	1204995606335	1204995609773
8	1204995618399	1204995622717
8	1204995646982	1204995650212
8	1204995650820	1204995653645
8	1204995660837	1204995664136
8	1204995671594	1204995675408
8	1204995675542	1204995678512
8	1204995689393	1204995694176
8	1204995809418	1204995813635
8	1204995816798	1204995825110
8	1204995849667	1204995851362
8	1205001732579	1205001737634
8	1205001740686	1205001745434
8	1205001750261	1205001752922
8	1205001762749	1205001765246
8	1205001866624	1205001870243
8	1205001990165	1205001994125
8	1205001997397	1205002004531
8	1205002006444	1205002010185
8	1205002173529	1205002178653
8	1205002179607	1205002182742
8	1205002195919	1205002198299
8	1205002198854	1205002204822
8	1205002393758	1205002395858
8	1205002396665	1205002399364
8	1205002441870	1205002445164
8	1205002445701	1205002448396
8	1205002491129	1205002493291
8	1205002494561	1205002496678
8	1205003638571	1205003642237
8	1205003657626	1205003661258
8	1205003719234	1205003723471
8	1205003860683	1205003864814
8	1205003868572	1205003871776
8	1205003894406	1205003897408
8	1205003913172	1205003916276
8	1205004224853	1205004229245
8	1205006761552	1205006764581
8	1205006913247	1205006916261
8	1205011819778	1205011824254
8	1205011831473	1205011834610
8	1205015187116	1205015190304
8	1205015386262	1205015390416
8	1205015425505	1205015427574
8	1205015431357	1205015438365
8	1205015449805	1205015451910
8	1205015453207	1205015457319
8	1205015466490	1205015475986
8	1205015527718	1205015531797
8	1205015537195	1205015548525
8	1205015558707	1205015561798
8	1205015589602	1205015594552
8	1205015594690	1205015597654
8	1205015597843	1205015604933
8	1205015725221	1205015731712
8	1205015735803	1205015738838
8	1205015743802	1205015747942
8	1205015754988	1205015759276
8	1205015760626	1205015762652
9	1204966904941	1204966908470
9	1204966935406	1204966940145
9	1204967517279	1204967520715
9	1204967932847	1204967935870
9	1204971508627	1204971510374
9	1204971820284	1204971820970
9	1204971932205	1204971935676
9	1204971953123	1204971957123
9	1204972516471	1204972521499
9	1204972521985	1204972525687
9	1204973575434	1204973580261
9	1204974557763	1204974560765
9	1204974663229	1204974668573
9	1204974725510	1204974727900
9	1204974728284	1204974730439
9	1204978375557	1204978377605
9	1204978378637	1204978385984
9	1204978389750	1204978396583
9	1204978525293	1204978527600
9	1204980029267	1204980032898
9	1204980131284	1204980132602
9	1204981231174	1204981233339
9	1204981890797	1204981894244
9	1204982002849	1204982004997
9	1204982356245	1204982358569
9	1204982548792	1204982550448
9	1204986251926	1204986255918
9	1204986272311	1204986275709
9	1204989282394	1204989284729
9	1204989285199	1204989287370
9	1204989352870	1204989356159
9	1204989363680	1204989365557
9	1204989394469	1204989396504
9	1204989449954	1204989451977
9	1204990712492	1204990714461
9	1204990721922	1204990724397
9	1204995607596	1204995611104
9	1204995647840	1204995655978
9	1204995672712	1204995677167
9	1204995685770	1204995688507
9	1204995848490	1204995850304
9	1204995854406	1204995856619
9	1205001728947	1205001731259
9	1205001738771	1205001740644
9	1205001741122	1205001744590
9	1205001750905	1205001754546
9	1205001866636	1205001868232
9	1205004225945	1205004229245
9	1205006912772	1205006914654
9	1205015188489	1205015190466
9	1205015385847	1205015389625
9	1205015436225	1205015440389
9	1205015538475	1205015540357
9	1205015558103	1205015560430
9	1205015598837	1205015603935
9	1205015725399	1205015729610
9	1205015756401	1205015758374
14	1204967517917	1204967520241
14	1204967932140	1204967934808
14	1204974667295	1204974669273
14	1204978512267	1204978514335
14	1204980882163	1204980884397
14	1204980904401	1204980906545
14	1204981115895	1204981117977
14	1204981133302	1204981136401
14	1204981206492	1204981208713
14	1204981213335	1204981215240
14	1204981238944	1204981240889
14	1204982012458	1204982013753
14	1204982357450	1204982358973
14	1204986251249	1204986252961
14	1204989362967	1204989364950
14	1204995617102	1204995619364
14	1204995692455	1204995694766
14	1205001730642	1205001732415
14	1205001751890	1205001754341
14	1205001760691	1205001762942
14	1205003640183	1205003642217
14	1205003656773	1205003658875
14	1205003862109	1205003864264
14	1205003911612	1205003915550
14	1205006763132	1205006764993
14	1205011821667	1205011823791
14	1205011830223	1205011832394
14	1205015384108	1205015386210
14	1205015447920	1205015449656
14	1205015539101	1205015541127
14	1205015723476	1205015725399
15	1204966903687	1204966905807
15	1204966914920	1204966916980
15	1204967518402	1204967521119
15	1204967931433	1204967934888
15	1204971820912	1204971823419
15	1204971931169	1204971933590
15	1204974654853	1204974656666
15	1204974666893	1204974670304
15	1204974690435	1204974694355
15	1204974720935	1204974723407
15	1204974724208	1204974726817
15	1204974729280	1204974730572
15	1204978373958	1204978379309
15	1204978392887	1204978397594
15	1204978511761	1204978515679
15	1204980882429	1204980884644
15	1204980903970	1204980906367
15	1204981029942	1204981032206
15	1204981116758	1204981119448
15	1204981133177	1204981137189
15	1204981206738	1204981209303
15	1204981212702	1204981215831
15	1204981231996	1204981234489
15	1204981238355	1204981240753
15	1204981891685	1204981895518
15	1204982001950	1204982003993
15	1204982012385	1204982015647
15	1204982357177	1204982359692
15	1204982547132	1204982549668
15	1204986250900	1204986253444
15	1204989283234	1204989285513
15	1204989353848	1204989356569
15	1204989362149	1204989365416
15	1204989433911	1204989439330
15	1204989449835	1204989453198
15	1204990710243	1204990713470
15	1204995608776	1204995612270
15	1204995616591	1204995619224
15	1204995692595	1204995695432
15	1204995826998	1204995829226
15	1205001727594	1205001732579
15	1205001742140	1205001744252
15	1205001752115	1205001754341
15	1205001760569	1205001762478
15	1205001864774	1205001867980
15	1205003640569	1205003642581
15	1205003656311	1205003658543
15	1205003862469	1205003864672
15	1205003867208	1205003870416
15	1205003895809	1205003897906
15	1205003911754	1205003915274
15	1205004226707	1205004229480
15	1205006763431	1205006766688
15	1205006911907	1205006913922
15	1205011821924	1205011825695
15	1205011829645	1205011832647
15	1205015189354	1205015191465
15	1205015383328	1205015387489
15	1205015437877	1205015440261
15	1205015447304	1205015449811
15	1205015539695	1205015541908
15	1205015556942	1205015559327
15	1205015599942	1205015601960
15	1205015602909	1205015605363
15	1205015722835	1205015726226
16	1204967518959	1204967521389
16	1204974721346	1204974724600
16	1204978393326	1204978396220
16	1204982012745	1204982013921
16	1204989354421	1204989357485
16	1204995609108	1204995612645
16	1204995855976	1204995857828
16	1205001742445	1205001744448
16	1205001864614	1205001866358
16	1205004227261	1205004230153
16	1205006911602	1205006913541
16	1205015189680	1205015191760
16	1205015384401	1205015386210
16	1205015438486	1205015441659
16	1205015540531	1205015542361
16	1205015556768	1205015558588
16	1205015600287	1205015605526
16	1205015722295	1205015724597
16	1205015758652	1205015760858
16	1205015762296	1205015764179
17	1205015603231	1205015605230
21	1204980883233	1204980884523
21	1204981019481	1204981022886
21	1204981029282	1204981031376
21	1204981116697	1204981120126
21	1204981132680	1204981133973
21	1205003641180	1205003644593
21	1205003655645	1205003656914
21	1205003866412	1205003869815
22	1204980883501	1204980886912
22	1204981028862	1204981032616
22	1204981116931	1204981120454
22	1204981132117	1204981136543
22	1205003655314	1205003658758
22	1205003866244	1205003869934
22	1205003896534	1205003900426
22	1205003910641	1205003914779
23	1204967519965	1204967522456
23	1204967930266	1204967934266
23	1204974669517	1204974671388
23	1204974687270	1204974690161
23	1204978395304	1204978397255
23	1204978510658	1204978513851
23	1204980902776	1204980905593
23	1204981207584	1204981210841
23	1204981211873	1204981213174
23	1204981237555	1204981239508
23	1204982001123	1204982002981
23	1204989360997	1204989364652
23	1204990709964	1204990711718
23	1204995615460	1204995618967
23	1204995828479	1204995830524
23	1205001753261	1205001756185
23	1205001759592	1205001761513
23	1205011823303	1205011826594
23	1205011828715	1205011830679
23	1205015382178	1205015385147
23	1205015446434	1205015448466
23	1205015721328	1205015724236
24	1204966901436	1204966903479
24	1204967520849	1204967523799
24	1204971822814	1204971825569
24	1204971929563	1204971931377
24	1204974724335	1204974727900
24	1204978372591	1204978375283
24	1204978395201	1204978397754
24	1204978510924	1204978513189
24	1204981208433	1204981209751
24	1204981210980	1204981212865
24	1204981233897	1204981236971
24	1204981893752	1204981896507
24	1204982359113	1204982361756
24	1204982545176	1204982547601
24	1204989356293	1204989360275
24	1204989453760	1204989457831
24	1204990707527	1204990709826
24	1204995610744	1204995613784
24	1204995694570	1204995697614
24	1204995844831	1204995847200
24	1204995857640	1204995859856
24	1205001725514	1205001729421
24	1205001744232	1205001746762
24	1205001862959	1205001866224
24	1205004228640	1205004231405
24	1205006765127	1205006767747
24	1205006909886	1205006912605
24	1205011823987	1205011827573
24	1205011827693	1205011829765
24	1205015191186	1205015193906
24	1205015381816	1205015384650
24	1205015440135	1205015442646
24	1205015445268	1205015447430
24	1205015542789	1205015545260
24	1205015554509	1205015557382
24	1205015604175	1205015607134
24	1205015720349	1205015723347
24	1205015760858	1205015763597
24	1205015763797	1205015765835
25	1204967521578	1204967524979
25	1205006765911	1205006768605
25	1205015441963	1205015444468
25	1205015606135	1205015607870
27	1204980884131	1204980887266
27	1204980897103	1204980899753
27	1204981027989	1204981031641
27	1204981131576	1204981135816
27	1205003654235	1205003658532
27	1205003865272	1205003869482
27	1205003897273	1205003900714
27	1205003909945	1205003913719
28	1204974671843	1204974678135
28	1204974684317	1204974689910
28	1204980898786	1204980900853
28	1205001754665	1205001757397
28	1205001757825	1205001759513
29	1204967522456	1204967524177
29	1204980899301	1204980903244
29	1204981209246	1204981212545
29	1204981234829	1204981236793
29	1204989359203	1204989360861
29	1204995612270	1204995613972
29	1205011825695	1205011829317
29	1205015380257	1205015381998
29	1205015444674	1205015446558
29	1205015719251	1205015721201
30	1204966899506	1204966902499
30	1204967522179	1204967525779
30	1204967927339	1204967931157
30	1204971823862	1204971826794
30	1204971928395	1204971931819
30	1204974732870	1204974734775
30	1204978370553	1204978373781
30	1204978396711	1204978400889
30	1204978508626	1204978512937
30	1204980900141	1204980903523
30	1204981209470	1204981212393
30	1204981234952	1204981239153
30	1204981894598	1204981896347
30	1204981999194	1204982002582
30	1204982015489	1204982018694
30	1204982360136	1204982363462
30	1204982544395	1204982547756
30	1204986248262	1204986249924
30	1204989357832	1204989361277
30	1204989454686	1204989457684
30	1204990707382	1204990709213
30	1204995611969	1204995616936
30	1204995695767	1204995698803
30	1204995831970	1204995835638
30	1205001723546	1205001726460
30	1205001745266	1205001748488
30	1205001861211	1205001864247
30	1205004229616	1205004233167
30	1205006908962	1205006910855
30	1205011825402	1205011829933
30	1205015192483	1205015195657
30	1205015379478	1205015384401
30	1205015441784	1205015447226
30	1205015543599	1205015550171
30	1205015553474	1205015557629
30	1205015606362	1205015609460
30	1205015718503	1205015722987
30	1205015763421	1205015768980
31	1204966893940	1204966897349
31	1204966897629	1204966902783
31	1204967523498	1204967527753
31	1204967925297	1204967930751
31	1204971824807	1204971829931
31	1204971925731	1204971929949
31	1204974727602	1204974735818
31	1204978364157	1204978372365
31	1204978397979	1204978401954
31	1204978507372	1204978510780
31	1204980014379	1204980016616
31	1204980023930	1204980026646
31	1204981896627	1204981898551
31	1204981997866	1204982000522
31	1204982016400	1204982019526
31	1204982361110	1204982364134
31	1204982542339	1204982546817
31	1204986246741	1204986249106
31	1204989457156	1204989464462
31	1204990702585	1204990708839
31	1204995697302	1204995701498
31	1204995837610	1204995853452
31	1204995857282	1204995858367
31	1204995861423	1204995867735
31	1205001720490	1205001724623
31	1205001746505	1205001749278
31	1205001860387	1205001862819
31	1205004230409	1205004232933
31	1205006767415	1205006773423
31	1205006906847	1205006911907
31	1205015193241	1205015196457
31	1205015378166	1205015382914
31	1205015547539	1205015555570
31	1205015606175	1205015610214
31	1205015717105	1205015720221
31	1205015767663	1205015771311
32	1204980015205	1204980017964
32	1204980023776	1204980025374
32	1205015444354	1205015445552
33	1204980884884	1204980888636
33	1204980896149	1204980898963
33	1204981021803	1204981024741
33	1204981027891	1204981030897
33	1204981118265	1204981122112
33	1204981130197	1204981133141
33	1205003642826	1205003647550
33	1205003653275	1205003656189
33	1205003898352	1205003901677
33	1205003908556	1205003911445
34	1204980885346	1204980888414
34	1204980895327	1204980897953
34	1204981021558	1204981024234
34	1204981026207	1204981029881
34	1204981118867	1204981121864
34	1204981129475	1204981132252
34	1205003643605	1205003645969
34	1205003652625	1205003655162
34	1205003898432	1205003901324
34	1205003907859	1205003910445
36	1204980885781	1204980887544
36	1204981021846	1204981023710
36	1204981026734	1204981028485
36	1204981119183	1204981120934
36	1205003643987	1205003645832
36	1205003652886	1205003654765
36	1205003898857	1205003900714
37	1204981026352	1204981028288
37	1204981127953	1204981131710
37	1205003651848	1205003653599
37	1205003900426	1205003901542
37	1205003906465	1205003909811
