1	1208594313200	1208594315325
1	1208594629792	1208594632256
1	1208594877792	1208594884255
1	1208594888294	1208594892387
1	1208594958515	1208594964117
1	1208594978884	1208594980132
1	1208595009691	1208595012459
1	1208595053766	1208595058159
1	1208595058286	1208595060935
1	1208595069403	1208595071491
1	1208595078200	1208595081540
1	1208595096967	1208595098793
1	1208595172402	1208595178612
1	1208595191676	1208595202691
1	1208595203831	1208595212321
1	1208595213155	1208595216628
1	1208595220670	1208595223618
1	1208595230481	1208595233337
1	1208595234781	1208595239545
1	1208595244266	1208595245532
1	1208595246592	1208595249320
1	1208595253656	1208595260818
1	1208595265370	1208595269898
1	1208595271950	1208595273429
1	1208595275562	1208595279977
1	1208595287668	1208595291560
1	1208595315768	1208595317809
1	1208595339525	1208595340790
1	1208595371731	1208595373801
1	1208595375245	1208595377829
1	1208595383729	1208595387816
1	1208595394510	1208595397781
1	1208595402993	1208595405618
1	1208595445879	1208595449119
1	1208595459888	1208595469416
1	1208595502294	1208595506386
1	1208595506510	1208595508593
1	1208595518871	1208595520469
1	1208595527638	1208595527715
1	1208595529393	1208595531467
1	1208595557601	1208595559686
1	1208595575966	1208595579617
1	1208595579999	1208595581889
1	1208595587113	1208595590270
1	1208595594428	1208595594926
1	1208595615521	1208595617316
1	1208595617502	1208595618809
1	1208595621892	1208595625943
1	1208595630999	1208595633385
1	1208595634606	1208595639502
1	1208595644640	1208595646157
1	1208595652813	1208595656627
1	1208595663634	1208595666524
1	1208595677326	1208595678605
1	1208595682247	1208595684705
1	1208595685438	1208595687482
1	1208595711238	1208595715255
1	1208595720261	1208595728765
1	1208595729710	1208595732154
1	1208595734737	1208595741117
1	1208595745607	1208595750656
1	1208595752907	1208595754167
1	1208595768336	1208595769591
1	1208595770874	1208595775122
1	1208595776870	1208595779298
1	1208595795297	1208595801296
1	1208595804224	1208595806789
1	1208595813387	1208595817602
1	1208595847135	1208595849630
1	1208595867114	1208595869302
1	1208595889197	1208595891426
1	1208595921609	1208595928781
1	1208595932891	1208595934319
1	1208595934549	1208595937668
1	1208595941368	1208595950210
1	1208595990725	1208595993287
1	1208596005753	1208596008242
1	1208596016104	1208596019275
1	1208596061672	1208596064446
1	1208596071375	1208596073699
1	1208596098788	1208596102974
1	1208596121700	1208596126424
1	1208596132595	1208596136705
1	1208596148560	1208596153261
1	1208596159597	1208596160324
1	1208596163688	1208596167208
1	1208596200142	1208596202159
1	1208596218568	1208596222336
1	1208596246206	1208596250662
1	1208596320423	1208596327952
1	1208596328848	1208596334808
1	1208596364681	1208596366900
1	1208596367393	1208596373707
1	1208596382325	1208596384525
1	1208596450690	1208596453259
1	1208596460476	1208596464746
1	1208596613279	1208596616337
1	1208596633131	1208596639544
1	1208596640349	1208596644270
1	1208596652510	1208596654816
1	1208596662349	1208596664667
1	1208596669332	1208596672962
1	1208596680865	1208596684903
1	1208596698153	1208596700776
1	1208596706403	1208596707684
1	1208596714486	1208596716572
1	1208596771245	1208596776329
1	1208596799190	1208596801437
1	1208596802183	1208596804641
1	1208596866933	1208596870537
1	1208596898453	1208596902208
1	1208596921866	1208596923498
1	1208596924662	1208596927278
1	1208596928181	1208596930599
1	1208596945322	1208596949445
1	1208596949460	1208596950738
1	1208596965725	1208596971821
1	1208596988249	1208596992816
1	1208597105278	1208597107738
1	1208597131693	1208597134962
1	1208597136273	1208597138937
1	1208597206970	1208597207941
1	1208597239946	1208597241181
1	1208597297743	1208597298321
1	1208597300214	1208597302318
1	1208597325481	1208597327620
1	1208597375871	1208597377110
1	1208597392466	1208597394658
1	1208597401540	1208597404170
1	1208597472297	1208597473525
1	1208597473922	1208597476144
1	1208597544708	1208597546982
1	1208597551157	1208597553268
1	1208597554941	1208597556779
1	1208597558801	1208597561607
1	1208597566618	1208597569326
1	1208597593420	1208597596267
1	1208597603970	1208597606587
1	1208597607783	1208597610314
1	1208597639464	1208597641290
1	1208597727397	1208597730193
1	1208597731285	1208597735619
1	1208597760282	1208597762824
1	1208597769165	1208597772620
1	1208597855473	1208597858137
1	1208597869687	1208597872167
1	1208597879825	1208597881378
1	1208597885140	1208597887212
1	1208597901117	1208597902381
1	1208597915420	1208597916695
1	1208597982806	1208597984406
1	1208597986214	1208597989768
1	1208597989902	1208597995619
1	1208598011254	1208598014235
1	1208598015844	1208598030558
1	1208598058518	1208598063757
1	1208598243999	1208598246862
1	1208598247560	1208598251543
1	1208598251853	1208598254161
1	1208598262657	1208598266589
1	1208598270390	1208598272344
1	1208598279766	1208598282911
1	1208598284439	1208598290273
1	1208598290649	1208598297629
1	1208598300368	1208598302785
1	1208598362111	1208598368525
1	1208598370694	1208598378764
1	1208598380344	1208598382491
1	1208598540966	1208598543202
1	1208598630119	1208598632297
1	1208598757825	1208598761465
1	1208598762174	1208598764353
1	1208598770541	1208598772711
1	1208598773455	1208598776281
1	1208599214541	1208599216602
1	1208599218375	1208599220699
1	1208599355114	1208599359362
1	1208599552800	1208599554782
1	1208599663246	1208599665316
1	1208599749368	1208599751667
1	1208600069158	1208600072471
1	1208600115600	1208600119787
1	1208600131425	1208600133745
1	1208600134463	1208600137125
1	1208600153211	1208600155567
1	1208600156691	1208600158888
1	1208600166591	1208600170472
1	1208600171536	1208600177728
1	1208600195856	1208600198463
1	1208600203687	1208600209176
1	1208600226425	1208600231272
1	1208600232833	1208600235819
1	1208600237894	1208600242296
1	1208600242516	1208600248245
1	1208600272379	1208600273643
1	1208600281932	1208600286111
1	1208600290779	1208600292599
1	1208600316827	1208600318880
1	1208600393835	1208600396193
1	1208600540475	1208600541679
1	1208600543699	1208600549241
1	1208600553452	1208600556168
1	1208600578943	1208600582946
1	1208600621570	1208600623660
1	1208600632498	1208600634666
1	1208600643165	1208600646290
1	1208600646904	1208600649359
1	1208600660677	1208600662891
1	1208600680549	1208600684435
1	1208600684818	1208600687503
1	1208600705506	1208600707290
1	1208600708601	1208600711160
1	1208600716423	1208600721887
1	1208600757953	1208600760365
1	1208600784113	1208600787774
1	1208600830707	1208600832266
1	1208600876288	1208600882600
1	1208600885805	1208600887899
1	1208600895313	1208600898969
1	1208600902916	1208600905275
1	1208600948424	1208600954202
1	1208600958397	1208600962815
1	1208600967147	1208600968439
1	1208600975564	1208600979693
1	1208601003860	1208601005987
1	1208601006181	1208601008467
1	1208601014820	1208601018528
1	1208601020490	1208601032833
1	1208601072266	1208601074520
1	1208601074639	1208601077649
1	1208601096725	1208601098825
1	1208601099705	1208601101570
1	1208601103470	1208601105479
1	1208601113721	1208601114974
1	1208601126595	1208601129196
1	1208601131366	1208601135810
1	1208601137479	1208601138739
1	1208601142791	1208601144453
1	1208601150710	1208601152778
1	1208601155320	1208601159502
1	1208601163509	1208601165351
1	1208601260267	1208601262263
1	1208601264517	1208601265794
1	1208601268961	1208601277944
1	1208601286191	1208601288424
1	1208601294420	1208601296752
1	1208601297730	1208601299544
1	1208601310895	1208601312197
1	1208601329785	1208601331999
1	1208601347213	1208601349361
1	1208601355345	1208601357464
1	1208601366480	1208601368660
1	1208601376577	1208601379613
1	1208601380107	1208601384652
1	1208601393957	1208601395221
1	1208601411468	1208601414464
1	1208601421921	1208601424291
1	1208601432908	1208601434981
1	1208601472633	1208601476827
1	1208601477398	1208601479658
1	1208601480467	1208601481740
1	1208601514306	1208601517594
1	1208601524149	1208601529952
1	1208601544357	1208601545636
1	1208601547962	1208601549521
1	1208601566904	1208601577567
1	1208601924142	1208601933671
1	1208601934149	1208601936398
1	1208601944738	1208601947318
1	1208601949442	1208601950727
1	1208601951565	1208601954488
1	1208601980552	1208601984760
1	1208602042825	1208602046115
1	1208602053438	1208602057272
1	1208602134317	1208602136327
1	1208602165264	1208602169166
1	1208602283251	1208602285706
1	1208602331984	1208602334231
1	1208602376158	1208602378618
1	1208602484151	1208602487330
1	1208602522841	1208602525387
1	1208602557441	1208602560160
1	1208602567652	1208602569870
1	1208602677102	1208602679276
1	1208602708826	1208602711221
1	1208602713370	1208602713370
1	1208602761689	1208602762938
1	1208602764525	1208602768211
1	1208602772697	1208602775203
1	1208602776963	1208602781469
1	1208602792774	1208602794730
1	1208602865473	1208602867622
1	1208603090952	1208603092144
1	1208603213219	1208603215974
1	1208603232508	1208603234901
1	1208603339750	1208603342236
1	1208603379306	1208603380554
1	1208603380855	1208603384375
1	1208603388913	1208603390900
1	1208603396733	1208603400541
1	1208603408914	1208603411665
1	1208603569699	1208603571624
1	1208603601292	1208603603807
1	1208603793214	1208603799816
1	1208603805606	1208603815725
1	1208603818683	1208603821302
1	1208603841424	1208603846990
1	1208603861992	1208603864690
1	1208603865278	1208603869198
1	1208603885949	1208603888285
1	1208603893482	1208603896372
1	1208603896528	1208603903234
1	1208603904670	1208603906381
1	1208603906516	1208603911419
1	1208603913677	1208603916339
1	1208603920659	1208603922955
1	1208603933468	1208603936512
1	1208603942204	1208603944370
1	1208603945266	1208603950230
1	1208603963853	1208603965113
1	1208603965486	1208603967718
1	1208603975835	1208603978683
1	1208604018717	1208604023593
1	1208604024580	1208604027171
1	1208604032268	1208604038361
1	1208604038892	1208604044354
1	1208604047757	1208604050894
1	1208604062231	1208604066195
1	1208604070142	1208604073107
1	1208604169492	1208604171610
1	1208604210764	1208604213606
1	1208604224339	1208604226961
1	1208604278778	1208604282418
1	1208604286601	1208604287410
1	1208604310238	1208604317602
1	1208606493729	1208606498710
1	1208606499699	1208606500985
1	1208606503585	1208606506808
1	1208606518934	1208606522549
1	1208606540596	1208606543884
1	1208606566795	1208606569595
1	1208606574285	1208606576514
1	1208606578868	1208606586934
1	1208606591839	1208606597277
1	1208606621503	1208606624227
1	1208607085888	1208607089643
1	1208607098684	1208607103781
1	1208607105780	1208607111924
1	1208607120245	1208607123299
1	1208607123596	1208607126417
1	1208607186134	1208607191892
1	1208607330106	1208607335407
1	1208607335681	1208607338904
1	1208607767962	1208607770379
1	1208607911486	1208607914234
1	1208607918970	1208607923694
1	1208607924998	1208607932399
1	1208607934345	1208607937987
1	1208607973841	1208607975266
1	1208608019265	1208608020497
1	1208608113398	1208608115812
1	1208608260643	1208608262504
1	1208608354460	1208608357784
1	1208608379538	1208608386948
1	1208608550369	1208608554292
1	1208608555235	1208608562661
1	1208608563136	1208608567428
1	1208608605893	1208608611650
1	1208608617489	1208608618777
1	1208608626697	1208608634386
1	1208608641418	1208608645483
1	1208608664222	1208608669955
1	1208608694127	1208608696276
1	1208608768506	1208608772750
1	1208608772991	1208608775650
1	1208608937598	1208608946876
1	1208609894906	1208609896891
1	1208609903200	1208609905619
1	1208609920106	1208609921370
1	1208609926112	1208609928201
1	1208610367837	1208610369363
1	1208612587570	1208612591953
1	1208612594727	1208612599296
1	1208612670838	1208612672870
1	1208612677202	1208612679665
1	1208612689684	1208612689730
1	1208612721835	1208612723757
1	1208612896439	1208612898874
1	1208612917898	1208612919132
1	1208612976891	1208612978127
1	1208612998381	1208613000591
1	1208613015592	1208613017162
1	1208613017375	1208613019918
1	1208613099294	1208613103743
1	1208613154328	1208613156631
1	1208613262855	1208613265126
1	1208613271413	1208613275315
1	1208613297498	1208613300853
1	1208613455393	1208613458628
1	1208613547328	1208613549359
1	1208613604310	1208613606474
1	1208613637314	1208613639578
1	1208613640474	1208613642705
1	1208613643773	1208613646633
1	1208613652440	1208613655158
1	1208613683468	1208613685776
1	1208613692339	1208613694609
1	1208613704958	1208613706123
1	1208613727391	1208613728651
1	1208613737508	1208613745574
1	1208613746397	1208613759898
1	1208613858685	1208613862474
1	1208613863734	1208613882695
1	1208613883690	1208613897913
1	1208613898929	1208613902358
1	1208613903831	1208613909819
1	1208613923429	1208613930531
1	1208615280103	1208615290822
1	1208615290941	1208615301966
1	1208615316876	1208615318146
1	1208615318612	1208615321322
1	1208615340848	1208615346737
1	1208615347867	1208615350568
1	1208615361779	1208615363828
1	1208615483266	1208615485666
1	1208615486800	1208615488681
1	1208615899196	1208615905417
1	1208632328254	1208632330345
1	1208632342868	1208632345332
1	1208635705197	1208635708673
1	1208635730491	1208635732551
1	1208637502126	1208637507915
1	1208637534146	1208637535275
2	1208594318374	1208594320528
2	1208594359431	1208594361101
2	1208594405143	1208594407347
2	1208594424480	1208594426590
2	1208594523115	1208594525195
2	1208594591412	1208594593454
2	1208594608772	1208594611968
2	1208594777671	1208594779848
2	1208595191260	1208595194179
2	1208595311923	1208595317273
2	1208595332486	1208595336779
2	1208595353392	1208595355702
2	1208595367120	1208595369514
2	1208595378877	1208595382506
2	1208595391841	1208595395491
2	1208595409451	1208595411607
2	1208595490566	1208595492497
2	1208595525646	1208595526944
2	1208595558841	1208595561308
2	1208595570418	1208595571723
2	1208595578539	1208595582317
2	1208595616484	1208595618944
2	1208595725477	1208595727710
2	1208601569181	1208601571377
2	1208601630619	1208601635106
2	1208601661713	1208601667252
2	1208601676477	1208601680948
2	1208601686104	1208601687410
2	1208601687918	1208601692579
2	1208601756571	1208601762157
2	1208601774782	1208601783296
2	1208601848424	1208601857852
2	1208601881441	1208601883481
2	1208601885972	1208601888667
2	1208601891489	1208601893774
2	1208601926511	1208601929794
2	1208604326165	1208604330367
2	1208605959349	1208605960565
2	1208605964864	1208605966512
2	1208605971713	1208605975561
2	1208606585616	1208606587542
2	1208606599793	1208606603617
2	1208606624956	1208606626361
2	1208607080833	1208607082626
2	1208608607785	1208608609843
2	1208608613394	1208608615398
2	1208608624667	1208608628890
2	1208610179683	1208610182826
2	1208610183437	1208610186965
2	1208610187781	1208610189747
2	1208610192421	1208610197576
2	1208610354531	1208610356534
2	1208610370241	1208610373188
2	1208610383540	1208610388119
2	1208610389662	1208610393687
2	1208610393857	1208610398413
2	1208610399757	1208610404697
2	1208610406952	1208610409406
2	1208610427989	1208610439347
2	1208610443964	1208610446970
2	1208610449402	1208610451602
2	1208610453732	1208610454905
2	1208610455459	1208610459951
2	1208610478318	1208610480833
2	1208610487655	1208610489967
2	1208610491915	1208610496983
2	1208610503590	1208610505879
2	1208610545649	1208610546908
2	1208610549976	1208610551298
2	1208610628275	1208610630565
2	1208610726385	1208610729969
2	1208610770589	1208610773592
2	1208610794606	1208610799372
2	1208610825524	1208610830154
2	1208611042273	1208611044361
2	1208611049646	1208611052103
2	1208611264940	1208611271238
2	1208611366349	1208611371109
2	1208611526405	1208611527631
2	1208611528379	1208611530873
2	1208611531656	1208611534192
2	1208611545212	1208611550769
2	1208611596585	1208611599528
2	1208611832963	1208611834163
2	1208611947970	1208611952873
2	1208612053407	1208612055861
2	1208612061725	1208612063639
2	1208612064209	1208612066661
2	1208612125623	1208612128364
2	1208612664558	1208612667195
2	1208612671665	1208612673944
2	1208612844923	1208612847209
2	1208612854550	1208612859959
2	1208612931555	1208612934473
2	1208612935234	1208612936529
2	1208612955272	1208612957886
2	1208612961696	1208612964449
2	1208613003454	1208613005831
2	1208613018575	1208613021660
2	1208613039434	1208613045703
2	1208613576138	1208613581228
2	1208613994987	1208613999100
2	1208613999241	1208614000552
2	1208614000857	1208614007105
2	1208614434489	1208614438359
2	1208614439107	1208614445442
2	1208614446642	1208614453712
2	1208614474883	1208614480408
2	1208614484446	1208614492833
2	1208614495627	1208614496983
2	1208614497913	1208614499785
2	1208614501241	1208614503397
2	1208614504843	1208614507592
2	1208614509939	1208614515331
2	1208614526784	1208614529161
2	1208614540254	1208614551562
2	1208614552312	1208614557200
2	1208614559760	1208614565443
2	1208614572323	1208614584579
2	1208614595858	1208614598394
2	1208614616552	1208614620212
2	1208614622104	1208614624202
2	1208614626926	1208614630692
2	1208614641503	1208614649741
2	1208614653277	1208614657320
2	1208614669126	1208614671227
2	1208614694892	1208614697120
2	1208614725434	1208614732222
2	1208614783939	1208614787974
2	1208614815139	1208614821897
2	1208614832876	1208614835502
2	1208614836616	1208614839546
2	1208614865333	1208614868740
2	1208614873542	1208614877166
2	1208614882861	1208614888269
2	1208614991752	1208614993798
2	1208615076279	1208615083864
2	1208615104544	1208615105855
2	1208615123290	1208615126857
2	1208615165226	1208615167407
2	1208615191402	1208615193429
2	1208615216251	1208615220114
2	1208615261154	1208615263276
2	1208615270900	1208615272631
2	1208615273632	1208615281903
2	1208615282815	1208615284789
2	1208615285125	1208615294336
2	1208615294918	1208615297299
2	1208615680959	1208615685671
2	1208615906940	1208615909313
2	1208615957700	1208615960716
2	1208616132485	1208616135934
2	1208616233521	1208616235433
2	1208616313143	1208616317206
2	1208616446754	1208616449679
2	1208616475278	1208616482468
2	1208616805186	1208616807795
2	1208616847920	1208616851864
2	1208616995905	1208616999736
2	1208617051638	1208617053505
2	1208617293401	1208617295191
2	1208617307631	1208617312149
2	1208617314445	1208617315750
2	1208617453439	1208617457738
2	1208618066492	1208618070964
2	1208618134943	1208618141242
2	1208618325415	1208618332687
2	1208618340511	1208618344449
2	1208619177813	1208619180401
2	1208619431230	1208619434744
2	1208619717648	1208619725405
2	1208620361583	1208620363954
2	1208620365633	1208620367712
2	1208620444130	1208620448512
2	1208620609715	1208620611793
2	1208620635903	1208620641709
2	1208620644623	1208620646769
2	1208620653557	1208620663558
2	1208620687882	1208620694353
2	1208620698647	1208620700626
2	1208630760746	1208630762653
2	1208631051991	1208631063394
2	1208631091593	1208631094353
2	1208631095634	1208631100325
2	1208631106937	1208631109676
2	1208631132294	1208631138502
2	1208631141728	1208631144252
2	1208631157420	1208631158715
2	1208631159623	1208631162420
2	1208631359307	1208631362295
2	1208631444730	1208631450800
2	1208631737633	1208631740182
2	1208631752977	1208631754275
2	1208631895915	1208631897908
2	1208631947612	1208631951282
2	1208631963669	1208631969575
2	1208631970902	1208631975290
2	1208631992439	1208631995211
2	1208632141913	1208632145580
2	1208632175764	1208632177894
2	1208632323196	1208632327783
2	1208632343870	1208632349680
2	1208632445823	1208632451690
2	1208632514299	1208632518789
2	1208632538868	1208632544622
2	1208632548230	1208632549525
2	1208632551223	1208632558452
2	1208632698287	1208632702162
2	1208632827258	1208632829609
2	1208632833291	1208632840245
2	1208633276685	1208633280375
2	1208633699745	1208633704435
2	1208633704854	1208633708852
2	1208633709912	1208633717261
2	1208633775355	1208633778488
2	1208633853352	1208633861516
2	1208635708673	1208635710555
2	1208635729568	1208635730871
2	1208635734551	1208635737638
2	1208637536278	1208637538653
2	1208637541556	1208637546783
2	1208637555571	1208637563435
2	1208637739312	1208637743345
2	1208637776541	1208637780326
2	1208637802773	1208637804845
2	1208638090449	1208638092524
2	1208638101116	1208638107265
2	1208638109239	1208638116163
2	1208638351556	1208638355481
2	1208638685188	1208638687726
2	1208638855299	1208638860177
2	1208639759418	1208639761811
2	1208639824260	1208639828420
2	1208640025790	1208640037767
2	1208640040878	1208640046561
2	1208640047979	1208640052409
2	1208640054429	1208640058542
2	1208640082899	1208640090768
2	1208640119452	1208640122349
2	1208640142150	1208640146267
2	1208640730220	1208640735450
2	1208640790688	1208640792646
2	1208640839158	1208640843806
2	1208640853897	1208640856111
2	1208641119177	1208641121867
2	1208641227546	1208641229976
2	1208641377750	1208641383131
2	1208641693908	1208641695280
2	1208641770464	1208641773556
2	1208641785199	1208641788291
2	1208641790289	1208641793449
2	1208641797655	1208641799319
2	1208642072845	1208642074305
2	1208642183664	1208642185694
2	1208642189932	1208642196167
2	1208642206426	1208642208423
2	1208642239354	1208642241242
2	1208642261124	1208642263406
2	1208642270789	1208642275102
2	1208642278148	1208642280837
3	1208595290781	1208595294868
3	1208595301935	1208595305181
3	1208595310218	1208595317120
3	1208595318998	1208595324784
3	1208595330800	1208595336213
3	1208595353528	1208595357757
3	1208595363301	1208595367860
3	1208595381809	1208595387116
3	1208595390868	1208595397289
3	1208595412869	1208595420406
3	1208595428446	1208595434982
3	1208595480848	1208595495350
3	1208595561162	1208595569563
3	1208595612892	1208595616941
3	1208601632471	1208601639367
3	1208601662821	1208601667628
3	1208601672617	1208601675892
3	1208601677758	1208601683108
3	1208601881299	1208601885254
3	1208608608501	1208608615398
3	1208608619404	1208608622769
3	1208608623748	1208608627156
3	1208610181363	1208610184973
3	1208610186277	1208610188382
3	1208610190979	1208610196574
3	1208610375865	1208610391987
3	1208610395663	1208610414661
3	1208610416423	1208610436158
3	1208610456342	1208610461171
3	1208610475948	1208610478892
3	1208610795645	1208610801277
3	1208610805575	1208610827812
3	1208614580772	1208614585306
3	1208614627702	1208614631826
3	1208614643810	1208614647502
3	1208614787253	1208614792885
3	1208614797968	1208614806984
3	1208614807532	1208614812417
3	1208614813907	1208614821775
3	1208614912167	1208614915946
3	1208614975198	1208614981389
3	1208614995834	1208615000951
3	1208615028885	1208615031286
3	1208615076486	1208615077629
3	1208615216565	1208615220702
3	1208620661471	1208620668436
3	1208620671219	1208620675493
3	1208620675640	1208620679492
3	1208620692280	1208620700124
3	1208631014586	1208631016861
3	1208631022849	1208631026694
3	1208631034783	1208631037720
3	1208631095922	1208631113172
3	1208631115344	1208631137397
6	1208637547637	1208637551267
7	1208601738724	1208601742635
7	1208605966177	1208605971441
7	1208605977889	1208605985696
7	1208607431541	1208607443551
7	1208607443739	1208607447600
7	1208607448801	1208607457560
7	1208607462538	1208607472143
7	1208607472755	1208607480834
7	1208607481471	1208607482346
7	1208607487324	1208607489523
7	1208607500963	1208607503485
7	1208607511965	1208607516476
7	1208607522645	1208607541493
7	1208607558514	1208607561367
7	1208607565559	1208607567881
7	1208609689631	1208609690825
7	1208610132410	1208610140152
7	1208610159527	1208610165511
7	1208610179142	1208610183168
7	1208610197802	1208610204422
7	1208610356143	1208610358627
7	1208610360869	1208610363189
7	1208610367484	1208610369577
7	1208610499814	1208610504598
7	1208610747495	1208610753510
7	1208610764978	1208610766998
7	1208611541813	1208611550571
7	1208611679146	1208611681696
7	1208612678231	1208612681880
7	1208613492216	1208613492810
7	1208613646457	1208613649217
7	1208613681552	1208613684217
7	1208613767978	1208613770229
7	1208613887200	1208613890248
7	1208613891392	1208613893842
7	1208613894455	1208613897203
7	1208614250860	1208614254323
7	1208614255157	1208614257268
7	1208614423359	1208614425235
7	1208614429519	1208614437992
7	1208614543403	1208614546291
7	1208615290281	1208615300384
7	1208615932311	1208615937236
7	1208617002631	1208617005843
7	1208617006747	1208617014473
7	1208617018704	1208617021156
7	1208617021736	1208617027814
7	1208617028111	1208617031405
7	1208617032318	1208617046497
7	1208617047218	1208617055390
7	1208618083660	1208618084872
7	1208618101689	1208618104472
7	1208618139258	1208618143928
7	1208618144468	1208618145328
7	1208618145604	1208618148432
7	1208618329464	1208618333313
7	1208618343929	1208618346112
7	1208618906543	1208618908596
7	1208619162732	1208619164904
7	1208620002165	1208620004849
7	1208620015499	1208620021173
7	1208620093773	1208620095888
7	1208620157503	1208620166953
7	1208620312316	1208620316646
7	1208620536867	1208620542335
7	1208620557503	1208620564884
7	1208620565516	1208620568398
7	1208620576391	1208620578963
7	1208620620604	1208620624984
7	1208620670378	1208620679628
7	1208620684746	1208620694485
7	1208628943910	1208628946121
7	1208628955956	1208628958332
7	1208628959568	1208628971191
7	1208628984222	1208628990890
7	1208629000611	1208629001424
7	1208629002152	1208629006880
7	1208629010590	1208629021532
7	1208629022116	1208629024842
7	1208629029535	1208629031844
7	1208629639203	1208629641456
7	1208629888263	1208629890556
7	1208629902326	1208629903606
7	1208630755559	1208630762305
7	1208631136810	1208631142834
7	1208631465211	1208631470534
7	1208631537222	1208631540483
7	1208631542576	1208631544149
7	1208631954255	1208631958618
7	1208631979480	1208631980843
7	1208631983807	1208631987541
7	1208631988619	1208631995211
7	1208632241611	1208632243159
7	1208632327918	1208632333406
7	1208632340849	1208632348229
7	1208632349865	1208632352820
7	1208632403316	1208632416511
7	1208632418284	1208632420515
7	1208632428862	1208632432805
7	1208632437157	1208632438475
7	1208632440769	1208632450813
7	1208633361174	1208633363232
7	1208633693143	1208633695724
7	1208633696682	1208633699174
7	1208633861636	1208633868248
7	1208633869421	1208633875507
7	1208633875891	1208633881327
7	1208633893457	1208633905256
7	1208633906450	1208633909242
7	1208633926706	1208633927996
7	1208633932238	1208633934507
7	1208633944401	1208633948958
7	1208633958738	1208633961103
7	1208634013659	1208634016924
7	1208634042601	1208634044579
7	1208634046948	1208634048346
7	1208634057510	1208634059145
7	1208634065170	1208634067159
7	1208634068972	1208634073670
7	1208634076607	1208634078873
7	1208634083713	1208634085573
7	1208634199800	1208634203790
7	1208634236889	1208634243530
7	1208634432448	1208634435280
7	1208634466497	1208634468549
7	1208634770945	1208634775201
7	1208634868107	1208634870493
7	1208634895516	1208634900300
7	1208634933622	1208634943365
7	1208634996415	1208634998631
7	1208635012499	1208635018495
7	1208635060396	1208635062729
7	1208635063620	1208635065787
7	1208635071211	1208635075776
7	1208635076938	1208635080430
7	1208635098527	1208635102866
7	1208635195205	1208635197550
7	1208635198612	1208635202527
7	1208635233496	1208635235700
7	1208635236108	1208635238833
7	1208635434785	1208635441450
7	1208635444280	1208635447431
7	1208635704421	1208635718180
7	1208635728768	1208635732414
7	1208635757915	1208635759908
7	1208635761277	1208635764146
7	1208635773618	1208635784199
7	1208635791498	1208635797266
7	1208635802145	1208635813891
7	1208635815379	1208635820349
7	1208635820989	1208635825507
7	1208635836850	1208635840819
7	1208635840912	1208635844317
7	1208635848367	1208635854659
7	1208635867146	1208635870992
7	1208635942556	1208635945804
7	1208635962604	1208635967844
7	1208635972771	1208635977386
7	1208635979152	1208635983411
7	1208635988641	1208635991154
7	1208635995296	1208635997760
7	1208636008418	1208636012125
7	1208636037694	1208636040880
7	1208636084612	1208636088492
7	1208636090857	1208636092184
7	1208636119168	1208636121763
7	1208636151829	1208636154130
7	1208636157374	1208636160877
7	1208636160993	1208636163213
7	1208636192522	1208636194776
7	1208636195643	1208636197937
7	1208636238453	1208636245814
7	1208636284723	1208636286229
7	1208636304217	1208636310542
7	1208636334689	1208636339597
7	1208636350917	1208636352217
7	1208636352986	1208636354897
7	1208636394810	1208636396715
7	1208636430556	1208636432895
7	1208636434934	1208636436952
7	1208636438729	1208636441109
7	1208636446599	1208636449298
7	1208636449536	1208636452722
7	1208636454206	1208636458530
7	1208636494986	1208636496276
7	1208636578578	1208636581105
7	1208636602204	1208636605215
7	1208636660464	1208636663469
7	1208636772986	1208636776510
7	1208636798248	1208636800352
7	1208636810885	1208636813148
7	1208636847546	1208636852585
7	1208636869884	1208636874672
7	1208636878252	1208636882606
7	1208636933706	1208636934998
7	1208636935179	1208636937696
7	1208636940968	1208636944333
7	1208636978866	1208636982278
7	1208636994923	1208636996220
7	1208636999433	1208637004124
7	1208637008806	1208637011634
7	1208637095764	1208637097123
7	1208637135261	1208637136529
7	1208637201171	1208637202987
7	1208637229245	1208637231158
7	1208637260926	1208637264896
7	1208637269613	1208637272361
7	1208637310527	1208637312527
7	1208637452369	1208637455853
7	1208637494615	1208637505596
7	1208637508525	1208637509289
7	1208637533192	1208637536586
7	1208637540787	1208637542898
7	1208637546168	1208637546407
7	1208637552928	1208637557268
7	1208637713217	1208637715434
7	1208637715892	1208637718580
7	1208637736570	1208637739514
7	1208637779661	1208637786438
7	1208637805173	1208637807650
7	1208637808604	1208637811560
7	1208637830408	1208637835732
7	1208637836116	1208637842951
7	1208637848971	1208637853346
7	1208637883848	1208637888560
7	1208638092782	1208638093306
7	1208638772981	1208638776362
7	1208638831769	1208638840769
7	1208639228705	1208639231629
7	1208639381534	1208639384128
7	1208639413277	1208639416402
7	1208639419470	1208639427643
7	1208639670289	1208639672544
7	1208640111172	1208640111523
7	1208640211549	1208640219924
7	1208641016739	1208641022306
7	1208641022909	1208641026921
7	1208641027551	1208641033113
7	1208641434537	1208641440897
7	1208641441910	1208641444864
7	1208641688593	1208641696624
7	1208641798495	1208641801771
7	1208642073263	1208642078547
7	1208642120255	1208642125933
7	1208642145386	1208642148272
7	1208642180154	1208642186364
7	1208642191122	1208642194499
7	1208642195274	1208642196640
7	1208642199795	1208642203355
7	1208642212480	1208642215905
7	1208642220321	1208642224466
7	1208642240563	1208642246236
7	1208642267807	1208642269948
7	1208642270789	1208642274490
8	1208594280764	1208594284342
8	1208594318657	1208594322388
8	1208594330625	1208594335638
8	1208594338558	1208594342495
8	1208594358499	1208594362877
8	1208594364359	1208594368409
8	1208594382314	1208594385674
8	1208594387817	1208594392214
8	1208594401224	1208594408582
8	1208594420588	1208594428512
8	1208594442315	1208594446354
8	1208594447426	1208594451882
8	1208594463219	1208594467300
8	1208594468429	1208594472889
8	1208594498694	1208594502677
8	1208594505875	1208594509376
8	1208594519549	1208594527907
8	1208594538203	1208594542598
8	1208594546156	1208594550219
8	1208594563672	1208594567106
8	1208594569825	1208594573937
8	1208594584783	1208594588108
8	1208594590933	1208594594712
8	1208594606585	1208594613319
8	1208594623922	1208594628558
8	1208594632130	1208594636379
8	1208594647281	1208594650930
8	1208594655142	1208594659606
8	1208594670850	1208594674696
8	1208594678901	1208594682939
8	1208594695187	1208594698652
8	1208594701838	1208594706315
8	1208594718821	1208594722458
8	1208594728309	1208594732426
8	1208594743898	1208594748407
8	1208594753255	1208594757305
8	1208594770112	1208594774641
8	1208594777257	1208594781972
8	1208594798707	1208594802298
8	1208594804370	1208594808380
8	1208594820640	1208594825913
8	1208594827285	1208594831154
8	1208594842904	1208594846790
8	1208594850391	1208594854827
8	1208594861457	1208594864689
8	1208595174265	1208595176388
8	1208595189883	1208595194448
8	1208595289544	1208595293772
8	1208595313350	1208595317658
8	1208595317809	1208595321717
8	1208595332805	1208595337812
8	1208595352122	1208595356775
8	1208595366564	1208595370586
8	1208595378235	1208595383820
8	1208595392490	1208595396893
8	1208595406942	1208595412413
8	1208595430261	1208595433156
8	1208595474324	1208595476733
8	1208595490822	1208595494777
8	1208595524196	1208595529635
8	1208595558138	1208595563787
8	1208595565692	1208595573620
8	1208595578318	1208595583934
8	1208595615521	1208595623544
8	1208595724986	1208595728627
8	1208598029387	1208598033521
8	1208598056475	1208598059902
8	1208598237842	1208598240560
8	1208601568920	1208601573464
8	1208601630912	1208601634980
8	1208601640674	1208601645247
8	1208601661930	1208601664657
8	1208601688194	1208601692147
8	1208601734162	1208601739134
8	1208601754562	1208601762276
8	1208601777279	1208601784648
8	1208601848685	1208601851426
8	1208601853818	1208601861363
8	1208601879296	1208601884354
8	1208601886249	1208601888915
8	1208601889790	1208601895814
8	1208601921724	1208601924903
8	1208601925395	1208601929390
8	1208604315323	1208604325123
8	1208604326322	1208604331930
8	1208605956257	1208605960818
8	1208605962470	1208605966512
8	1208605972843	1208605978685
8	1208605983748	1208605987853
8	1208606491890	1208606495740
8	1208606585340	1208606590938
8	1208606599251	1208606604315
8	1208606610208	1208606613348
8	1208606623906	1208606627335
8	1208607080355	1208607083402
8	1208607429797	1208607433969
8	1208608383997	1208608387108
8	1208608548710	1208608551522
8	1208608607651	1208608610872
8	1208608942637	1208608946580
8	1208609870968	1208609873815
8	1208609927734	1208609930591
8	1208610132948	1208610136886
8	1208610180414	1208610183168
8	1208610183283	1208610198330
8	1208610354219	1208610358231
8	1208610477488	1208610481911
8	1208612582553	1208612585771
8	1208612665347	1208612669265
8	1208612671210	1208612674188
8	1208613758247	1208613761977
8	1208613857757	1208613860143
8	1208613928336	1208613931629
8	1208614439755	1208614444168
8	1208614447871	1208614450291
8	1208614451824	1208614455487
8	1208614540666	1208614545114
8	1208614641162	1208614645513
8	1208615278728	1208615282620
8	1208615287955	1208615292242
8	1208615907214	1208615910820
8	1208617033591	1208617037685
8	1208617051508	1208617055508
8	1208617292955	1208617297163
8	1208620636521	1208620651937
8	1208620698509	1208620698790
8	1208628930678	1208628931936
8	1208628968482	1208628972550
8	1208628981464	1208628984478
8	1208630760470	1208630764906
8	1208631007294	1208631010136
8	1208631038473	1208631040689
8	1208631050469	1208631053494
8	1208631134206	1208631139118
8	1208633858212	1208633860222
8	1208635708384	1208635712632
8	1208635728148	1208635733359
8	1208635735242	1208635739443
8	1208637535604	1208637540787
8	1208637541556	1208637544337
8	1208637546295	1208637548373
8	1208637555204	1208637563987
8	1208637710850	1208637714843
8	1208637738961	1208637744430
8	1208637776621	1208637780887
8	1208637785558	1208637789972
8	1208637802549	1208637806694
8	1208638090161	1208638093654
8	1208640032217	1208640036510
8	1208640040764	1208640045270
8	1208641693273	1208641697694
8	1208641796700	1208641801822
8	1208642206115	1208642209666
8	1208642238802	1208642243475
9	1208594319522	1208594323100
9	1208594329796	1208594331917
9	1208594339926	1208594342603
9	1208594389887	1208594391994
9	1208594425612	1208594429336
9	1208594470322	1208594473761
9	1208594547710	1208594549737
9	1208594571534	1208594573759
9	1208594593721	1208594596109
9	1208594605366	1208594607732
9	1208594611656	1208594613798
9	1208594694908	1208594696125
9	1208594779695	1208594781636
9	1208594797658	1208594800182
9	1208594841634	1208594843885
9	1208594860713	1208594862677
9	1208595189254	1208595191123
9	1208595430892	1208595434982
9	1208595472314	1208595478181
9	1208595491843	1208595496763
9	1208595521910	1208595527764
9	1208595608968	1208595613867
9	1208595725938	1208595729837
9	1208596918485	1208596930219
9	1208598030226	1208598032384
9	1208598055196	1208598057162
9	1208598237126	1208598239136
9	1208601569838	1208601573821
9	1208601612166	1208601626215
9	1208601629437	1208601631649
9	1208601638127	1208601643150
9	1208601658127	1208601664287
9	1208601679684	1208601682505
9	1208601686296	1208601692405
9	1208601778107	1208601784775
9	1208601845860	1208601850520
9	1208601856598	1208601860667
9	1208601878709	1208601882608
9	1208601890203	1208601895978
9	1208601923984	1208601928193
9	1208604327954	1208604331227
9	1208605956812	1208605958633
9	1208606601807	1208606605275
9	1208606624977	1208606627197
9	1208608384750	1208608387773
9	1208608548287	1208608550678
9	1208608943502	1208608945528
9	1208609928796	1208609930867
9	1208610195489	1208610200791
9	1208610353491	1208610355757
9	1208610458221	1208610462995
9	1208610471458	1208610475948
9	1208610824405	1208610826276
9	1208613929330	1208613931508
9	1208614441207	1208614445166
9	1208614446471	1208614451295
9	1208614452554	1208614456791
9	1208614540110	1208614542863
9	1208614629321	1208614633158
9	1208614640427	1208614642734
9	1208615907700	1208615909850
9	1208617052468	1208617054481
9	1208620641431	1208620643295
9	1208628980754	1208628982996
9	1208631033993	1208631041998
9	1208631094764	1208631098666
9	1208635709376	1208635712632
9	1208635728310	1208635732195
9	1208637536866	1208637540258
9	1208637545887	1208637550851
9	1208637561197	1208637563448
9	1208637709891	1208637713815
9	1208637741664	1208637745206
9	1208637775316	1208637777596
9	1208637786748	1208637790392
9	1208637801821	1208637804205
9	1208640035848	1208640042858
9	1208641796280	1208641798307
9	1208642201238	1208642212480
9	1208642240426	1208642242539
10	1208637581825	1208637586732
10	1208637587102	1208637589613
10	1208637606662	1208637610372
10	1208637678271	1208637697589
10	1208637701367	1208637707527
11	1208637551987	1208637557912
11	1208637559124	1208637565143
11	1208637565518	1208637568944
11	1208637569878	1208637574561
11	1208637608920	1208637613483
11	1208637670793	1208637680791
11	1208637680941	1208637683688
11	1208637684497	1208637692747
11	1208637693580	1208637698200
11	1208637700579	1208637712737
11	1208637713500	1208637723765
11	1208642193771	1208642196506
12	1208637542290	1208637544930
12	1208637551729	1208637556151
12	1208637732691	1208637738478
13	1208637543948	1208637546936
13	1208637550103	1208637554571
14	1208594356572	1208594358733
14	1208594496693	1208594498826
14	1208594561688	1208594563792
14	1208594742362	1208594744482
14	1208595189615	1208595191812
14	1208595432832	1208595436408
14	1208595470594	1208595473308
14	1208595581427	1208595583681
14	1208595607488	1208595610208
14	1208596917602	1208596920627
14	1208596924785	1208596926774
14	1208601622309	1208601624665
14	1208601627594	1208601629560
14	1208601654555	1208601657155
14	1208601689839	1208601692287
14	1208601726780	1208601730736
14	1208601732355	1208601735144
14	1208601781302	1208601783451
14	1208601784204	1208601786823
14	1208601832897	1208601836990
14	1208601847164	1208601849586
14	1208601860533	1208601863804
14	1208601878709	1208601880757
14	1208601894686	1208601898555
14	1208604328986	1208604331227
14	1208605985440	1208605987576
14	1208612663697	1208612665837
14	1208612673821	1208612675170
14	1208614445575	1208614447736
14	1208614630499	1208614632475
14	1208617291829	1208617293889
14	1208620705481	1208620707345
14	1208628970210	1208628972275
14	1208631048456	1208631051851
14	1208637548363	1208637550385
14	1208637562466	1208637564232
14	1208638088885	1208638091163
14	1208641695750	1208641698158
15	1208594278729	1208594281924
15	1208594321143	1208594324708
15	1208594328405	1208594331278
15	1208594341174	1208594344631
15	1208594355412	1208594358499
15	1208594367661	1208594371211
15	1208594379526	1208594382383
15	1208594391402	1208594395424
15	1208594397785	1208594401620
15	1208594408706	1208594409964
15	1208594416976	1208594420708
15	1208594427771	1208594432233
15	1208594439633	1208594441877
15	1208594451214	1208594452289
15	1208594460243	1208594463894
15	1208594484407	1208594487432
15	1208594487862	1208594489146
15	1208594495370	1208594498958
15	1208594508547	1208594510703
15	1208594515734	1208594519420
15	1208594527291	1208594529217
15	1208594534930	1208594538347
15	1208594549307	1208594554103
15	1208594560490	1208594563550
15	1208594573453	1208594575335
15	1208594580933	1208594584313
15	1208594595450	1208594597257
15	1208594613319	1208594617372
15	1208594620635	1208594624176
15	1208594635646	1208594636917
15	1208594644393	1208594647673
15	1208594658938	1208594662539
15	1208594667178	1208594670359
15	1208594682817	1208594686634
15	1208594692462	1208594695565
15	1208594715631	1208594719341
15	1208594731658	1208594735532
15	1208594741144	1208594744202
15	1208594756803	1208594760971
15	1208594766900	1208594770368
15	1208594781277	1208594786761
15	1208594795771	1208594799109
15	1208594807580	1208594811384
15	1208594817977	1208594820785
15	1208594830622	1208594834372
15	1208594839298	1208594843110
15	1208594854363	1208594857737
15	1208594859739	1208594861860
15	1208595188840	1208595191540
15	1208595466299	1208595473147
15	1208595496524	1208595497791
15	1208595518777	1208595522428
15	1208595582115	1208595586729
15	1208595605961	1208595609131
15	1208595727233	1208595729428
15	1208596917259	1208596920567
15	1208596924543	1208596926894
15	1208598031200	1208598033618
15	1208598053688	1208598056650
15	1208598235920	1208598238223
15	1208601571118	1208601574452
15	1208601587901	1208601599205
15	1208601612105	1208601614582
15	1208601622578	1208601630289
15	1208601641312	1208601648479
15	1208601654478	1208601661282
15	1208601689198	1208601696215
15	1208601725313	1208601731327
15	1208601732222	1208601734980
15	1208601781506	1208601791195
15	1208601805526	1208601806946
15	1208601815977	1208601818676
15	1208601818947	1208601828209
15	1208601828329	1208601837200
15	1208601842978	1208601845364
15	1208601846849	1208601848218
15	1208601858845	1208601864960
15	1208601874799	1208601879690
15	1208601894257	1208601900285
15	1208601919616	1208601925369
15	1208604328707	1208604331623
15	1208605954344	1208605958770
15	1208605985673	1208605987699
15	1208606490347	1208606492826
15	1208606602713	1208606605145
15	1208606608416	1208606611125
15	1208606626171	1208606629615
15	1208607078533	1208607081996
15	1208607427685	1208607430618
15	1208608385876	1208608387558
15	1208608944403	1208608946444
15	1208609869564	1208609871439
15	1208609929896	1208609931126
15	1208610131272	1208610133166
15	1208610198102	1208610200416
15	1208610352386	1208610355884
15	1208610459753	1208610463744
15	1208610470287	1208610473363
15	1208612581977	1208612583976
15	1208612663572	1208612665702
15	1208613855428	1208613857903
15	1208613930412	1208613932356
15	1208614442642	1208614448512
15	1208614453853	1208614456360
15	1208614538957	1208614542213
15	1208614630692	1208614634403
15	1208614639151	1208614642577
15	1208615276633	1208615279576
15	1208615908680	1208615910938
15	1208617053120	1208617056901
15	1208617291134	1208617293757
15	1208620695821	1208620699873
15	1208620705156	1208620707897
15	1208628970481	1208628972931
15	1208628979826	1208628981772
15	1208630762789	1208630765878
15	1208631092990	1208631096132
15	1208635709743	1208635713724
15	1208635726178	1208635730330
15	1208637538197	1208637540258
15	1208637548500	1208637552801
15	1208637562181	1208637565143
15	1208637707854	1208637711311
15	1208637744404	1208637750211
15	1208637773213	1208637777294
15	1208637788252	1208637792663
15	1208637800291	1208637803643
15	1208638088385	1208638090888
15	1208641696168	1208641700838
15	1208641794871	1208641798116
15	1208642200110	1208642203224
15	1208642241242	1208642244867
16	1208594321925	1208594323608
16	1208594327662	1208594330820
16	1208594341943	1208594345242
16	1208594368691	1208594371387
16	1208594378347	1208594380169
16	1208594392662	1208594393945
16	1208594409333	1208594414373
16	1208594429462	1208594433189
16	1208594437402	1208594440641
16	1208594451722	1208594455440
16	1208594459534	1208594462835
16	1208594472889	1208594476759
16	1208594488584	1208594492438
16	1208594509249	1208594513172
16	1208594528699	1208594533358
16	1208594551143	1208594556537
16	1208594574119	1208594577915
16	1208594596248	1208594600221
16	1208594601912	1208594605523
16	1208594614479	1208594618115
16	1208594619713	1208594621825
16	1208594636126	1208594639536
16	1208594643645	1208594645775
16	1208594659902	1208594663930
16	1208594665317	1208594669783
16	1208594683185	1208594686961
16	1208594691553	1208594695227
16	1208594705882	1208594709895
16	1208594732800	1208594736813
16	1208594765970	1208594769490
16	1208594782985	1208594786210
16	1208594808518	1208594811892
16	1208594831636	1208594834687
16	1208594855318	1208594861457
16	1208595175768	1208595177550
16	1208595187930	1208595189254
16	1208595464142	1208595469288
16	1208595727426	1208595730373
16	1208598031558	1208598033618
16	1208598053263	1208598055368
16	1208598235515	1208598237482
16	1208601584775	1208601593230
16	1208601642686	1208601646211
16	1208601722664	1208601728367
16	1208601797272	1208601802477
16	1208601810789	1208601818273
16	1208601828475	1208601832131
16	1208601861695	1208601865731
16	1208601873358	1208601878709
16	1208601895123	1208601899465
16	1208601916324	1208601923480
16	1208604329267	1208604331227
16	1208606489994	1208606491187
16	1208606603333	1208606605400
16	1208608547967	1208608549566
16	1208608944736	1208608945919
16	1208609171945	1208609176680
16	1208610198450	1208610201788
16	1208610352386	1208610353755
16	1208610460587	1208610462477
16	1208610469933	1208610473216
16	1208614443895	1208614447325
16	1208614454289	1208614457140
16	1208614538681	1208614541849
16	1208614638947	1208614640766
16	1208615909607	1208615911566
16	1208617053705	1208617055680
16	1208628979304	1208628981334
16	1208630763699	1208630766422
16	1208631092716	1208631094764
16	1208635710267	1208635711989
16	1208635726366	1208635730138
16	1208637538477	1208637543823
16	1208637549432	1208637553191
16	1208637666679	1208637670174
16	1208637693257	1208637701507
16	1208637706218	1208637710715
16	1208637746660	1208637751169
16	1208637789395	1208637792780
16	1208637799973	1208637801821
16	1208641697374	1208641700295
16	1208642195495	1208642201996
16	1208642241815	1208642245100
17	1208594411617	1208594414701
17	1208594553961	1208594556135
17	1208594663360	1208594666957
17	1208594685587	1208594688162
17	1208594688445	1208594691553
17	1208594708493	1208594710699
17	1208594735893	1208594740165
17	1208601913930	1208601919194
17	1208609171641	1208609173793
17	1208637540493	1208637544211
17	1208637551864	1208637553428
17	1208637556288	1208637560381
17	1208637613199	1208637616503
17	1208637668482	1208637670737
17	1208637677677	1208637680663
17	1208637737559	1208637740670
17	1208642192692	1208642198185
18	1208637553723	1208637558743
18	1208637615955	1208637618535
18	1208637620934	1208637622837
18	1208637725844	1208637730345
18	1208637731479	1208637734467
18	1208637735937	1208637738961
18	1208637741228	1208637742414
18	1208637749456	1208637756143
18	1208640058131	1208640060148
18	1208640060658	1208640062652
18	1208640068476	1208640070606
18	1208640189805	1208640192159
18	1208640211360	1208640212545
18	1208640212680	1208640214940
18	1208640215248	1208640217102
18	1208640221232	1208640223253
18	1208640289737	1208640290901
18	1208640315969	1208640318184
18	1208640330379	1208640332457
18	1208641572811	1208641575185
19	1208596910295	1208596911527
19	1208596911827	1208596914203
19	1208599008700	1208599011156
19	1208608400143	1208608402305
20	1208596894907	1208596902532
20	1208596909375	1208596918965
20	1208596926270	1208596930220
20	1208596931217	1208596937562
20	1208596951462	1208596959961
20	1208596960789	1208596964954
20	1208596971248	1208596974341
20	1208596982198	1208596991761
20	1208597007373	1208597010477
20	1208597015850	1208597024658
20	1208597025954	1208597039767
20	1208597039902	1208597042623
20	1208597054790	1208597055357
20	1208597085277	1208597097732
20	1208597115255	1208597123500
20	1208597125560	1208597127828
20	1208597138311	1208597148172
20	1208597157831	1208597160236
20	1208597165179	1208597167628
20	1208597184767	1208597191670
20	1208597195751	1208597197638
20	1208597199430	1208597206759
20	1208597219109	1208597222168
20	1208597237146	1208597240108
20	1208597287101	1208597289324
20	1208597295514	1208597297438
20	1208597343538	1208597345971
20	1208597381738	1208597384598
20	1208597431360	1208597432618
20	1208597456655	1208597459199
20	1208597485163	1208597486819
20	1208597506182	1208597508662
20	1208597509622	1208597510911
20	1208597511719	1208597513550
20	1208597528558	1208597531454
20	1208597531814	1208597534220
20	1208597586559	1208597588944
20	1208597597336	1208597599239
20	1208597613402	1208597615660
20	1208597625637	1208597628783
20	1208597633921	1208597636150
20	1208597645967	1208597648188
20	1208597650855	1208597653611
20	1208597696983	1208597699737
20	1208597702671	1208597707947
20	1208597728718	1208597730808
20	1208597759847	1208597762513
20	1208597832691	1208597836505
20	1208597838577	1208597840891
20	1208597917716	1208597920775
20	1208597924668	1208597929937
20	1208597955487	1208597959262
20	1208598236868	1208598239264
20	1208598403641	1208598407781
20	1208598421569	1208598426733
20	1208598429724	1208598433215
20	1208598444962	1208598447458
20	1208598451317	1208598455239
20	1208598621435	1208598629176
20	1208598629869	1208598637301
20	1208598641135	1208598650618
20	1208598657710	1208598659951
20	1208598661563	1208598667934
20	1208598717110	1208598718356
20	1208598973201	1208598985581
20	1208599003829	1208599008978
20	1208599009114	1208599011836
20	1208599401579	1208599410116
20	1208599422224	1208599424588
20	1208599424730	1208599427619
20	1208599476840	1208599479168
20	1208599487197	1208599489518
20	1208599517217	1208599518484
20	1208599587473	1208599589437
20	1208599796648	1208599799834
20	1208599887191	1208599891896
20	1208599899702	1208599901922
20	1208600046668	1208600054201
20	1208600058977	1208600063983
20	1208608357170	1208608364902
20	1208608367377	1208608372705
20	1208608373132	1208608401720
20	1208608402542	1208608407308
20	1208615280103	1208615282961
20	1208615298461	1208615301847
20	1208615302685	1208615307946
20	1208615308929	1208615312486
20	1208615323380	1208615327693
21	1208595498345	1208595500745
21	1208596893521	1208596896921
21	1208596915443	1208596919220
21	1208596925438	1208596928348
21	1208596932121	1208596935416
21	1208596950378	1208596953664
21	1208596971383	1208596974476
21	1208596981632	1208596984453
21	1208597094700	1208597098986
21	1208597114389	1208597115641
21	1208598644519	1208598650336
21	1208598655780	1208598659429
21	1208598973842	1208598982375
21	1208599009608	1208599013751
21	1208599400691	1208599404510
21	1208600061275	1208600065409
21	1208608355670	1208608359310
21	1208608404102	1208608407308
21	1208615278728	1208615282220
21	1208615299753	1208615304676
21	1208615307535	1208615316256
21	1208615317240	1208615319368
21	1208615324895	1208615331141
21	1208637757678	1208637764196
21	1208637768577	1208637775507
22	1208595434701	1208595436735
22	1208595497617	1208595502808
22	1208596892749	1208596895783
22	1208596949712	1208596953380
22	1208596972201	1208596975937
22	1208596980401	1208596983223
22	1208597096670	1208597100286
22	1208598646694	1208598649844
22	1208598654820	1208598658395
22	1208599010656	1208599013751
22	1208599399657	1208599402675
22	1208600061889	1208600064832
22	1208601649441	1208601653401
22	1208601692727	1208601694859
22	1208601786463	1208601788927
22	1208601804862	1208601809534
22	1208601868547	1208601869814
22	1208608351971	1208608354236
22	1208608405940	1208608407718
22	1208615278713	1208615280934
22	1208615294216	1208615300263
22	1208615300503	1208615303444
22	1208615315401	1208615317914
22	1208615321907	1208615332893
22	1208615333946	1208615335277
22	1208620707392	1208620709159
22	1208637659815	1208637666930
22	1208637755861	1208637760976
23	1208594353674	1208594356828
23	1208594815181	1208594818236
23	1208594836814	1208594840546
23	1208595187572	1208595190988
23	1208595453648	1208595457660
23	1208595516817	1208595518871
23	1208595585513	1208595589394
23	1208595601138	1208595605825
23	1208596892917	1208596894771
23	1208596972993	1208596974718
23	1208596979880	1208596982340
23	1208598647291	1208598650618
23	1208598653920	1208598656944
23	1208599398825	1208599401845
23	1208600062715	1208600065811
23	1208601573196	1208601577567
23	1208601582780	1208601585909
23	1208601644886	1208601648121
23	1208601693753	1208601700103
23	1208601720484	1208601724169
23	1208601865387	1208601874816
23	1208601898855	1208601904189
23	1208604330507	1208604334178
23	1208605987863	1208605990718
23	1208608351249	1208608353807
23	1208608405659	1208608408320
23	1208612662689	1208612665327
23	1208612674402	1208612677855
23	1208614632387	1208614635467
23	1208615277484	1208615279918
23	1208615291162	1208615294456
23	1208615323875	1208615326228
23	1208615332402	1208615353830
23	1208615354652	1208615369973
23	1208617290297	1208617292275
23	1208620697729	1208620701616
23	1208635710915	1208635712141
23	1208635725255	1208635728446
23	1208637563580	1208637565679
23	1208637624514	1208637627498
23	1208637752465	1208637757410
23	1208637799743	1208637801729
23	1208638087426	1208638090449
23	1208641793849	1208641795775
24	1208594275992	1208594278729
24	1208594344436	1208594348416
24	1208594371643	1208594378209
24	1208594433315	1208594436739
24	1208594456890	1208594457981
24	1208594478598	1208594481959
24	1208594555960	1208594560609
24	1208594786336	1208594790604
24	1208595176822	1208595179554
24	1208595185986	1208595189105
24	1208595456414	1208595463942
24	1208595729162	1208595731272
24	1208598033330	1208598036147
24	1208598051208	1208598054296
24	1208598233865	1208598236120
24	1208599398824	1208599401349
24	1208601573821	1208601578257
24	1208601579684	1208601585236
24	1208601717538	1208601722429
24	1208601900975	1208601906752
24	1208601909835	1208601915244
24	1208604330866	1208604333602
24	1208605951992	1208605955416
24	1208605987370	1208605989768
24	1208606488754	1208606490625
24	1208606604839	1208606609143
24	1208606628225	1208606631305
24	1208607076183	1208607078853
24	1208607425471	1208607427453
24	1208608350249	1208608352856
24	1208608387376	1208608390145
24	1208608647579	1208608649409
24	1208608946859	1208608948620
24	1208609170367	1208609173557
24	1208609175504	1208609178292
24	1208609867557	1208609870531
24	1208609931507	1208609934241
24	1208610128989	1208610131272
24	1208610199920	1208610202542
24	1208610350679	1208610353989
24	1208610462196	1208610464736
24	1208610467875	1208610471569
24	1208612661179	1208612663447
24	1208613762371	1208613764898
24	1208613853669	1208613855729
24	1208613932136	1208613934879
24	1208614455622	1208614458256
24	1208614536723	1208614540254
24	1208614633145	1208614635854
24	1208614637199	1208614640898
24	1208615274665	1208615276908
24	1208615333165	1208615340307
24	1208615341222	1208615344485
24	1208615365182	1208615371231
24	1208615910464	1208615913144
24	1208617055140	1208617057969
24	1208617289332	1208617291284
24	1208620710701	1208620713169
24	1208628926533	1208628928207
24	1208628972699	1208628975700
24	1208628977178	1208628979826
24	1208630764630	1208630767911
24	1208631003457	1208631005366
24	1208631090999	1208631094613
24	1208635711546	1208635714368
24	1208635724928	1208635727614
24	1208637558440	1208637562560
24	1208637564582	1208637567711
24	1208637622658	1208637625869
24	1208637673322	1208637678106
24	1208637792180	1208637795595
24	1208637797639	1208637799619
24	1208638086666	1208638087822
24	1208641699978	1208641703409
24	1208641792876	1208641796124
24	1208642243865	1208642246976
25	1208595185486	1208595187294
25	1208601577567	1208601580298
25	1208604332419	1208604335450
25	1208609169429	1208609173675
25	1208610200416	1208610201588
25	1208610462593	1208610465913
25	1208610467424	1208610469527
25	1208635723928	1208635728162
25	1208637558743	1208637562771
25	1208637672468	1208637674534
25	1208637674818	1208637677375
25	1208637724351	1208637726479
25	1208642244212	1208642247474
26	1208615408309	1208615416683
26	1208615416791	1208615419687
26	1208615424458	1208615426424
26	1208615442744	1208615447425
27	1208595437322	1208595442416
27	1208595448382	1208595453242
27	1208595499401	1208595505723
27	1208595511137	1208595515573
27	1208596934156	1208596937894
27	1208596948374	1208596951770
27	1208597097108	1208597101297
27	1208597112870	1208597116674
27	1208604220252	1208604224213
27	1208604231627	1208604235331
27	1208604242959	1208604245181
27	1208604253345	1208604256617
27	1208604263288	1208604266501
27	1208604276121	1208604282538
27	1208604283646	1208604286601
27	1208604306554	1208604308898
27	1208606876825	1208606878939
27	1208608643759	1208608648194
27	1208608666524	1208608669624
27	1208608784257	1208608787153
27	1208608797213	1208608798994
27	1208608824211	1208608826163
27	1208609150867	1208609154451
27	1208609196505	1208609199587
27	1208609220456	1208609222188
27	1208609280258	1208609283267
27	1208609289976	1208609292320
27	1208609309133	1208609312297
27	1208609359673	1208609363889
27	1208609370904	1208609372317
27	1208609387217	1208609390410
27	1208609859900	1208609863387
27	1208620699201	1208620703115
27	1208637626665	1208637630189
27	1208637657635	1208637662521
28	1208596973792	1208596976134
28	1208596979163	1208596981253
28	1208599011971	1208599026199
28	1208601574184	1208601577567
28	1208601695737	1208601701379
28	1208603504403	1208603506639
28	1208604221539	1208604224703
28	1208604230251	1208604233235
28	1208604243988	1208604246749
28	1208604252252	1208604255202
28	1208604264954	1208604267611
28	1208604273893	1208604276626
28	1208604279730	1208604286601
28	1208604307268	1208604310104
28	1208606875802	1208606879507
28	1208607868750	1208607871650
28	1208607979256	1208607981951
28	1208608644774	1208608648146
28	1208608665216	1208608668173
28	1208608681598	1208608684679
28	1208608782994	1208608786741
28	1208608797683	1208608802744
28	1208608823323	1208608826163
28	1208609151770	1208609154818
28	1208609195403	1208609199227
28	1208609220817	1208609223809
28	1208609258820	1208609264264
28	1208609279237	1208609281996
28	1208609290926	1208609293865
28	1208609307939	1208609310975
28	1208609328358	1208609331210
28	1208609358761	1208609361433
28	1208609371113	1208609373849
28	1208609386832	1208609389148
28	1208609860640	1208609863563
28	1208615330219	1208615333273
28	1208620708882	1208620711557
29	1208595185922	1208595187572
29	1208595588863	1208595590834
29	1208595596712	1208595600640
29	1208598649556	1208598651566
29	1208598652498	1208598654126
29	1208599020688	1208599023453
29	1208600064976	1208600066681
29	1208601574577	1208601577567
29	1208601579816	1208601581777
29	1208601699284	1208601704768
29	1208601715168	1208601720348
29	1208604251318	1208604253481
29	1208605989350	1208605991431
29	1208606873193	1208606874362
29	1208607869940	1208607872779
29	1208607978355	1208607981136
29	1208608406979	1208608409107
29	1208608822950	1208608825375
29	1208609153960	1208609156189
29	1208609193968	1208609196744
29	1208609222530	1208609225588
29	1208609258964	1208609260213
29	1208609262242	1208609264991
29	1208609307189	1208609309305
29	1208609330197	1208609332294
29	1208609381448	1208609384230
29	1208609384483	1208609388817
29	1208614633961	1208614635981
29	1208615282496	1208615286219
29	1208615287581	1208615293242
29	1208617288682	1208617290563
29	1208635723651	1208635725523
29	1208637796543	1208637798411
30	1208594346838	1208594353474
30	1208595184548	1208595188952
30	1208595593472	1208595594790
30	1208595595621	1208595600436
30	1208595730220	1208595734422
30	1208596890323	1208596893821
30	1208598034786	1208598037935
30	1208598049557	1208598051468
30	1208598232362	1208598234844
30	1208598649844	1208598655987
30	1208599021718	1208599025551
30	1208599396844	1208599400437
30	1208600065557	1208600067737
30	1208603502495	1208603504403
30	1208604226961	1208604230639
30	1208604246308	1208604253619
30	1208604267430	1208604270127
30	1208604271264	1208604274975
30	1208604309222	1208604312456
30	1208604332142	1208604335136
30	1208605950362	1208605955280
30	1208605989972	1208605992477
30	1208606487285	1208606489251
30	1208606629615	1208606632792
30	1208606869491	1208606876619
30	1208607075248	1208607076565
30	1208607423783	1208607426441
30	1208607871276	1208607874863
30	1208607977793	1208607980745
30	1208608349453	1208608352736
30	1208608407308	1208608409815
30	1208608544433	1208608547881
30	1208608648403	1208608651774
30	1208608662322	1208608666365
30	1208608683867	1208608687837
30	1208608780485	1208608784539
30	1208608802744	1208608803808
30	1208608821682	1208608824587
30	1208608947253	1208608948477
30	1208609153922	1208609157176
30	1208609168397	1208609172553
30	1208609176468	1208609179201
30	1208609193318	1208609196318
30	1208609223523	1208609226584
30	1208609256316	1208609259282
30	1208609263592	1208609266781
30	1208609276493	1208609280388
30	1208609293135	1208609296221
30	1208609305534	1208609308621
30	1208609330508	1208609333212
30	1208609343463	1208609346185
30	1208609355856	1208609360141
30	1208609373420	1208609376375
30	1208609379521	1208609383929
30	1208609863129	1208609867379
30	1208609867823	1208609870531
30	1208609932948	1208609936153
30	1208610201304	1208610204424
30	1208610349255	1208610352894
30	1208612578540	1208612580401
30	1208612659723	1208612663320
30	1208612676510	1208612679197
30	1208613852527	1208613855873
30	1208613933464	1208613934691
30	1208614456503	1208614459994
30	1208614535720	1208614539338
30	1208614634225	1208614639283
30	1208615273353	1208615278728
30	1208615281881	1208615286937
30	1208615367727	1208615377867
30	1208615911724	1208615915318
30	1208617056389	1208617059958
30	1208617288354	1208617291829
30	1208620711197	1208620715865
30	1208628925325	1208628926533
30	1208628973889	1208628979676
30	1208630766146	1208630769511
30	1208631089231	1208631092741
30	1208635712341	1208635715976
30	1208635722870	1208635727480
30	1208637565679	1208637569184
30	1208637793632	1208637800943
30	1208638085624	1208638089202
30	1208641701878	1208641705598
30	1208641791425	1208641795337
31	1208594269990	1208594272978
31	1208595179257	1208595187421
31	1208595732549	1208595735128
31	1208596888657	1208596891495
31	1208598035879	1208598052777
31	1208598230842	1208598233744
31	1208599023395	1208599027676
31	1208599395375	1208599398356
31	1208600066612	1208600069464
31	1208603501599	1208603503662
31	1208604247766	1208604250192
31	1208604269366	1208604272319
31	1208604310398	1208604312776
31	1208604333414	1208604337125
31	1208605949145	1208605953920
31	1208605990152	1208605995565
31	1208606486665	1208606488498
31	1208606630357	1208606637302
31	1208606868401	1208606870813
31	1208607073276	1208607076439
31	1208607422919	1208607425337
31	1208607871849	1208607877330
31	1208607976749	1208607979256
31	1208608348101	1208608350948
31	1208608389238	1208608391277
31	1208608408459	1208608411185
31	1208608543352	1208608545849
31	1208608685720	1208608687987
31	1208608948101	1208608950204
31	1208609865893	1208609867123
31	1208609876509	1208609879407
31	1208609933959	1208609936275
31	1208610125438	1208610129136
31	1208610202463	1208610205564
31	1208610347478	1208610351949
31	1208610465674	1208610467671
31	1208612577202	1208612579397
31	1208612638786	1208612642570
31	1208612659153	1208612661551
31	1208612677337	1208612681276
31	1208613764377	1208613766574
31	1208613851416	1208613853827
31	1208613934314	1208613937927
31	1208614457415	1208614459854
31	1208614534103	1208614537136
31	1208615272337	1208615279576
31	1208615368657	1208615375459
31	1208615376567	1208615381116
31	1208615386314	1208615391902
31	1208615402968	1208615410898
31	1208615445907	1208615449814
31	1208615913144	1208615917880
31	1208617057465	1208617062552
31	1208617286303	1208617289488
31	1208620712891	1208620717648
31	1208628924487	1208628926319
31	1208630767357	1208630770378
31	1208630997908	1208630999932
31	1208631087817	1208631090849
31	1208635713673	1208635723876
31	1208637561771	1208637564739
31	1208637565382	1208637571836
31	1208637660479	1208637673996
31	1208638083949	1208638087972
31	1208641703815	1208641707248
31	1208641789912	1208641793449
31	1208642245967	1208642249208
32	1208595184102	1208595186216
32	1208608650857	1208608653269
32	1208608660511	1208608662809
32	1208608779392	1208608783145
32	1208608802744	1208608805281
32	1208608821199	1208608824462
32	1208609155182	1208609159495
32	1208609167719	1208609171445
32	1208609177815	1208609179947
32	1208609192548	1208609195944
32	1208609254897	1208609259156
32	1208609275226	1208609279749
32	1208609294777	1208609298544
32	1208609304460	1208609308598
32	1208609332144	1208609334135
32	1208609340875	1208609347944
32	1208609354637	1208609358782
32	1208609374815	1208609381327
32	1208609864829	1208609870830
32	1208609872887	1208609879666
32	1208612677577	1208612678777
32	1208615277743	1208615283933
32	1208615376181	1208615381527
32	1208615382410	1208615386832
32	1208615402805	1208615405861
32	1208635717910	1208635720378
33	1208595439967	1208595447915
33	1208595503758	1208595513950
33	1208596934713	1208596937692
33	1208596947520	1208596949968
33	1208597097995	1208597102179
33	1208597111952	1208597114632
33	1208603506122	1208603507800
33	1208604218964	1208604223197
33	1208604233649	1208604238468
33	1208604241325	1208604243772
33	1208604255637	1208604258819
33	1208604261997	1208604264678
33	1208604286601	1208604288569
33	1208604305102	1208604307432
33	1208606877895	1208606879897
33	1208607867583	1208607870402
33	1208607980877	1208607982593
33	1208608642302	1208608644363
33	1208608667480	1208608670867
33	1208608678328	1208608682851
33	1208608785317	1208608789801
33	1208608795122	1208608798676
33	1208608824883	1208608828159
33	1208609149241	1208609153565
33	1208609197575	1208609201859
33	1208609218784	1208609222497
33	1208609281347	1208609284600
33	1208609288683	1208609292461
33	1208609310857	1208609315963
33	1208609317687	1208609323190
33	1208609326262	1208609329548
33	1208609361184	1208609365611
33	1208609368953	1208609371131
33	1208609388613	1208609391580
33	1208609856890	1208609860347
33	1208637629298	1208637632745
33	1208637641324	1208637643340
33	1208637653307	1208637658646
34	1208595508110	1208595509230
34	1208596935473	1208596938789
34	1208596946924	1208596950122
34	1208597098747	1208597102395
34	1208597110976	1208597114805
34	1208604216474	1208604217156
34	1208604217311	1208604221414
34	1208604234789	1208604238630
34	1208604240445	1208604242718
34	1208604256113	1208604257847
34	1208604261235	1208604264312
34	1208604287590	1208604288796
34	1208604304241	1208604307855
34	1208607866255	1208607869780
34	1208608545566	1208608547881
34	1208608630104	1208608631994
34	1208608632738	1208608642879
34	1208608668837	1208608672140
34	1208608677683	1208608681464
34	1208608786275	1208608790111
34	1208608794252	1208608797683
34	1208608825850	1208608827886
34	1208609148387	1208609152300
34	1208609199977	1208609201995
34	1208609206626	1208609208135
34	1208609218401	1208609220208
34	1208609282711	1208609284735
34	1208609287747	1208609289835
34	1208609312179	1208609314968
34	1208609316467	1208609319123
34	1208609320778	1208609322934
34	1208609325382	1208609327344
34	1208609362216	1208609365768
34	1208609367863	1208609369977
34	1208609389742	1208609392831
34	1208609855830	1208609860522
34	1208637630601	1208637634546
34	1208637635362	1208637637707
34	1208637638515	1208637643892
34	1208637653443	1208637655931
36	1208596936415	1208596939122
36	1208596946591	1208596949840
36	1208597099330	1208597101459
36	1208597111112	1208597114389
36	1208603506960	1208603513982
36	1208603514644	1208603517732
36	1208603521491	1208603523861
36	1208603532311	1208603534111
36	1208603566777	1208603568820
36	1208603783641	1208603786704
36	1208603915428	1208603917276
36	1208603950796	1208603951239
36	1208603952953	1208603954139
36	1208603955354	1208603957987
36	1208603969581	1208603971758
36	1208603981825	1208603985600
36	1208604016363	1208604017512
36	1208604147630	1208604151696
36	1208604171235	1208604172410
36	1208604173695	1208604175519
36	1208604215541	1208604222319
36	1208604235680	1208604237482
36	1208604240305	1208604243637
36	1208604256255	1208604258181
36	1208604261402	1208604263535
36	1208604286601	1208604290928
36	1208604304571	1208604307988
36	1208606879632	1208606884159
36	1208606887922	1208606892855
36	1208606946121	1208606947939
36	1208606953950	1208606955836
36	1208606958492	1208606965947
36	1208607011893	1208607013604
36	1208607014118	1208607015823
36	1208607036973	1208607039574
36	1208607040482	1208607043884
36	1208607416290	1208607418654
36	1208607822849	1208607826602
36	1208607864323	1208607871337
36	1208607981471	1208607985816
36	1208608405851	1208608408178
36	1208608430662	1208608432546
36	1208608478461	1208608482201
36	1208608491388	1208608494835
36	1208608526321	1208608538177
36	1208608544294	1208608551302
36	1208608623634	1208608646545
36	1208608668997	1208608670733
36	1208608677582	1208608680599
36	1208608795256	1208608796306
36	1208608826216	1208608833631
36	1208608922893	1208608924706
36	1208608972563	1208608973774
36	1208609144940	1208609152801
36	1208609198970	1208609200943
36	1208609203662	1208609211593
36	1208609216679	1208609222895
36	1208609287555	1208609290473
36	1208609312595	1208609315462
36	1208609316996	1208609318841
36	1208609320652	1208609323756
36	1208609324866	1208609328484
36	1208609362824	1208609364743
36	1208609367403	1208609370892
36	1208609391836	1208609400782
36	1208609403485	1208609406813
36	1208609424996	1208609427308
36	1208609429471	1208609430873
36	1208609526297	1208609529806
36	1208609565135	1208609566315
36	1208609627459	1208609628611
36	1208609652582	1208609654419
36	1208609659185	1208609660207
36	1208609660619	1208609663210
36	1208609663701	1208609665953
36	1208609712896	1208609716608
36	1208609758597	1208609759767
36	1208609851538	1208609859886
36	1208637631549	1208637634678
36	1208637638652	1208637644852
37	1208596937894	1208596941495
37	1208596942315	1208596949587
37	1208597100819	1208597104982
37	1208597107874	1208597113452
37	1208604239871	1208604242101
37	1208604257649	1208604262865
37	1208608528376	1208608530368
37	1208608531151	1208608533928
37	1208608534143	1208608536255
37	1208608536295	1208608541251
37	1208608542836	1208608548896
37	1208608625229	1208608634264
37	1208608634505	1208608640135
37	1208608670227	1208608674595
37	1208608675326	1208608679149
37	1208608788919	1208608796407
37	1208609202782	1208609205225
37	1208609286818	1208609289255
37	1208609313524	1208609318508
37	1208609324246	1208609326750
37	1208637635762	1208637639382
39	1208608651119	1208608654262
39	1208608660182	1208608663888
39	1208608686659	1208608690214
39	1208608694805	1208608700619
39	1208608718674	1208608720721
39	1208608778559	1208608781619
39	1208608802744	1208608806809
39	1208608820832	1208608822950
39	1208609155909	1208609158860
39	1208609165819	1208609170191
39	1208609177985	1208609182619
39	1208609192240	1208609195538
39	1208609225222	1208609228259
39	1208609234295	1208609236218
39	1208609254229	1208609257385
39	1208609265405	1208609269465
39	1208609274786	1208609277136
39	1208609295207	1208609298210
39	1208609304238	1208609307330
39	1208609332294	1208609335159
39	1208609340184	1208609342910
39	1208609345371	1208609348820
39	1208609353763	1208609357235
39	1208609375296	1208609380247
39	1208615278713	1208615283102
39	1208615383722	1208615389309
39	1208615401348	1208615405409
40	1208615393503	1208615398196
41	1208608657753	1208608661549
41	1208608699897	1208608702666
41	1208608709136	1208608713501
41	1208608719298	1208608722691
41	1208608736598	1208608738570
41	1208608748336	1208608751500
41	1208608761130	1208608764271
41	1208608777301	1208608778717
41	1208608810460	1208608812252
41	1208609190272	1208609191986
41	1208609227179	1208609230576
41	1208609234861	1208609238349
41	1208609247714	1208609249470
41	1208609334135	1208609337977
41	1208609352546	1208609355717
41	1208615391197	1208615394421
41	1208615397883	1208615402197
42	1208608652795	1208608655142
42	1208608659522	1208608660649
42	1208608687717	1208608691150
42	1208608694555	1208608698234
42	1208608698475	1208608700777
42	1208608716291	1208608720557
42	1208608733826	1208608737654
42	1208608743536	1208608745384
42	1208608746893	1208608750200
42	1208608756238	1208608758166
42	1208608759335	1208608762821
42	1208608767292	1208608769302
42	1208608770866	1208608772871
42	1208608778397	1208608781491
42	1208608802938	1208608806404
42	1208608812396	1208608816120
42	1208609165483	1208609169681
42	1208609178951	1208609181620
42	1208609187605	1208609191266
42	1208609191678	1208609192776
42	1208609233452	1208609235501
42	1208609242358	1208609244163
42	1208609246173	1208609248391
42	1208609254917	1208609257426
42	1208609266187	1208609269285
42	1208609274232	1208609277328
42	1208609303523	1208609304998
42	1208609333973	1208609335911
42	1208609377323	1208609379521
42	1208615385111	1208615388757
42	1208615389572	1208615391608
42	1208615400579	1208615404585
43	1208608700906	1208608706834
43	1208608711765	1208608716857
43	1208608721342	1208608726503
43	1208608728126	1208608733610
43	1208608738120	1208608743671
43	1208608749886	1208608755889
43	1208608762943	1208608766689
43	1208608773346	1208608779550
43	1208608806672	1208608811976
43	1208608816493	1208608821903
43	1208609159650	1208609165483
43	1208609182496	1208609187500
43	1208609228750	1208609231838
43	1208609236573	1208609242358
43	1208609249450	1208609253448
43	1208609269152	1208609274951
43	1208609299805	1208609304119
43	1208609335756	1208609340465
43	1208609348673	1208609352927
43	1208615395344	1208615398956
44	1208608653553	1208608657188
44	1208608657253	1208608660846
44	1208608689499	1208608696397
44	1208608704996	1208608709385
44	1208608709588	1208608711585
44	1208608714196	1208608717769
44	1208608724146	1208608729803
44	1208608731528	1208608734656
44	1208608736135	1208608740168
44	1208608742936	1208608745522
44	1208608748501	1208608750347
44	1208608754592	1208608758425
44	1208608761123	1208608763611
44	1208608765219	1208608769421
44	1208608772425	1208608775980
44	1208608776414	1208608780303
44	1208608804861	1208608808891
44	1208608810547	1208608814376
44	1208608814658	1208608818239
44	1208608819111	1208608822233
44	1208609158206	1208609161599
44	1208609163931	1208609167578
44	1208609180275	1208609184354
44	1208609184844	1208609188930
44	1208609189600	1208609192112
44	1208609230917	1208609234168
44	1208609240877	1208609242823
44	1208609247565	1208609249349
44	1208609252446	1208609256182
44	1208609267505	1208609270720
44	1208609272140	1208609276357
44	1208609297455	1208609300625
44	1208609301994	1208609304118
44	1208609338298	1208609342321
44	1208609347536	1208609349132
44	1208609351876	1208609355576
44	1208615390757	1208615394555
44	1208615397429	1208615401348
45	1208608707505	1208608709136
45	1208608715959	1208608719573
45	1208608733231	1208608738431
45	1208608743122	1208608747913
45	1208608755716	1208608759809
45	1208608771166	1208608772370
45	1208608814519	1208608816720
45	1208609186662	1208609191831
45	1208609241877	1208609246513
