1	1201769111113	1201769113262
1	1201773402103	1201773404102
2	1201769109997	1201769112149
2	1201769593794	1201769596803
2	1201769754150	1201769760506
2	1201769768486	1201769770826
2	1201772726176	1201772729954
2	1201780580919	1201780584104
2	1201781079873	1201781083711
2	1201781299913	1201781301777
2	1201781411140	1201781412368
2	1201782227524	1201782229775
2	1201783546769	1201783549510
2	1201784544926	1201784546279
2	1201784653160	1201784655202
2	1201784662158	1201784664158
2	1201786381459	1201786387422
2	1201786397357	1201786401755
3	1201769753202	1201769760418
3	1201780525808	1201780532446
3	1201780540359	1201780548371
3	1201780577949	1201780586325
3	1201780640871	1201780648134
3	1201780664356	1201780669590
3	1201780748158	1201780755741
3	1201781033736	1201781038341
3	1201781147122	1201781154699
3	1201781240620	1201781246475
3	1201781254588	1201781258717
3	1201781259945	1201781263453
3	1201781269982	1201781274176
3	1201781279484	1201781286613
3	1201781293807	1201781302256
3	1201781396462	1201781401605
3	1201781408950	1201781413852
3	1201781494309	1201781499388
3	1201782224830	1201782233857
3	1201783543981	1201783552374
3	1201784663389	1201784670181
3	1201784670777	1201784673615
3	1201784678458	1201784686920
3	1201786396905	1201786398865
3	1201786407451	1201786410551
3	1201787739937	1201787743335
3	1201787750179	1201787757485
3	1201787758840	1201787769833
3	1201787773722	1201787783268
3	1201787784641	1201787785932
3	1201787795821	1201787797987
3	1201787810578	1201787816292
3	1201787878324	1201787883358
3	1201791283492	1201791289705
3	1201791289766	1201791292212
7	1201769125826	1201769130969
7	1201769153320	1201769169819
7	1201769170156	1201769181666
7	1201769194175	1201769196501
7	1201769439979	1201769444670
7	1201769461781	1201769466269
7	1201769466687	1201769470342
7	1201769595928	1201769601341
7	1201769604669	1201769609556
7	1201769720241	1201769724433
7	1201769763417	1201769770161
7	1201769786337	1201769791765
7	1201770025138	1201770034129
7	1201771091330	1201771094828
7	1201771377517	1201771383497
7	1201771384792	1201771385413
7	1201771555757	1201771559593
7	1201771561843	1201771564923
7	1201771613630	1201771615900
7	1201771996706	1201772001679
7	1201772714377	1201772718156
7	1201772719476	1201772724265
7	1201773402368	1201773403925
7	1201781081546	1201781086364
7	1201781090303	1201781101551
7	1201781326347	1201781330807
7	1201781349544	1201781351665
7	1201781438517	1201781441954
7	1201781442784	1201781445162
7	1201781717705	1201781720536
7	1201781722665	1201781728571
7	1201781827469	1201781829364
7	1201781879120	1201781887317
7	1201781894505	1201781896848
7	1201781963231	1201781968518
7	1201781972485	1201781974717
7	1201782240870	1201782243172
7	1201783555570	1201783556795
7	1201783557160	1201783559625
7	1201783764328	1201783769121
7	1201783787842	1201783790190
7	1201783986855	1201783988179
7	1201784032945	1201784036752
7	1201784541555	1201784545719
7	1201784656971	1201784661543
7	1201784685958	1201784690525
7	1201784696218	1201784698425
7	1201784747280	1201784748288
7	1201784752458	1201784755142
7	1201784814535	1201784816945
7	1201784899533	1201784901986
7	1201784921289	1201784923314
7	1201785062190	1201785065790
7	1201785068212	1201785070878
7	1201785154603	1201785155869
7	1201785163259	1201785164572
7	1201785265517	1201785267713
7	1201785272521	1201785275188
7	1201785355106	1201785357360
7	1201785358745	1201785361616
7	1201785380279	1201785382608
7	1201785549334	1201785550544
7	1201785558256	1201785561470
7	1201785977778	1201785986646
7	1201785986848	1201785989785
7	1201785991821	1201786002377
7	1201786383860	1201786386467
7	1201786388166	1201786390954
7	1201786426113	1201786434816
7	1201786681585	1201786683960
7	1201787905189	1201787913654
7	1201788069447	1201788076215
7	1201788174191	1201788176463
7	1201788777425	1201788778986
7	1201788800371	1201788802799
7	1201788812494	1201788813818
7	1201788819980	1201788821970
7	1201788994131	1201788999893
7	1201789002856	1201789017862
7	1201789032592	1201789036142
7	1201789051305	1201789054296
7	1201789091125	1201789095739
7	1201789110156	1201789116462
7	1201789116647	1201789121282
7	1201789129459	1201789135358
7	1201789139482	1201789144268
7	1201789145350	1201789150136
7	1201789152730	1201789160726
7	1201789161495	1201789164811
7	1201789195823	1201789198586
7	1201789215110	1201789218578
7	1201789220160	1201789223134
7	1201789226345	1201789233438
7	1201789241438	1201789243848
7	1201789244331	1201789245670
7	1201789260429	1201789265362
7	1201789266282	1201789270241
7	1201789283116	1201789285736
7	1201789290879	1201789293365
7	1201789478730	1201789481801
7	1201789483375	1201789491870
7	1201789495935	1201789512609
7	1201789520615	1201789525227
7	1201789525443	1201789528452
7	1201789528744	1201789532569
7	1201789534669	1201789541696
7	1201789542274	1201789551946
7	1201789552511	1201789555854
7	1201789556155	1201789558885
7	1201789560464	1201789567322
7	1201789577445	1201789583273
7	1201789589545	1201789591813
8	1201769108541	1201769111453
8	1201769137138	1201769139914
8	1201769150905	1201769152257
8	1201769469943	1201769473906
8	1201769593237	1201769597341
8	1201769751194	1201769753965
8	1201769758940	1201769766638
8	1201769769109	1201769772460
8	1201769782828	1201769785649
8	1201772704589	1201772705861
8	1201772725607	1201772731655
8	1201773385292	1201773388486
8	1201773398449	1201773402630
8	1201773406639	1201773409705
8	1201780524787	1201780527566
8	1201780576836	1201780579297
8	1201780581519	1201780585888
8	1201780645107	1201780647698
8	1201780666966	1201780669973
8	1201780752798	1201780755245
8	1201781079505	1201781082245
8	1201781151505	1201781153643
8	1201781238893	1201781242154
8	1201781252684	1201781256181
8	1201781282999	1201781285503
8	1201781299493	1201781303294
8	1201781323805	1201781327959
8	1201781394972	1201781398966
8	1201781411368	1201781414708
8	1201781493102	1201781495635
8	1201781500313	1201781504267
8	1201782224118	1201782226774
8	1201783543517	1201783545862
8	1201783556172	1201783560195
8	1201784543838	1201784548284
8	1201784652799	1201784656814
8	1201784661863	1201784664948
8	1201784684283	1201784686517
8	1201786380380	1201786383396
8	1201786399315	1201786408279
8	1201786425776	1201786428134
8	1201787811949	1201787814251
8	1201787877640	1201787879372
8	1201787881212	1201787883225
8	1201789594354	1201789597707
8	1201791290646	1201791293277
9	1201769476154	1201769479171
9	1201769603700	1201769609419
9	1201769750392	1201769754827
9	1201769764757	1201769768925
9	1201769782951	1201769784276
9	1201772703747	1201772705977
9	1201772727578	1201772734269
9	1201780524285	1201780528178
9	1201780545158	1201780549734
9	1201780575614	1201780580582
9	1201780582541	1201780586947
9	1201780639839	1201780643992
9	1201780645290	1201780648843
9	1201780663431	1201780669152
9	1201780746502	1201780751617
9	1201780753109	1201780756492
9	1201781032723	1201781040452
9	1201781079974	1201781080397
9	1201781146265	1201781148571
9	1201781151635	1201781155814
9	1201781179862	1201781184473
9	1201781186723	1201781193257
9	1201781238191	1201781242370
9	1201781251516	1201781256953
9	1201781300410	1201781304550
9	1201781393573	1201781398822
9	1201781491841	1201781499209
9	1201781499773	1201781503864
9	1201782223601	1201782227774
9	1201782230137	1201782233629
9	1201783542885	1201783546608
9	1201784684132	1201784687853
9	1201786379891	1201786384122
9	1201786399183	1201786407127
9	1201786425559	1201786430498
9	1201787738725	1201787742871
9	1201787812209	1201787814379
9	1201787877294	1201787885527
9	1201791282373	1201791284680
10	1201771086698	1201771089468
10	1201771111606	1201771116435
10	1201772952743	1201772953893
10	1201773130927	1201773132974
10	1201779643177	1201779649526
10	1201788936375	1201788939990
10	1201798419293	1201798420616
10	1201798487861	1201798489690
11	1201772953456	1201772956452
11	1201773130494	1201773133464
11	1201779226359	1201779229840
11	1201779313803	1201779316911
11	1201779672659	1201779675993
11	1201788935784	1201788939235
11	1201798419752	1201798421829
11	1201798487375	1201798489463
11	1201805759470	1201805760845
12	1201769774317	1201769778808
14	1201766074670	1201766077583
14	1201766077855	1201766082502
14	1201769107581	1201769109384
14	1201769602384	1201769604682
14	1201769749226	1201769751459
14	1201769770177	1201769772124
14	1201769781250	1201769783454
14	1201772729256	1201772731338
14	1201780471619	1201780473679
14	1201780523315	1201780526367
14	1201780546297	1201780549777
14	1201780574980	1201780577212
14	1201780583986	1201780587583
14	1201780646156	1201780648355
14	1201780662289	1201780664239
14	1201780668232	1201780671980
14	1201780745752	1201780747900
14	1201780754255	1201780757617
14	1201781032647	1201781034367
14	1201781037313	1201781039285
14	1201781178825	1201781181106
14	1201781188476	1201781189762
14	1201781236935	1201781239406
14	1201781250150	1201781253520
14	1201781284337	1201781286175
14	1201781302654	1201781306149
14	1201781322343	1201781325758
14	1201781392518	1201781395429
14	1201781490615	1201781494125
14	1201781501715	1201781503703
14	1201782222579	1201782225121
14	1201782231318	1201782233501
14	1201783541989	1201783544549
14	1201783557864	1201783561150
14	1201784651592	1201784653760
14	1201784660184	1201784663289
14	1201784685315	1201784687557
14	1201786378419	1201786382410
14	1201786427488	1201786430762
14	1201787737873	1201787740985
14	1201787813189	1201787815745
14	1201787876472	1201787878471
14	1201787882932	1201787886534
14	1201787907422	1201787910380
14	1201791281693	0
15	1201766074306	1201766077206
15	1201766077720	1201766084222
15	1201769107254	1201769109535
15	1201769139106	1201769141499
15	1201769148731	1201769151185
15	1201769602118	1201769605394
15	1201769611115	1201769615184
15	1201769619609	1201769625152
15	1201769660893	1201769664883
15	1201769688702	1201769693699
15	1201769747714	1201769752275
15	1201769766968	1201769769416
15	1201769770349	1201769773769
15	1201769780790	1201769782607
15	1201772729688	1201772731999
15	1201772734482	1201772736638
15	1201773383622	1201773387119
15	1201773408221	1201773410428
15	1201777558877	1201777560602
15	1201780470654	1201780475257
15	1201780523201	1201780526981
15	1201780546475	1201780549647
15	1201780573833	1201780577792
15	1201780583732	1201780587699
15	1201780638810	1201780642918
15	1201780646313	1201780648521
15	1201780662429	1201780664796
15	1201780668382	1201780672189
15	1201780694257	1201780697285
15	1201780733281	1201780740187
15	1201780745288	1201780747618
15	1201780754382	1201780757484
15	1201781032340	1201781034525
15	1201781037653	1201781039557
15	1201781078415	1201781080793
15	1201781145466	1201781147675
15	1201781152825	1201781155275
15	1201781177617	1201781182397
15	1201781188796	1201781192723
15	1201781237721	1201781240893
15	1201781244433	1201781246641
15	1201781249983	1201781252961
15	1201781302786	1201781306550
15	1201781322208	1201781326125
15	1201781392220	1201781396397
15	1201781413565	1201781416542
15	1201781490458	1201781494511
15	1201781502518	1201781504399
15	1201782222830	1201782226866
15	1201782231197	1201782234579
15	1201783542259	1201783544311
15	1201783557210	1201783561562
15	1201784545458	1201784548986
15	1201784651270	1201784653622
15	1201784660397	1201784662705
15	1201784685442	1201784687427
15	1201786378679	1201786381107
15	1201786427645	1201786431898
15	1201787737621	1201787741213
15	1201787876403	1201787879602
15	1201787883629	1201787888284
15	1201787906616	1201787909518
15	1201787910741	1201787914738
15	1201789596248	1201789597868
15	1201791281431	1201791283781
16	1201768062833	1201768066518
16	1201769607987	1201769614112
16	1201769621715	1201769624686
16	1201769625571	1201769630773
16	1201769639390	1201769647104
16	1201769647832	1201769671496
16	1201769673841	1201769677356
16	1201769685393	1201769690301
16	1201769691496	1201769713516
16	1201769716438	1201769718610
16	1201769718725	1201769722561
16	1201769742250	1201769750818
16	1201769964468	1201769969849
16	1201771082797	1201771087106
16	1201772702315	1201772704138
16	1201772734799	1201772738210
16	1201784546185	1201784548103
16	1201787911305	1201787914598
16	1201788934956	1201788938663
17	1201767696282	1201767698925
17	1201768040304	1201768045103
17	1201768062409	1201768067509
17	1201768152140	1201768154306
17	1201769744481	1201769748170
17	1201769784522	1201769787712
17	1201769962737	1201769967143
17	1201772954815	1201772955965
17	1201779227125	1201779228559
17	1201788934679	1201788939104
17	1201798420344	1201798422139
17	1201798486282	1201798488737
19	1201779286469	1201779289518
19	1201780594991	1201780598208
19	1201780604386	1201780609670
19	1201780616131	1201780617498
20	1201769723976	1201769731368
20	1201769731705	1201769732972
20	1201769737534	1201769741958
20	1201769790171	1201769799351
20	1201769972506	1201769984253
20	1201770009988	1201770016210
20	1201770072474	1201770086872
20	1201770141384	1201770147203
20	1201770193833	1201770198324
20	1201770246237	1201770252732
20	1201770669337	1201770675997
20	1201770689679	1201770696808
20	1201770699271	1201770700538
20	1201770707657	1201770725871
20	1201770812414	1201770817780
20	1201771085970	1201771091690
20	1201771272522	1201771276927
20	1201771297304	1201771301131
20	1201771359858	1201771362262
20	1201771362672	1201771365245
20	1201771377200	1201771379799
20	1201771383228	1201771385550
20	1201771401124	1201771403515
20	1201771425533	1201771427819
20	1201771449657	1201771452256
20	1201771454374	1201771459302
20	1201771460241	1201771462754
20	1201771466138	1201771468759
20	1201771468916	1201771471571
20	1201771505621	1201771508112
20	1201771512543	1201771514809
20	1201771575345	1201771579728
20	1201771607637	1201771612270
20	1201771630743	1201771633391
20	1201771635935	1201771638269
20	1201771674660	1201771678812
20	1201771687393	1201771689931
20	1201771691217	1201771693559
20	1201771843484	1201771845986
20	1201771851880	1201771854148
20	1201771864550	1201771869435
20	1201771881380	1201771886208
20	1201771900571	1201771903837
20	1201771904739	1201771907130
20	1201771916736	1201771919366
20	1201771926718	1201771927984
20	1201771950759	1201771953233
20	1201771955557	1201771957774
20	1201771958668	1201771961388
20	1201771983637	1201771987179
20	1201771997966	1201772000221
20	1201772001514	1201772004131
20	1201772007359	1201772009665
20	1201772016972	1201772019521
20	1201772065171	1201772068529
20	1201772133899	1201772138848
20	1201772159885	1201772163389
20	1201772201389	1201772203903
20	1201772208684	1201772210519
20	1201772249186	1201772254874
20	1201772263475	1201772266123
20	1201772266830	1201772269954
20	1201772274788	1201772277399
20	1201772285525	1201772287714
20	1201772307504	1201772310404
20	1201772315760	1201772317381
20	1201772327238	1201772329833
20	1201772334370	1201772336670
20	1201772361877	1201772371751
20	1201772386431	1201772390931
20	1201772398851	1201772401877
20	1201772529136	1201772533241
20	1201772549810	1201772552208
20	1201772566961	1201772569439
20	1201772575943	1201772577215
20	1201772683825	1201772685571
20	1201772687442	1201772689725
20	1201772704120	1201772707616
20	1201772735358	1201772740275
20	1201772810601	1201772810675
20	1201772825435	1201772827561
20	1201772829302	1201772831256
20	1201772914803	1201772916700
20	1201772921443	1201772923609
20	1201772960798	1201772963358
20	1201772963588	1201772966190
20	1201772972343	1201772974927
20	1201772976261	1201772978716
20	1201773024362	1201773028987
20	1201773038447	1201773043405
20	1201773070218	1201773074602
20	1201773075193	1201773079184
20	1201773082304	1201773084824
20	1201773087317	1201773089668
20	1201773110213	1201773112888
20	1201773115681	1201773118372
20	1201773120721	1201773123369
20	1201773126114	1201773128607
20	1201773192291	1201773194556
20	1201773206601	1201773208321
20	1201773247218	1201773249768
20	1201773268688	1201773270952
20	1201773296727	1201773303321
20	1201773303539	1201773305994
20	1201773340286	1201773344994
20	1201773386170	1201773388734
20	1201773394970	1201773395968
20	1201773406179	1201773416742
20	1201773465898	1201773469217
20	1201773469915	1201773471865
20	1201773618773	1201773621318
20	1201773624480	1201773626740
20	1201773636387	1201773638984
20	1201773644511	1201773646766
20	1201773652313	1201773657149
20	1201773700881	1201773704450
20	1201773759927	1201773762480
20	1201773790380	1201773796442
20	1201773840591	1201773842297
20	1201773849710	1201773852106
20	1201773869265	1201773870516
20	1201773873663	1201773875977
20	1201773880919	1201773885965
20	1201773905487	1201773909283
20	1201773930939	1201773933385
20	1201773936298	1201773938344
20	1201773953130	1201773955600
20	1201773956922	1201773959273
20	1201774005631	1201774007912
20	1201774009571	1201774011880
20	1201774012422	1201774016218
20	1201774017614	1201774019964
20	1201774024837	1201774027366
20	1201774029395	1201774031803
20	1201774038681	1201774042776
20	1201774075157	1201774077772
20	1201774083699	1201774085637
20	1201774121711	1201774124188
20	1201774132566	1201774135168
20	1201774142851	1201774145312
20	1201774147179	1201774149904
20	1201774167354	1201774169880
20	1201774233514	1201774238157
20	1201774376933	1201774380793
20	1201774430185	1201774435265
20	1201774451893	1201774456441
20	1201774690583	1201774693167
20	1201774693962	1201774696610
20	1201774723366	1201774727986
20	1201774732150	1201774737948
20	1201774766686	1201774769334
20	1201774770658	1201774773239
20	1201774779182	1201774781847
20	1201774783421	1201774785981
20	1201774870172	1201774874445
20	1201774986549	1201774988686
20	1201774988958	1201774991740
20	1201775023671	1201775026307
20	1201775027679	1201775030296
20	1201775033120	1201775041280
20	1201775052586	1201775055277
20	1201775055546	1201775058311
20	1201775074454	1201775077778
20	1201775078661	1201775081226
20	1201775090625	1201775093245
20	1201775097443	1201775099938
20	1201775161954	1201775164593
20	1201775174393	1201775176912
20	1201775239875	1201775241931
20	1201775243437	1201775246109
20	1201775255753	1201775258237
20	1201775292173	1201775294651
20	1201775302148	1201775303414
20	1201775351661	1201775353575
20	1201775354523	1201775355795
20	1201775377168	1201775379744
20	1201775381168	1201775384483
20	1201775402166	1201775407393
20	1201775411993	1201775414583
20	1201775420506	1201775422854
20	1201775423535	1201775426339
20	1201775427851	1201775430657
20	1201775431125	1201775433633
20	1201775455366	1201775458912
20	1201775501677	1201775506243
20	1201775512171	1201775516588
20	1201775531718	1201775535905
20	1201775551366	1201775553981
20	1201775557179	1201775559580
20	1201775568234	1201775570846
20	1201775571486	1201775574828
20	1201775581375	1201775583970
20	1201775595641	1201775596791
20	1201775628927	1201775631516
20	1201775631764	1201775637106
20	1201775639786	1201775642212
20	1201775642573	1201775647878
20	1201775658525	1201775663253
20	1201775668815	1201775671406
20	1201775671546	1201775674236
20	1201775676761	1201775679396
20	1201775683774	1201775685499
20	1201775750981	1201775753591
20	1201775756414	1201775763229
20	1201775793803	1201775798567
20	1201775806848	1201775811360
20	1201775871658	1201775879923
20	1201775880875	1201775883581
20	1201775887481	1201775889936
20	1201775898689	1201775901937
20	1201775914328	1201775917787
20	1201775933356	1201775935468
20	1201775946464	1201775950459
20	1201775952562	1201775955170
20	1201775961532	1201775963425
20	1201775972845	1201775975891
20	1201775998371	1201776000725
20	1201776011606	1201776015646
20	1201776044887	1201776046678
20	1201776051261	1201776053517
20	1201776058573	1201776061145
20	1201776063181	1201776065669
20	1201776094639	1201776097182
20	1201776106188	1201776108336
20	1201776134723	1201776137282
20	1201776160467	1201776163864
20	1201776173776	1201776176158
20	1201776188901	1201776191571
20	1201776192401	1201776197816
20	1201776392552	1201776395972
20	1201776396675	1201776399156
20	1201776399949	1201776402703
20	1201776403880	1201776406401
20	1201776409153	1201776412504
20	1201776415783	1201776418120
20	1201776457556	1201776461736
20	1201776489161	1201776491741
20	1201776495196	1201776497562
20	1201776499105	1201776504707
20	1201776506929	1201776509561
20	1201776514408	1201776516756
20	1201776519748	1201776524423
20	1201776531313	1201776533598
20	1201776540772	1201776543797
20	1201776579533	1201776582627
20	1201776589465	1201776591520
20	1201776591933	1201776594269
20	1201776598769	1201776601285
20	1201776602113	1201776607507
20	1201776609129	1201776611502
20	1201776613197	1201776616678
20	1201776660803	1201776663313
20	1201776665955	1201776668157
20	1201776738650	1201776742835
20	1201776746389	1201776748607
20	1201776753475	1201776755804
20	1201776761418	1201776764569
20	1201776780743	1201776782680
20	1201776782872	1201776785444
20	1201776785976	1201776788865
20	1201776801756	1201776803772
20	1201776813757	1201776817937
20	1201776834769	1201776837829
20	1201776871869	1201776875469
20	1201776876347	1201776881315
20	1201776884861	1201776887429
20	1201776888352	1201776890910
20	1201776899601	1201776901652
20	1201776905974	1201776908290
20	1201776910633	1201776913238
20	1201776913660	1201776916229
20	1201776918385	1201776922653
20	1201776974198	1201776976936
20	1201777189714	1201777191938
20	1201777242802	1201777245507
20	1201777274833	1201777279301
20	1201777307314	1201777309686
20	1201777324203	1201777326708
20	1201777333953	1201777336173
20	1201777343538	1201777347606
20	1201777351818	1201777356239
20	1201777369718	1201777372110
20	1201777372770	1201777375124
20	1201777386346	1201777398667
20	1201777408668	1201777410192
20	1201777429605	1201777438666
20	1201777566752	1201777578232
20	1201777579329	1201777583835
20	1201777594215	1201777597991
20	1201777602550	1201777614518
20	1201777615655	1201777620833
20	1201777644614	1201777647560
20	1201777650408	1201777655375
20	1201777701122	1201777703521
20	1201777717104	1201777722602
20	1201777745996	1201777752849
20	1201778002365	1201778007705
20	1201778014188	1201778016492
20	1201778017558	1201778019991
20	1201778029670	1201778033824
20	1201778037275	1201778041873
20	1201778084761	1201778087520
20	1201778099852	1201778106608
20	1201778109171	1201778116203
20	1201778122645	1201778128379
20	1201778202363	1201778204813
20	1201778206324	1201778209247
20	1201778209381	1201778213391
20	1201778227580	1201778236341
20	1201778375549	1201778380855
20	1201778387515	1201778389811
20	1201778389946	1201778392745
20	1201778395507	1201778398827
20	1201778402438	1201778405277
20	1201778405748	1201778410842
20	1201778708625	1201778710908
20	1201778715298	1201778717368
20	1201778721836	1201778724775
20	1201778726696	1201778728878
20	1201778812157	1201778815644
20	1201778951801	1201778954536
20	1201778959152	1201778961892
20	1201779071325	1201779073827
20	1201779277240	1201779285571
20	1201779285760	1201779295355
20	1201779308924	1201779312349
20	1201780439911	1201780448811
20	1201780450705	1201780453984
20	1201780455424	1201780466848
20	1201780467542	1201780476756
20	1201780490532	1201780506994
20	1201780511796	1201780516134
20	1201780518163	1201780525379
20	1201780548549	1201780551342
20	1201780551581	1201780554790
20	1201780570686	1201780573370
20	1201780629539	1201780633340
20	1201780635965	1201780642294
20	1201780647855	1201780652185
20	1201780657875	1201780664681
20	1201780670752	1201780678688
20	1201780680687	1201780693564
20	1201780756736	1201780764404
20	1201780767636	1201780769832
20	1201780773631	1201780775717
20	1201780908948	1201780910172
20	1201780910791	1201780912932
20	1201780926600	1201780935667
20	1201780992911	1201780998103
20	1201781028470	1201781035248
20	1201781039422	1201781044391
20	1201781057310	1201781060294
20	1201781071485	1201781074579
20	1201781079224	1201781081413
20	1201781082680	1201781085249
20	1201781088987	1201781094958
20	1201781128160	1201781130854
20	1201781138654	1201781141163
20	1201781143355	1201781145596
20	1201781155300	1201781160866
20	1201781167101	1201781168378
20	1201781168514	1201781170308
20	1201781170757	1201781176432
20	1201781192535	1201781197620
20	1201781197814	1201781200574
20	1201781232949	1201781237524
20	1201781247546	1201781249262
20	1201781287467	1201781292827
20	1201781301385	1201781302390
20	1201781311847	1201781314148
20	1201781339102	1201781341465
20	1201781387783	1201781393857
20	1201781424347	1201781432217
20	1201781437929	1201781440640
20	1201781443921	1201781450849
20	1201781505799	1201781512476
20	1201781516381	1201781520312
20	1201781717133	1201781719309
20	1201781785432	1201781790102
20	1201781903952	1201781910286
20	1201781933735	1201781936307
20	1201781936695	1201781939734
20	1201781961345	1201781964968
20	1201781965427	1201781968334
20	1201781980572	1201781983227
20	1201781992146	1201781994580
20	1201782005739	1201782007881
20	1201782017230	1201782019968
20	1201782031824	1201782036898
20	1201782041342	1201782043994
20	1201782048629	1201782051443
20	1201782084983	1201782088283
20	1201782110943	1201782112848
20	1201782114142	1201782115423
20	1201782120655	1201782123973
20	1201782126133	1201782128366
20	1201782131227	1201782133582
20	1201782138644	1201782141205
20	1201782160526	1201782165532
20	1201782177864	1201782183699
20	1201782219332	1201782224261
20	1201782235170	1201782241208
20	1201782254606	1201782256482
20	1201782285859	1201782290582
20	1201782292294	1201782295569
20	1201782373387	1201782374736
20	1201782401633	1201782403839
20	1201782416955	1201782418213
20	1201782609215	1201782618225
20	1201782621513	1201782623950
20	1201782624944	1201782627345
20	1201782629461	1201782633733
20	1201782639137	1201782641666
20	1201782648382	1201782652346
20	1201782652470	1201782654565
20	1201782666972	1201782671332
20	1201782672232	1201782674528
20	1201782682584	1201782684660
20	1201782698231	1201782702370
20	1201782716178	1201782717424
20	1201782719600	1201782721480
20	1201782895381	1201782897603
20	1201782910304	1201782912554
20	1201782920730	1201782923373
20	1201782933375	1201782934650
20	1201782940157	1201782942612
20	1201782964239	1201782966409
20	1201782988541	1201782990271
20	1201783105421	1201783107763
20	1201783112121	1201783114278
20	1201783117998	1201783120408
20	1201783313553	1201783316891
20	1201783316956	1201783319284
20	1201783334345	1201783336161
20	1201783369809	1201783373513
20	1201783428866	1201783430514
20	1201783434757	1201783436609
20	1201783438189	1201783440878
20	1201783514528	1201783516177
20	1201783539373	1201783543384
20	1201783560338	1201783567256
20	1201783568182	1201783570294
20	1201783619202	1201783621352
20	1201783623428	1201783624697
20	1201783627787	1201783629467
20	1201783630556	1201783631797
20	1201783632185	1201783634226
20	1201783640449	1201783642908
20	1201783686836	1201783688864
20	1201783802387	1201783802789
20	1201783865679	1201783874457
20	1201783886665	1201783890772
20	1201784084589	1201784085787
20	1201784183180	1201784186616
20	1201784380663	1201784382859
20	1201784401212	1201784401930
20	1201784586595	1201784587806
20	1201784658752	1201784661510
20	1201784702190	1201784708202
20	1201784708810	1201784713885
20	1201784719441	1201784721696
20	1201784725104	1201784729712
20	1201784800224	1201784802855
20	1201784838527	1201784840934
20	1201784859438	1201784861876
20	1201784895897	1201784898234
20	1201784987177	1201784996434
20	1201784999680	1201785005609
20	1201785010776	1201785023246
20	1201785116809	1201785119114
20	1201785121786	1201785123487
20	1201785174711	1201785176957
20	1201785178817	1201785181175
20	1201785187122	1201785189824
20	1201785212981	1201785214573
20	1201785221339	1201785222625
20	1201785230808	1201785232677
20	1201785256421	1201785258585
20	1201785259949	1201785261233
20	1201785320856	1201785322967
20	1201785357810	1201785359977
20	1201785361185	1201785362427
20	1201785367273	1201785369343
20	1201785398409	1201785402460
20	1201785450218	1201785451922
20	1201785519394	1201785520959
20	1201785549473	1201785551896
20	1201785586647	1201785587905
20	1201785589226	1201785591836
20	1201785594677	1201785595944
20	1201785596519	1201785599168
20	1201785605433	1201785608108
20	1201785614575	1201785616933
20	1201785698604	1201785702677
20	1201785824258	1201785826243
20	1201785834635	1201785836802
20	1201785842216	1201785844346
20	1201785909166	1201785910406
20	1201785912422	1201785914494
20	1201785922897	1201785925600
20	1201785929592	1201785930865
20	1201786007276	1201786009475
20	1201786045283	1201786051864
20	1201786052176	1201786062580
20	1201786084899	1201786086156
20	1201786098948	1201786100208
20	1201786114289	1201786116383
20	1201786182871	1201786190842
20	1201786211940	1201786214402
20	1201786231877	1201786234485
20	1201786243396	1201786250661
20	1201786271586	1201786276431
20	1201786305840	1201786311444
20	1201786361395	1201786366794
20	1201786366907	1201786381819
20	1201786560903	1201786567814
20	1201786844914	1201786847127
20	1201786959682	1201786961772
20	1201787176979	1201787179612
20	1201787188805	1201787191356
20	1201787195429	1201787203236
20	1201787226269	1201787231469
20	1201787246838	1201787249156
20	1201787501734	1201787503914
20	1201787528201	1201787530893
20	1201787555752	1201787558319
20	1201787725804	1201787730132
20	1201787733905	1201787735978
20	1201787814531	1201787821275
20	1201787824526	1201787829794
20	1201787854708	1201787857462
20	1201787857680	1201787864286
20	1201787867169	1201787870480
20	1201787873300	1201787878960
20	1201787919593	1201787921914
20	1201787961975	1201787967802
20	1201787988348	1201787990951
20	1201787991263	1201787993896
20	1201788059790	1201788072343
20	1201788092228	1201788095672
20	1201788218127	1201788223167
20	1201788300141	1201788302513
20	1201788312211	1201788313479
20	1201788323180	1201788325422
20	1201788357124	1201788363170
20	1201788369596	1201788376467
20	1201788390425	1201788391698
20	1201788393866	1201788396351
20	1201788398346	1201788399624
20	1201788400819	1201788403377
20	1201788405173	1201788409109
20	1201788410961	1201788412245
20	1201788425338	1201788428858
20	1201788503498	1201788505905
20	1201788506897	1201788509214
20	1201788616208	1201788618216
20	1201788639814	1201788644746
20	1201788644784	1201788646994
20	1201788674208	1201788676567
20	1201788704777	1201788706812
20	1201788719389	1201788723916
20	1201788724972	1201788727122
20	1201788758771	1201788763589
20	1201788817396	1201788819834
20	1201788822688	1201788824525
20	1201788844932	1201788847151
20	1201788866258	1201788867509
20	1201788873439	1201788875858
20	1201788880119	1201788881396
20	1201788910754	1201788913422
20	1201788915545	1201788916834
20	1201788941378	1201788943768
20	1201788989573	1201788991835
20	1201789003225	1201789004512
20	1201789031399	1201789033741
20	1201789035548	1201789037666
20	1201789057861	1201789060652
20	1201789072516	1201789075750
20	1201789119707	1201789122264
20	1201789126882	1201789128175
20	1201789129326	1201789132177
20	1201789144537	1201789147836
20	1201789269913	1201789272121
20	1201789274428	1201789275704
20	1201789292445	1201789294515
20	1201789310910	1201789313343
20	1201789326890	1201789330860
20	1201789341845	1201789345379
20	1201789347110	1201789349617
20	1201789364589	1201789367199
20	1201789369756	1201789373808
20	1201789390678	1201789392926
20	1201789393490	1201789400485
20	1201789412292	1201789414785
20	1201789554575	1201789556919
20	1201789557776	1201789560903
20	1201789606602	1201789609197
20	1201789710530	1201789712725
20	1201789737904	1201789740371
20	1201789750455	1201789753321
20	1201789787889	1201789789131
20	1201789800374	1201789803938
20	1201789816468	1201789817739
20	1201789818384	1201789823377
20	1201789823666	1201789827682
20	1201789850134	1201789852245
20	1201789855351	1201789857914
20	1201789905778	1201789907976
20	1201789948976	1201789951529
20	1201789990788	1201789992216
20	1201790009670	1201790014109
20	1201790104749	1201790107242
20	1201790234541	1201790236935
20	1201790304820	1201790309437
20	1201790330565	1201790331809
20	1201790405133	1201790407522
20	1201790457285	1201790459144
20	1201790466853	1201790469321
20	1201790501306	1201790503356
20	1201790678400	1201790680741
20	1201790691769	1201790695587
20	1201790709647	1201790711898
20	1201790731575	1201790733618
20	1201790774601	1201790777178
20	1201790784170	1201790786414
20	1201790794892	1201790797423
20	1201790835443	1201790840526
20	1201790848288	1201790853960
20	1201790859460	1201790861877
20	1201790955642	1201790961952
20	1201790963613	1201790965800
20	1201791042386	1201791047166
20	1201791129207	1201791130441
20	1201791183500	1201791185287
20	1201791196116	1201791206603
20	1201791222744	1201791230287
20	1201791235647	1201791236937
20	1201791237210	1201791246311
20	1201791248429	1201791257587
20	1201791293987	1201791303561
20	1201791305707	1201791309456
20	1201791315166	1201791318335
20	1201791325917	1201791337149
20	1201791345757	1201791360195
20	1201791365247	1201791376853
20	1201791610470	1201791613492
20	1201791616704	1201791620329
20	1201791621403	1201791634200
20	1201791634309	1201791638586
20	1201791643155	1201791652185
20	1201791652895	1201791657650
20	1201791689496	1201791691547
20	1201791735703	1201791746825
20	1201791908967	1201791910200
21	1201769472823	1201769487132
21	1201769487604	1201769506271
21	1201769506599	1201769518851
21	1201769519521	1201769537592
21	1201769548483	1201769548809
21	1201769721527	1201769725101
21	1201769738728	1201769743259
21	1201769796561	1201769799226
21	1201769952736	1201769958998
21	1201769970183	1201769974345
21	1201769979358	1201769984559
21	1201770005776	1201770017765
21	1201770071174	1201770074556
21	1201770084577	1201770087772
21	1201770140822	1201770143351
21	1201770144593	1201770147362
21	1201770192639	1201770195651
21	1201770244975	1201770248218
21	1201772731701	1201772734639
21	1201777432531	1201777438291
21	1201777564618	1201777570181
21	1201777748193	1201777755273
21	1201778000634	1201778006223
21	1201778097692	1201778100184
21	1201778100312	1201778103206
21	1201778124496	1201778129346
21	1201778195364	1201778200332
21	1201778231979	1201778237519
21	1201778266998	1201778271723
21	1201778272218	1201778275412
21	1201778328809	1201778334200
21	1201778372973	1201778377607
21	1201779281214	1201779285325
21	1201779309705	1201779314576
21	1201780438728	1201780441908
21	1201780468552	1201780475589
21	1201780497461	1201780499424
21	1201780522253	1201780524667
21	1201780547595	1201780553494
21	1201780570500	1201780576989
21	1201780586489	1201780590283
21	1201780591181	1201780597492
21	1201780616359	1201780620539
21	1201780625784	1201780631979
21	1201780637421	1201780640587
21	1201780647373	1201780649799
21	1201780661235	1201780663991
21	1201780669816	1201780673626
21	1201780689882	1201780695618
21	1201780756815	1201780759232
21	1201781030385	1201781034236
21	1201781037981	1201781042275
21	1201781143683	1201781147306
21	1201781154367	1201781158322
21	1201781175301	1201781179427
21	1201781190266	1201781195195
21	1201781234354	1201781239869
21	1201781245890	1201781252823
21	1201781285275	1201781289801
21	1201781305302	1201781309463
21	1201781319838	1201781325215
21	1201781389587	1201781394162
21	1201781414566	1201781417598
21	1201781488450	1201781491998
21	1201781504107	1201781508204
21	1201782220588	1201782224697
21	1201782232375	1201782238900
21	1201783559180	1201783562688
21	1201783868109	1201783872651
21	1201783885629	1201783889146
21	1201784658350	1201784662897
21	1201784686301	1201784690169
21	1201784701126	1201784704824
21	1201786362640	1201786365116
21	1201786368741	1201786381333
21	1201786559766	1201786563130
21	1201787735284	1201787817151
21	1201787867494	1201787869638
21	1201787886410	1201787889397
21	1201787894747	1201787902507
21	1201787918274	1201787922252
21	1201788059978	1201788064684
21	1201788092688	1201788100708
21	1201788216897	1201788220478
21	1201791204535	1201791211927
21	1201791221136	1201791225498
21	1201791253327	1201791258944
21	1201791293468	1201791295867
21	1201791316386	1201791320584
21	1201791324278	1201791328246
21	1201791328489	1201791333694
21	1201791372665	1201791377134
21	1201791609567	1201791612466
21	1201791685638	1201791696637
21	1201791745795	1201791749222
21	1201791751418	1201791753990
21	1201791907573	1201791910336
21	1201791913129	1201791916374
22	1201769471612	1201769474121
22	1201769516498	1201769520816
22	1201769521643	1201769523774
22	1201769553659	1201769557177
22	1201769580174	1201769585889
22	1201769787840	1201769790345
22	1201769797359	1201769800141
22	1201769951643	1201769954460
22	1201769981906	1201769984759
22	1201770004620	1201770007918
22	1201770014389	1201770017359
22	1201770070293	1201770072820
22	1201770085725	1201770088516
22	1201770139614	1201770141536
22	1201770145369	1201770147969
22	1201770191625	1201770194599
22	1201770197219	1201770199787
22	1201770244178	1201770246607
22	1201772738367	1201772741510
22	1201777434620	1201777439121
22	1201777562995	1201777567297
22	1201777751203	1201777756332
22	1201777998951	1201778002852
22	1201778125624	1201778129975
22	1201778193990	1201778197766
22	1201778233653	1201778237737
22	1201778264790	1201778270474
22	1201778272586	1201778277665
22	1201778325709	1201778331258
22	1201778331448	1201778336124
22	1201778361503	1201778363574
22	1201778371311	1201778376557
22	1201779310958	1201779314185
22	1201780437695	1201780440864
22	1201780617349	1201780620179
22	1201780624423	1201780628127
22	1201783884832	1201783887978
22	1201784693207	1201784696506
22	1201784700157	1201784703376
22	1201786558925	1201786561847
22	1201787886141	1201787890275
22	1201787893855	1201787897111
22	1201787898975	1201787902685
22	1201787917271	1201787920442
22	1201788096240	1201788099852
22	1201788216171	1201788219704
22	1201791219400	1201791223602
22	1201791255924	1201791258408
22	1201791271567	1201791278785
22	1201791280831	1201791285118
22	1201791317318	1201791320308
22	1201791323552	1201791326531
22	1201791374355	1201791376785
22	1201791608464	1201791610972
22	1201791657982	1201791661663
22	1201791693261	1201791696971
22	1201791752781	1201791755596
22	1201791906811	1201791909259
22	1201791915327	1201791917704
23	1201766073305	1201766075229
23	1201769105463	1201769107359
23	1201769469587	1201769472477
23	1201769599349	1201769602972
23	1201769741513	1201769743395
23	1201769768646	1201769771264
23	1201769771493	1201769773890
23	1201769779431	1201769782949
23	1201769786455	1201769788687
23	1201769797955	1201769800914
23	1201769950769	1201769953579
23	1201769983237	1201769986963
23	1201770002698	1201770006853
23	1201770015267	1201770017574
23	1201770069159	1201770071976
23	1201770086604	1201770089306
23	1201770138636	1201770141256
23	1201770145937	1201770148615
23	1201770190909	1201770193615
23	1201770197900	1201770200738
23	1201770242921	1201770245779
23	1201772739265	1201772743266
23	1201773409413	1201773411710
23	1201777512403	1201777515962
23	1201777536345	1201777551643
23	1201777554777	1201777556641
23	1201777559206	1201777561622
23	1201777562550	1201777564376
23	1201777752481	1201777758131
23	1201777871966	1201777877940
23	1201777878134	1201777880359
23	1201777880979	1201777888739
23	1201777895376	1201777916349
23	1201777920698	1201777922956
23	1201777925134	1201777933523
23	1201777945949	1201777950226
23	1201777957586	1201777968238
23	1201777974513	1201777977368
23	1201777988225	1201777990230
23	1201777991753	1201777995881
23	1201777997112	1201778002155
23	1201778126491	1201778132156
23	1201778170850	1201778173495
23	1201778192736	1201778196348
23	1201778234554	1201778238616
23	1201778255450	1201778258817
23	1201778274126	1201778279601
23	1201778291114	1201778298621
23	1201778298776	1201778302291
23	1201778306462	1201778311558
23	1201778314853	1201778328669
23	1201778332632	1201778334802
23	1201778359522	1201778363446
23	1201779312830	1201779315301
23	1201780437124	1201780440218
23	1201780618121	1201780621912
23	1201780623487	1201780626767
23	1201780731995	1201780735387
23	1201780737844	1201780739126
23	1201780743666	1201780747176
23	1201781076811	1201781078969
23	1201783869903	1201783872985
23	1201783884202	1201783887107
23	1201784650393	1201784653266
23	1201784694429	1201784697566
23	1201784699451	1201784702496
23	1201786429378	1201786433285
23	1201786558142	1201786561918
23	1201787892793	1201787895956
23	1201787899852	1201787903387
23	1201787904940	1201787908252
23	1201787916343	1201787919374
23	1201788099172	1201788103426
23	1201788215425	1201788218385
23	1201791209594	1201791213848
23	1201791216106	1201791222202
23	1201791257976	1201791262714
23	1201791270277	1201791273284
23	1201791322562	1201791325309
23	1201791374835	1201791378649
23	1201791607494	1201791610387
23	1201791680426	1201791684364
23	1201791695859	1201791699645
23	1201791730450	1201791731732
23	1201791754118	1201791756755
23	1201791905927	1201791908479
23	1201791916509	1201791920456
24	1201766072432	1201766074169
24	1201766081979	1201766084549
24	1201767690848	1201767694423
24	1201767697158	1201767700841
24	1201768065732	1201768068952
24	1201768129815	1201768133926
24	1201769103217	1201769106389
24	1201769468869	1201769470216
24	1201769596931	1201769599787
24	1201769772711	1201769775867
24	1201769778224	1201769780548
24	1201769959514	1201769962210
24	1201769984831	1201769988167
24	1201770001427	1201770003485
24	1201770087906	1201770089584
24	1201770199175	1201770200612
24	1201770241771	1201770244333
24	1201771081585	1201771085588
24	1201772700556	1201772702851
24	1201772736504	1201772739890
24	1201773128760	1201773130748
24	1201773381928	1201773384567
24	1201777437936	1201777440501
24	1201777456580	1201777464205
24	1201777482196	1201777489179
24	1201777513902	1201777518445
24	1201777533933	1201777536109
24	1201777536225	1201777538384
24	1201777756601	1201777760890
24	1201777868992	1201777873534
24	1201778139180	1201778140342
24	1201778171555	1201778176181
24	1201778177861	1201778180319
24	1201778278607	1201778283323
24	1201778286889	1201778293240
24	1201780699744	1201780701794
24	1201780730875	1201780733521
24	1201780738559	1201780741854
24	1201780742552	1201780745982
24	1201781076116	1201781077919
24	1201783870943	1201783872117
24	1201783883365	1201783885766
24	1201784547284	1201784550360
24	1201784696767	1201784700607
24	1201786430181	1201786433195
24	1201787912770	1201787916655
24	1201788101525	1201788103337
24	1201788214761	1201788215947
24	1201788933407	1201788937503
24	1201789599150	1201789601543
24	1201791259965	1201791264900
24	1201791268509	1201791271899
24	1201791678878	1201791682840
24	1201791755826	1201791759428
24	1201791764533	1201791766867
24	1201791766995	1201791774995
24	1201791789419	1201791796919
24	1201798485666	1201798487681
25	1201766082823	1201766085383
25	1201767689388	1201767694202
25	1201767698330	1201767702364
25	1201768038375	1201768042295
25	1201768043959	1201768048204
25	1201768060257	1201768064285
25	1201768065574	1201768070752
25	1201768093916	1201768098340
25	1201768102990	1201768107107
25	1201768123778	1201768128622
25	1201768130414	1201768134648
25	1201768149517	1201768157928
25	1201771080992	1201771085194
25	1201772955142	1201772956909
25	1201773128458	1201773130366
25	1201777443395	1201777447314
25	1201777516744	1201777521101
25	1201777532373	1201777534259
25	1201777759175	1201777768103
25	1201777848208	1201777855511
25	1201777866684	1201777872866
25	1201779228311	1201779231413
25	1201779311950	1201779314598
25	1201780708445	1201780711761
25	1201788933129	1201788936832
25	1201791267660	1201791269743
25	1201798421558	1201798424439
25	1201798485456	1201798487553
25	1201805761109	1201805762904
27	1201769555500	1201769560880
27	1201769562264	1201769584324
27	1201769584652	1201769592707
27	1201791659964	1201791661825
28	1201769141221	1201769144489
28	1201769144654	1201769148870
28	1201769589421	1201769590745
28	1201770015934	1201770021458
28	1201772735954	1201772751533
28	1201778192378	1201778195499
28	1201778236215	1201778238459
28	1201778244281	1201778259977
28	1201778333983	1201778338412
28	1201778347407	1201778352276
28	1201778357832	1201778362463
28	1201784647240	1201784652227
28	1201791212230	1201791217793
28	1201791322407	1201791324520
28	1201791660300	1201791663845
29	1201769591209	1201769592916
29	1201769799866	1201769801581
29	1201770018835	1201770020352
29	1201772735494	1201772737425
29	1201772749866	1201772753335
29	1201778186197	1201778193102
29	1201778345625	1201778347553
29	1201780622462	1201780623169
29	1201780702165	1201780704746
29	1201780706827	1201780709584
29	1201784644638	1201784647801
29	1201787902203	1201787905464
29	1201787913854	1201787917474
29	1201791319969	1201791324130
29	1201791662431	1201791664928
30	1201766071301	1201766074950
30	1201767699629	1201767702739
30	1201768037157	1201768039248
30	1201768045418	1201768048473
30	1201768058780	1201768063110
30	1201768067726	1201768070651
30	1201768092702	1201768096868
30	1201768104570	1201768107499
30	1201768122542	1201768124600
30	1201768131878	1201768135310
30	1201768148284	1201768152468
30	1201768155624	1201768158260
30	1201768543172	1201768547284
30	1201769591497	1201769599197
30	1201769773751	1201769776532
30	1201769777625	1201769780172
30	1201769800168	1201769801709
30	1201769948881	1201769952185
30	1201769987475	1201769990661
30	1201769999244	1201770003355
30	1201770019874	1201770023540
30	1201770067986	1201770070423
30	1201770088769	1201770091595
30	1201770136912	1201770139483
30	1201770148957	1201770149561
30	1201770188963	1201770192343
30	1201770200150	1201770203638
30	1201770240688	1201770243721
30	1201771081329	1201771083300
30	1201772733697	1201772737122
30	1201772741701	1201772741743
30	1201772750930	1201772754810
30	1201773127850	1201773129264
30	1201773381246	1201773382456
30	1201773411240	1201773413130
30	1201777444339	1201777446442
30	1201777533113	1201777535185
30	1201779314702	1201779318955
30	1201780435235	1201780437977
30	1201780620308	1201780624585
30	1201780702437	1201780706555
30	1201780707522	1201780710892
30	1201780729661	1201780733399
30	1201780739514	1201780745140
30	1201781074513	1201781077511
30	1201783871806	1201783874532
30	1201783882265	1201783885498
30	1201784548410	1201784550232
30	1201784697387	1201784700733
30	1201786431570	1201786435258
30	1201786556462	1201786560160
30	1201787902775	1201787904664
30	1201788101925	1201788106824
30	1201788213701	1201788217412
30	1201788932528	1201788934536
30	1201789600252	1201789602239
30	1201791263452	1201791266760
30	1201791377271	1201791380192
30	1201791604743	1201791608136
30	1201791664408	1201791668116
30	1201791675843	1201791680544
30	1201791796680	1201791799750
30	1201791903705	1201791905679
30	1201791920296	1201791922276
30	1201791930217	1201791933807
30	1201798484417	1201798486884
31	1201763590432	1201763597859
31	1201764259321	1201764268708
31	1201764284982	1201764289635
31	1201764488440	1201764496812
31	1201766067106	1201766071577
31	1201766085851	1201766088573
31	1201767623184	1201767634195
31	1201767685269	1201767690150
31	1201767726359	1201767732239
31	1201768083892	1201768087832
31	1201768431542	1201768438778
31	1201768658821	1201768666361
31	1201768815327	1201768818386
31	1201768980867	1201768982856
31	1201769015453	1201769020213
31	1201769441110	1201769446337
31	1201769446532	1201769451704
31	1201769454760	1201769459581
31	1201769460736	1201769464337
31	1201769465172	1201769469346
31	1201769551276	1201769554154
31	1201769589225	1201769591856
31	1201769775838	1201769779312
31	1201769801408	1201769805862
31	1201769947495	1201769950684
31	1201770020923	1201770023349
31	1201770065780	1201770068466
31	1201770089725	1201770092147
31	1201770135276	1201770138252
31	1201770148745	1201770151314
31	1201770187651	1201770190937
31	1201770200918	1201770203188
31	1201770239367	1201770241959
31	1201771078998	1201771083431
31	1201772698511	1201772700810
31	1201772732182	1201772735119
31	1201772739543	1201772741967
31	1201772742918	1201772745345
31	1201772752122	1201772754525
31	1201772956156	1201772958487
31	1201773126732	1201773129282
31	1201773379909	1201773382569
31	1201773412365	1201773414581
31	1201776090142	1201776094766
31	1201776111284	1201776117176
31	1201776117894	1201776123779
31	1201778136379	1201778141289
31	1201778171762	1201778174342
31	1201778176689	1201778186474
31	1201778188397	1201778193852
31	1201779229356	1201779231812
31	1201779310321	1201779312652
31	1201779317867	1201779322455
31	1201779676453	1201779678490
31	1201780434668	1201780436748
31	1201780709841	1201780712127
31	1201780728163	1201780731693
31	1201781073495	1201781075599
31	1201784549112	1201784551604
31	1201784642334	1201784644955
31	1201786432647	1201786434934
31	1201786555292	1201786557860
31	1201788103761	1201788107929
31	1201788212469	1201788215973
31	1201788930464	1201788935231
31	1201789603276	1201789605138
31	1201791378290	1201791381783
31	1201791602889	1201791605927
31	1201791812837	1201791816371
31	1201791865202	1201791867562
31	1201791902343	1201791904953
31	1201791959229	1201791962580
31	1201792013220	1201792016742
31	1201792021575	1201792023383
31	1201798423591	1201798425420
31	1201798480557	1201798483279
31	1201805765744	1201805768216
32	1201763594473	1201763597483
32	1201764267390	1201764271574
32	1201764275590	1201764278948
32	1201764473972	1201764477566
32	1201767628157	1201767629904
32	1201767684545	1201767687598
32	1201767725493	1201767728446
32	1201767730157	1201767734693
32	1201767753816	1201767756248
32	1201767756948	1201767761928
32	1201768036107	1201768038243
32	1201768046548	1201768050284
32	1201768057932	1201768061419
32	1201768069108	1201768072288
32	1201768081364	1201768095184
32	1201768105728	1201768109259
32	1201768133477	1201768135526
32	1201768147131	1201768151829
32	1201768431283	1201768434441
32	1201768436492	1201768440778
32	1201768541946	1201768550982
32	1201768658977	1201768660980
32	1201768801688	1201768803505
32	1201768811191	1201768814372
32	1201769017153	1201769021904
32	1201769086311	1201769091994
32	1201769097153	1201769101653
32	1201769438971	1201769441781
32	1201769456677	1201769458883
32	1201769465662	1201769471319
32	1201769775199	1201769777458
32	1201769988885	1201769992729
32	1201769997896	1201770001300
32	1201783881202	1201783884189
32	1201789602627	1201789604598
32	1201791666637	1201791670439
32	1201791674169	1201791678344
