1	1204068532185	1204068533854
1	1204113334625	1204113336153
1	1204122151557	1204122153820
1	1204139015786	1204139018570
1	1204139038521	1204139040978
1	1204139637400	1204139640990
1	1204141366560	1204141368103
1	1204145588988	1204145593125
1	1204145638421	1204145640160
1	1204152848531	1204152850527
2	1204066844390	1204066847928
2	1204066954582	1204066956621
2	1204067277165	1204067282449
2	1204067326278	1204067328806
2	1204067707751	1204067711435
2	1204067789680	1204067791850
2	1204068216948	1204068221218
2	1204068236776	1204068241931
2	1204068263924	1204068269433
2	1204068279841	1204068282436
2	1204068297710	1204068302538
2	1204068302698	1204068308135
2	1204068308902	1204068314104
2	1204068316925	1204068322333
2	1204068323128	1204068324438
2	1204068324796	1204068327888
2	1204068340915	1204068343403
2	1204068345687	1204068348603
2	1204068355480	1204068356781
2	1204068385291	1204068388124
2	1204068399321	1204068401985
2	1204068414533	1204068417530
2	1204068427555	1204068430704
2	1204068431531	1204068435121
2	1204068455109	1204068457302
2	1204068502264	1204068505791
2	1204068512227	1204068516622
2	1204068520623	1204068525987
2	1204068533976	1204068537717
2	1204068563282	1204068567735
2	1204068573957	1204068585110
2	1204068589272	1204068592725
2	1204068649422	1204068651706
2	1204068656493	1204068660862
2	1204068669609	1204068675229
2	1204068690780	1204068693470
2	1204068711485	1204068713561
2	1204068717893	1204068721582
2	1204068723637	1204068725565
2	1204068731639	1204068735230
2	1204068740404	1204068745337
2	1204068762690	1204068764750
2	1204068773695	1204068776280
2	1204068862133	1204068864348
2	1204068879781	1204068883513
2	1204068899848	1204068903328
2	1204068906581	1204068910678
2	1204068923175	1204068925339
2	1204068930394	1204068933857
2	1204068938503	1204068940250
2	1204113474415	1204113476521
2	1204114595876	1204114597952
2	1204114767828	1204114769176
2	1204116120299	1204116122181
2	1204116123826	1204116126166
2	1204117110608	1204117112307
2	1204122043189	1204122045131
2	1204122098526	1204122100298
2	1204138786713	1204138789897
2	1204139018329	1204139020884
2	1204139026849	1204139029757
2	1204139030317	1204139036140
2	1204139037524	1204139041757
2	1204139553995	1204139556511
2	1204139568796	1204139570787
2	1204139571537	1204139574265
2	1204139747675	1204139750637
2	1204139752584	1204139757874
2	1204139762242	1204139766705
2	1204139775664	1204139782194
2	1204139784683	1204139787240
2	1204139822208	1204139826516
2	1204139830867	1204139832923
2	1204139872820	1204139877915
2	1204139885501	1204139888981
2	1204139889481	1204139893446
2	1204140073634	1204140075802
2	1204140092609	1204140099627
2	1204140122762	1204140124838
2	1204140224754	1204140228381
2	1204140231659	1204140232959
2	1204140233199	1204140236326
2	1204140344865	1204140348461
2	1204140413307	1204140414573
2	1204140416392	1204140419160
2	1204140724141	1204140727795
2	1204140737310	1204140740411
2	1204140741457	1204140743731
2	1204141014723	1204141016933
2	1204141076304	1204141078705
2	1204141081103	1204141084181
2	1204141102211	1204141105955
2	1204141121266	1204141127866
2	1204141177513	1204141179799
2	1204141196800	1204141202486
2	1204141348606	1204141351121
2	1204141358154	1204141364276
2	1204141366313	1204141368229
2	1204141368485	1204141371497
2	1204141371748	1204141374389
2	1204141388815	1204141391526
2	1204141514204	1204141516252
2	1204141621755	1204141627766
2	1204141635428	1204141637991
2	1204141708723	1204141713167
2	1204141714150	1204141721634
2	1204141726184	1204141728512
2	1204141728749	1204141731998
2	1204141753549	1204141758936
2	1204141828658	1204141831552
2	1204141831781	1204141834742
2	1204141839930	1204141842593
2	1204141844813	1204141846469
2	1204141847132	1204141848991
2	1204141849907	1204141855465
2	1204141878829	1204141881692
2	1204141882657	1204141885728
2	1204141889518	1204141898684
2	1204141993366	1204141995893
2	1204142041927	1204142045661
2	1204142273325	1204142275600
2	1204142619316	1204142621737
2	1204142627412	1204142628705
2	1204142661114	1204142669524
2	1204142867314	1204142871314
2	1204143062395	1204143066157
2	1204143067599	1204143069800
2	1204143071252	1204143073466
2	1204143077326	1204143079986
2	1204143093572	1204143098506
2	1204143101584	1204143107199
2	1204143114570	1204143115955
2	1204143339901	1204143347659
2	1204143362263	1204143364581
2	1204143506683	1204143508727
2	1204143703815	1204143706490
2	1204143708377	1204143709694
2	1204143830355	1204143836316
2	1204143837948	1204143844287
2	1204143900125	1204143902741
2	1204144272714	1204144278886
2	1204144335132	1204144336362
2	1204144358493	1204144359837
2	1204144456442	1204144460348
2	1204144562980	1204144565493
2	1204144566939	1204144569247
2	1204144635970	1204144640361
2	1204144648650	1204144651753
2	1204144652233	1204144653551
2	1204144655616	1204144658424
2	1204144659932	1204144669757
2	1204144702291	1204144706987
2	1204144736897	1204144739621
2	1204144764833	1204144767420
2	1204144768399	1204144770895
2	1204144771887	1204144775175
2	1204144780718	1204144783398
2	1204144801593	1204144802901
2	1204144809257	1204144811411
2	1204144903454	1204144907131
2	1204144920902	1204144923445
2	1204144928610	1204144933720
2	1204145024614	1204145029762
2	1204145046237	1204145049355
2	1204145049493	1204145055670
2	1204145059630	1204145063810
2	1204145066440	1204145072408
2	1204145107238	1204145109749
2	1204145111266	1204145115499
2	1204145121303	1204145125816
2	1204145365574	1204145370593
2	1204145373431	1204145377342
2	1204145465559	1204145467479
2	1204145624629	1204145629408
2	1204145639686	1204145642707
2	1204145825856	1204145829873
2	1204145845717	1204145849219
2	1204145905159	1204145907292
2	1204145959518	1204145962149
2	1204146002396	1204146006558
2	1204146011814	1204146014599
2	1204146026612	1204146027887
2	1204146028511	1204146031230
2	1204146131255	1204146136269
2	1204146161461	1204146163882
2	1204146221121	1204146223606
2	1204146322276	1204146324306
2	1204146346588	1204146348900
2	1204146397978	1204146400833
2	1204146444726	1204146447660
2	1204146765796	1204146767834
2	1204146812438	1204146814622
2	1204146888942	1204146898359
2	1204146927610	1204146931902
2	1204146944797	1204146951600
2	1204146975770	1204146977561
2	1204147200669	1204147204868
2	1204147290344	1204147291580
2	1204147329146	1204147331195
2	1204147378888	1204147383414
2	1204147433985	1204147437964
2	1204147485417	1204147489476
2	1204147528285	1204147529522
2	1204147553526	1204147555151
2	1204147556934	1204147559452
2	1204147593687	1204147595992
2	1204147656609	1204147658464
2	1204147662205	1204147666117
2	1204147670228	1204147672349
2	1204147682478	1204147690475
2	1204147695469	1204147697821
2	1204147701398	1204147708335
2	1204148573434	1204148578588
2	1204148602848	1204148605529
2	1204148612387	1204148613693
2	1204148613836	1204148616215
2	1204148618588	1204148620828
2	1204148627203	1204148631557
2	1204148669579	1204148674300
2	1204148718330	1204148723842
2	1204148745687	1204148750650
2	1204148751961	1204148757780
2	1204148785184	1204148789102
2	1204148789230	1204148791632
2	1204148792987	1204148794898
2	1204148798458	1204148800816
2	1204148835902	1204148840374
2	1204149017594	1204149019807
2	1204149025348	1204149027404
2	1204149139225	1204149141249
2	1204149177776	1204149183701
2	1204149249700	1204149251802
2	1204149286788	1204149291621
2	1204149295492	1204149298318
2	1204149301437	1204149307369
2	1204149309595	1204149311685
2	1204149311801	1204149314845
2	1204149314963	1204149317496
2	1204149320860	1204149326147
2	1204149332218	1204149334151
2	1204149341288	1204149344137
2	1204149354823	1204149360328
2	1204149384305	1204149386615
2	1204149387815	1204149394226
2	1204149404319	1204149406811
2	1204149489412	1204149499658
2	1204149590822	1204149592320
2	1204149592516	1204149595185
2	1204149678851	1204149683611
2	1204149744339	1204149748742
2	1204149797449	1204149799618
2	1204149800904	1204149802958
2	1204149807512	1204149810981
2	1204149902557	1204149905888
2	1204149907200	1204149908494
2	1204149914157	1204149916855
2	1204149929853	1204149934177
2	1204149988912	1204149993872
2	1204150056991	1204150059965
2	1204150070788	1204150072839
2	1204150075515	1204150078783
2	1204150102588	1204150106404
2	1204150112703	1204150119286
2	1204150123687	1204150126892
2	1204150127558	1204150128875
2	1204150137978	1204150139924
2	1204150177357	1204150181684
2	1204150354668	1204150355872
2	1204150379131	1204150386316
2	1204150624358	1204150626940
2	1204150660188	1204150662160
2	1204150672844	1204150675194
2	1204150675622	1204150684104
2	1204150685291	1204150687431
2	1204150692258	1204150694806
2	1204150766220	1204150769103
2	1204151124426	1204151128967
2	1204151495820	1204151499832
2	1204151593194	1204151598762
2	1204151721843	1204151725326
2	1204151786306	1204151787572
2	1204151807983	1204151810492
2	1204151940203	1204151944764
2	1204152422540	1204152425196
2	1204152447580	1204152449544
2	1204152470305	1204152472655
2	1204152486338	1204152487976
2	1204152494784	1204152503291
2	1204152505269	1204152507557
2	1204152868282	1204152870656
2	1204152870782	1204152873201
2	1204152890996	1204152891375
2	1204152897624	1204152900971
2	1204152926238	1204152931816
2	1204152962208	1204152964607
2	1204153020243	1204153023362
2	1204153027185	1204153030749
2	1204153080619	1204153082770
3	1204066844462	1204066848364
3	1204066951812	1204066956307
3	1204068236495	1204068239915
3	1204068263314	1204068265538
3	1204068265965	1204068269993
3	1204068279269	1204068283392
3	1204068302371	1204068306433
3	1204068310707	1204068313932
3	1204068314904	1204068319968
3	1204068320122	1204068329388
3	1204068336612	1204068338813
3	1204068340483	1204068344322
3	1204068345561	1204068349119
3	1204068354444	1204068359308
3	1204068361828	1204068366172
3	1204068383963	1204068388454
3	1204068398201	1204068403138
3	1204068414533	1204068417777
3	1204068534666	1204068538185
3	1204068562442	1204068578376
3	1204068582538	1204068592310
3	1204068655571	1204068661185
3	1204068710171	1204068714728
3	1204068716921	1204068718958
3	1204068916770	1204068922512
3	1204116120896	1204116126556
3	1204123025781	1204123029991
3	1204139015348	1204139019269
3	1204139748345	1204139767377
3	1204139776324	1204139780875
3	1204139785408	1204139792155
3	1204139793755	1204139799549
3	1204139802543	1204139805216
3	1204139806461	1204139810979
3	1204139821365	1204139823420
3	1204139823557	1204139826506
3	1204139829492	1204139838799
3	1204139841596	1204139844490
3	1204139868748	1204139879227
3	1204139880622	1204139888121
3	1204141622263	1204141628146
3	1204141628682	1204141630672
3	1204141631698	1204141642441
3	1204141676139	1204141678513
3	1204141702303	1204141714210
3	1204141716314	1204141720465
3	1204141723368	1204141728380
3	1204141753738	1204141758548
3	1204141809421	1204141812663
3	1204141824528	1204141836102
3	1204141840103	1204141849683
3	1204141894881	1204141897164
3	1204142662384	1204142668877
3	1204142740272	1204142742245
3	1204143115699	1204143124939
3	1204143125951	1204143127915
3	1204143129619	1204143135989
3	1204143136111	1204143143762
3	1204143145344	1204143147658
3	1204143173126	1204143175860
3	1204143183469	1204143185752
3	1204143225713	1204143227721
3	1204143227936	1204143230992
3	1204143341433	1204143345251
3	1204143361384	1204143366207
3	1204143411477	1204143419176
3	1204143704902	1204143709177
3	1204143830583	1204143834510
3	1204143840183	1204143844506
3	1204143897247	1204143899377
3	1204144273805	1204144277651
3	1204144356139	1204144360275
3	1204144655312	1204144670507
3	1204144670645	1204144675587
3	1204144681662	1204144683826
3	1204144684210	1204144688226
3	1204144697355	1204144701154
3	1204144701361	1204144707399
3	1204144720496	1204144724122
3	1204144731463	1204144735763
3	1204144736207	1204144740933
3	1204144764740	1204144777141
3	1204144777841	1204144784854
3	1204144803665	1204144805736
3	1204144904199	1204144908295
3	1204144913994	1204144916950
3	1204144919958	1204144924717
3	1204144928477	1204144933885
3	1204145026817	1204145030446
3	1204145030850	1204145033804
3	1204145036604	1204145038862
3	1204145042112	1204145045741
3	1204145053638	1204145063401
3	1204145068121	1204145074216
3	1204145088440	1204145092271
3	1204145095612	1204145097279
3	1204145097399	1204145100976
3	1204145104784	1204145113947
3	1204145363744	1204145368150
3	1204147667316	1204147668524
3	1204148572582	1204148576436
7	1204066806172	1204066808394
7	1204066809242	1204066811461
7	1204066821774	1204066825157
7	1204067045193	1204067047667
7	1204067379465	1204067386332
7	1204067389180	1204067395760
7	1204067503576	1204067510345
7	1204067510699	1204067513111
7	1204067513671	1204067516939
7	1204067543319	1204067549358
7	1204067568225	1204067568681
7	1204067586904	1204067594602
7	1204067600129	1204067601447
7	1204067602141	1204067607205
7	1204067607717	1204067612737
7	1204067620408	1204067622871
7	1204067623714	1204067633341
7	1204067634402	1204067641707
7	1204067664591	1204067669781
7	1204067702336	1204067707593
7	1204068305621	1204068310486
7	1204068457302	1204068463498
7	1204068471450	1204068474338
7	1204068489732	1204068494302
7	1204068524830	1204068527749
7	1204068558882	1204068561582
7	1204068579105	1204068583624
7	1204068583978	1204068587171
7	1204068590315	1204068592460
7	1204068592596	1204068601902
7	1204068607951	1204068611756
7	1204068620778	1204068623415
7	1204068647742	1204068649528
7	1204068674769	1204068676498
7	1204068679746	1204068710559
7	1204068722561	1204068727414
7	1204068730354	1204068733395
7	1204068746529	1204068747839
7	1204068751657	1204068764915
7	1204068765894	1204068770217
7	1204068786305	1204068792632
7	1204068794484	1204068804142
7	1204068808285	1204068813207
7	1204068814295	1204068820337
7	1204068824671	1204068836706
7	1204068838198	1204068842667
7	1204068845762	1204068854581
7	1204068855845	1204068864648
7	1204068869903	1204068872102
7	1204068909885	1204068923317
7	1204068925773	1204068932133
7	1204071977522	1204071980632
7	1204071981378	1204071985879
7	1204113331245	1204113333937
7	1204113477733	1204113480885
7	1204113481215	1204113485968
7	1204113488526	1204113496206
7	1204113514476	1204113518614
7	1204113537397	1204113545137
7	1204113550559	1204113554884
7	1204113612538	1204113627634
7	1204113628176	1204113632196
7	1204113636203	1204113638482
7	1204114017451	1204114018665
7	1204114021889	1204114030540
7	1204114030714	1204114033258
7	1204114034393	1204114039689
7	1204114041221	1204114051689
7	1204114116651	1204114117922
7	1204114122819	1204114126460
7	1204114126593	1204114134253
7	1204114135632	1204114137814
7	1204114147834	1204114152276
7	1204114299199	1204114303629
7	1204114309361	1204114318918
7	1204114319936	1204114322500
7	1204114325939	1204114327429
7	1204114332601	1204114340847
7	1204114351385	1204114354777
7	1204114422249	1204114424337
7	1204114426950	1204114429146
7	1204114432608	1204114437114
7	1204114462982	1204114466640
7	1204114468184	1204114470492
7	1204114499913	1204114502679
7	1204114559280	1204114561426
7	1204114571978	1204114575603
7	1204114588150	1204114592539
7	1204114594455	1204114597147
7	1204114768537	1204114772320
7	1204114903299	1204114905336
7	1204114908389	1204114910948
7	1204114931621	1204114933979
7	1204115097600	1204115105675
7	1204115187874	1204115193403
7	1204115196511	1204115205401
7	1204115206822	1204115212378
7	1204115231858	1204115235683
7	1204115246955	1204115251573
7	1204115439628	1204115441296
7	1204115562778	1204115564991
7	1204115572907	1204115572999
7	1204115579679	1204115582641
7	1204115603163	1204115605467
7	1204115607873	1204115610730
7	1204115627252	1204115631346
7	1204115663190	1204115668231
7	1204115696494	1204115700744
7	1204116013756	1204116014985
7	1204116019914	1204116023466
7	1204116115665	1204116121202
7	1204116126291	1204116130930
7	1204116135842	1204116137462
7	1204116139451	1204116141707
7	1204116142581	1204116146833
7	1204116149629	1204116151830
7	1204116172714	1204116177821
7	1204116184190	1204116189381
7	1204116190338	1204116199880
7	1204116220554	1204116224612
7	1204116224736	1204116231395
7	1204116234989	1204116237174
7	1204116782762	1204116790683
7	1204117099785	1204117111747
7	1204122044643	1204122054478
7	1204122056316	1204122059516
7	1204122100138	1204122106807
7	1204122141160	1204122141312
7	1204122148966	1204122150918
7	1204122153685	1204122157380
7	1204122157797	1204122165332
7	1204122169577	1204122173580
7	1204139022644	1204139027709
7	1204139034850	1204139040858
7	1204139550995	1204139554724
7	1204139555524	1204139556834
7	1204139558538	1204139560970
7	1204139561922	1204139568657
7	1204139573545	1204139576979
7	1204139584830	1204139593198
7	1204139605546	1204139609335
7	1204139611796	1204139616588
7	1204139630581	1204139632405
7	1204139708777	1204139710770
7	1204139719142	1204139724924
7	1204139735122	1204139738802
7	1204139845762	1204139847622
7	1204139852602	1204139855593
7	1204139856125	1204139860915
7	1204140268567	1204140281670
7	1204140720271	1204140725642
7	1204140752622	1204140757969
7	1204141067615	1204141075391
7	1204141087316	1204141098900
7	1204141339879	1204141341929
7	1204141342511	1204141345196
7	1204141346543	1204141350376
7	1204141896766	1204141900970
7	1204141906343	1204141910755
7	1204141911609	1204141914326
7	1204141914948	1204141920187
7	1204142505148	1204142508140
7	1204142509775	1204142512487
7	1204142592617	1204142595897
7	1204142866770	1204142869256
7	1204142871650	1204142873830
7	1204142877291	1204142879881
7	1204143468772	1204143471423
7	1204143488276	1204143490688
7	1204143497129	1204143499569
7	1204143504673	1204143512164
7	1204143770520	1204143772572
7	1204143774259	1204143776609
7	1204143796558	1204143800753
7	1204144008316	1204144009518
7	1204144754220	1204144756421
7	1204144762561	1204144764194
7	1204144778382	1204144781848
7	1204145545954	1204145548318
7	1204145553688	1204145560827
7	1204145574353	1204145577645
7	1204145585878	1204145594218
7	1204145597660	1204145603907
7	1204145627932	1204145634301
7	1204145637400	1204145639566
7	1204146127194	1204146132793
7	1204146330981	1204146335553
7	1204146546918	1204146549525
7	1204146563213	1204146565109
7	1204146575265	1204146578181
7	1204146655628	1204146656868
7	1204146657794	1204146660726
7	1204147255956	1204147258299
7	1204147677648	1204147679870
7	1204147681413	1204147693739
7	1204147695342	1204147697514
7	1204147697642	1204147699816
7	1204147703368	1204147707406
7	1204148671675	1204148675659
7	1204149494591	1204149496717
7	1204149496947	1204149503695
7	1204149504350	1204149520325
7	1204149537792	1204149540344
7	1204149623424	1204149635217
7	1204149671127	1204149675493
7	1204149700166	1204149702423
7	1204149711784	1204149715301
7	1204149751487	1204149768528
7	1204149772222	1204149777913
7	1204149788493	1204149795979
7	1204149798638	1204149800780
7	1204149816179	1204149826647
7	1204149827375	1204149834884
7	1204149834972	1204149839340
7	1204149839940	1204149844954
7	1204149845526	1204149847657
7	1204149853577	1204149857588
7	1204149858435	1204149861553
7	1204149872698	1204149875882
7	1204149876448	1204149885418
7	1204150114885	1204150119496
7	1204150494628	1204150501503
7	1204150507909	1204150510263
7	1204150523211	1204150526961
7	1204150535636	1204150544329
7	1204150545674	1204150547755
7	1204150634900	1204150639953
7	1204150648989	1204150651950
7	1204150656625	1204150659494
7	1204150747520	1204150749873
7	1204150754421	1204150757253
7	1204150872443	1204150877783
7	1204151224274	1204151228865
7	1204151248326	1204151253180
7	1204151268405	1204151272126
7	1204151808932	1204151811131
7	1204152198216	1204152200723
7	1204152481984	1204152503595
7	1204152844366	1204152858941
7	1204152861294	1204152862615
7	1204152874317	1204152876453
7	1204152879541	1204152884327
7	1204152884651	1204152888606
7	1204152931146	1204152940354
7	1204153105962	1204153108170
8	1204067708637	1204067712201
8	1204068262516	1204068265160
8	1204068303585	1204068307216
8	1204068427255	1204068430407
8	1204068431183	1204068435629
8	1204068454577	1204068458720
8	1204068502997	1204068505464
8	1204068658430	1204068660505
8	1204068669609	1204068672444
8	1204068703588	1204068706886
8	1204068720935	1204068722229
8	1204068722700	1204068727963
8	1204068731392	1204068736833
8	1204068740650	1204068747494
8	1204068762354	1204068765489
8	1204068769924	1204068777290
8	1204068792596	1204068793932
8	1204068798415	1204068801556
8	1204068821490	1204068823819
8	1204068834325	1204068837158
8	1204068862415	1204068866268
8	1204068878928	1204068884257
8	1204068900781	1204068906715
8	1204068908157	1204068913951
8	1204068921691	1204068923588
8	1204068930236	1204068938764
8	1204068938882	1204068942360
8	1204068952727	1204068959258
8	1204071985350	1204071989360
8	1204113329276	1204113332417
8	1204113341197	1204113344358
8	1204113473967	1204113477251
8	1204114595607	1204114600202
8	1204114766851	1204114770962
8	1204116119542	1204116128183
8	1204117110327	1204117114167
8	1204122042672	1204122046499
8	1204122057556	1204122061715
8	1204122098153	1204122101682
8	1204122164109	1204122167699
8	1204122176337	1204122180744
8	1204138786417	1204138790438
8	1204138793595	1204138797115
8	1204139014659	1204139017257
8	1204139018704	1204139021876
8	1204139026987	1204139036383
8	1204139037841	1204139043862
8	1204139548326	1204139557691
8	1204139842590	1204139846402
8	1204139883754	1204139887550
8	1204140723868	1204140728958
8	1204140736825	1204140740795
8	1204141348779	1204141352650
8	1204141357884	1204141361221
8	1204141371497	1204141375705
8	1204141850350	1204141853356
8	1204145026140	1204145030908
8	1204145044917	1204145049355
8	1204145052940	1204145056247
8	1204145127668	1204145132108
8	1204147707311	1204147712827
8	1204148571326	1204148573692
8	1204148668464	1204148671979
8	1204152494784	1204152510409
8	1204152842824	1204152848229
8	1204152925417	1204152931688
9	1204066845543	1204066854252
9	1204066855420	1204066859292
9	1204066859366	1204066864803
9	1204066875378	1204066888146
9	1204066893767	1204066900505
9	1204066901823	1204066910851
9	1204066911630	1204066920222
9	1204066925874	1204066934805
9	1204066934937	1204066937907
9	1204066939135	1204066941596
9	1204066941970	1204066953954
9	1204067709437	1204067711144
9	1204068241721	1204068249295
9	1204068256709	1204068266990
9	1204068267916	1204068270581
9	1204068276961	1204068282307
9	1204068329714	1204068335398
9	1204068339938	1204068342467
9	1204068346973	1204068350105
9	1204068351220	1204068356626
9	1204068386997	1204068390319
9	1204068394154	1204068396248
9	1204068432919	1204068437494
9	1204068439369	1204068441842
9	1204068452469	1204068457564
9	1204068481735	1204068486298
9	1204068490844	1204068495801
9	1204068497290	1204068503697
9	1204068650135	1204068653604
9	1204068658773	1204068662662
9	1204068669609	1204068670922
9	1204068703831	1204068706753
9	1204068712385	1204068714449
9	1204068761812	1204068764422
9	1204068797599	1204068799727
9	1204068862996	1204068865177
9	1204068877934	1204068881841
9	1204068910355	1204068912719
9	1204114766351	1204114768792
9	1204122042343	1204122044351
9	1204122058612	1204122060681
9	1204122097418	1204122100457
9	1204123024747	1204123031275
9	1204138784832	1204138790776
9	1204139013905	1204139017186
9	1204139040506	1204139044350
9	1204139550455	1204139553855
9	1204139814659	1204139818641
9	1204139824632	1204139826668
9	1204140725335	1204140728786
9	1204140736150	1204140739511
9	1204141349387	1204141352769
9	1204141357608	1204141359936
9	1204141372991	1204141375873
9	1204141759797	1204141762141
9	1204141768266	1204141770775
9	1204141809127	1204141812663
9	1204141849223	1204141852892
9	1204143354614	1204143356975
9	1204143832212	1204143837612
9	1204143839320	1204143842152
9	1204144708278	1204144710756
9	1204144712487	1204144721643
9	1204144730422	1204144732737
9	1204144913832	1204144922445
9	1204145128839	1204145130975
9	1204145362508	1204145366867
9	1204147709199	1204147712669
9	1204148570756	1204148574650
9	1204148667795	1204148671318
9	1204152501792	1204152506934
9	1204152508379	1204152510527
9	1204152843345	1204152845695
10	1204113157194	1204113160120
10	1204113242409	1204113245896
10	1204114000948	1204114002852
10	1204115190920	1204115192874
10	1204116284866	1204116287682
10	1204116369315	1204116371897
10	1204120231913	1204120234605
10	1204120246416	1204120249254
10	1204121207978	1204121210670
10	1204121220112	1204121222817
10	1204122734618	1204122737186
10	1204122886193	1204122888794
10	1204123028380	1204123030842
10	1204123098287	1204123100566
10	1204124934274	1204124937284
10	1204130198214	1204130199859
10	1204130685154	1204130688737
10	1204130695436	1204130697641
10	1204130717354	1204130719530
10	1204130767423	1204130769397
10	1204130812958	1204130813991
10	1204131005137	1204131013296
10	1204132685317	1204132688230
10	1204132742166	1204132745444
10	1204138402522	1204138405197
11	1204130693384	1204130698445
11	1204130702161	1204130704835
11	1204130721323	1204130724944
11	1204130726656	1204130728980
11	1204130732125	1204130735856
11	1204130758798	1204130760953
11	1204130767619	1204130776853
11	1204130783856	1204130786111
11	1204130790872	1204130792712
11	1204130811978	1204130813869
11	1204130815811	1204130820444
11	1204130823936	1204130826288
11	1204130930182	1204130938641
11	1204130938925	1204130941986
11	1204131005663	1204131007797
11	1204131009264	1204131011627
12	1204112080866	1204112083977
12	1204112516583	1204112518531
12	1204112522598	1204112523812
12	1204112524712	1204112526857
12	1204114118237	1204114121125
12	1204114292647	1204114294890
12	1204114319659	1204114322530
12	1204114325939	1204114328604
12	1204114410236	1204114413512
12	1204115413750	1204115416171
12	1204115419200	1204115427714
12	1204115433563	1204115437906
12	1204115688896	1204115690301
12	1204115906646	1204115908635
12	1204118703795	1204118706903
12	1204118713897	1204118719999
12	1204118777971	1204118779959
12	1204118789303	1204118803392
12	1204118818482	1204118820838
12	1204118821623	1204118826634
12	1204118850181	1204118855869
12	1204118858961	1204118864766
12	1204118865465	1204118866262
12	1204118866598	1204118871288
12	1204118872104	1204118879957
12	1204118881322	1204118892516
12	1204119336847	1204119340932
12	1204122574968	1204122577892
12	1204122699827	1204122701937
12	1204123157949	1204123160932
12	1204123258477	1204123261951
12	1204123300781	1204123302723
12	1204123304955	1204123306848
12	1204123311804	1204123316566
12	1204123318864	1204123357670
13	1204107707851	1204107710257
13	1204112040694	1204112042927
13	1204112060878	1204112078848
13	1204112081376	1204112086155
13	1204112516106	1204112519550
13	1204112522398	1204112532217
13	1204112532872	1204112540402
13	1204114120604	1204114121895
13	1204114290579	1204114293812
13	1204114321461	1204114324563
13	1204114324698	1204114327293
13	1204114411794	1204114415356
13	1204115413174	1204115416678
13	1204115552550	1204115554559
13	1204115686232	1204115690466
13	1204115800663	1204115802715
13	1204115904826	1204115907610
13	1204118717129	1204118721113
13	1204118775269	1204118778949
13	1204119340278	1204119353844
13	1204122544315	1204122548591
13	1204122572803	1204122576838
13	1204122648602	1204122652193
13	1204122698271	1204122700421
13	1204123160658	1204123164293
13	1204123252122	1204123256832
13	1204123259819	1204123264169
13	1204123273387	1204123276651
13	1204123296538	1204123303556
14	1204068863720	1204068865881
14	1204068941408	1204068944289
14	1204068945863	1204068950989
14	1204068953137	1204068957864
14	1204114330327	1204114336372
14	1204114597785	1204114600202
14	1204120483236	1204120486447
14	1204122592930	1204122595146
14	1204122595852	1204122599725
14	1204123024262	1204123026332
14	1204123028848	1204123031139
14	1204130258405	1204130260612
14	1204130262480	1204130265992
14	1204130272820	1204130275437
14	1204138794565	1204138796751
14	1204139041279	1204139043459
14	1204139547377	1204139548903
14	1204140726217	1204140728242
14	1204140735478	1204140737601
14	1204145361905	1204145364329
14	1204147708903	1204147712807
14	1204152504341	1204152509717
15	1204067710276	1204067712603
15	1204068452157	1204068455618
15	1204068659878	1204068663481
15	1204068667846	1204068670762
15	1204068744935	1204068747347
15	1204068760716	1204068763106
15	1204068794291	1204068798764
15	1204068823277	1204068824544
15	1204068832612	1204068834510
15	1204068864648	1204068867803
15	1204068876579	1204068879656
15	1204068960124	1204068962273
15	1204071987846	1204071989680
15	1204113327160	1204113329594
15	1204114329516	1204114335401
15	1204114765300	1204114768183
15	1204117111468	1204117114602
15	1204120481710	1204120486567
15	1204120492508	1204120493340
15	1204120768665	1204120772142
15	1204122041287	1204122044475
15	1204122059312	1204122061893
15	1204122096226	1204122099658
15	1204122596359	1204122599979
15	1204122643319	1204122647165
15	1204123023994	1204123026887
15	1204123049281	1204123052259
15	1204123053518	1204123055265
15	1204130254302	1204130256325
15	1204130261460	1204130264885
15	1204130273511	1204130280307
15	1204130285945	1204130288896
15	1204138794831	1204138797529
15	1204139012134	1204139014330
15	1204139042792	1204139044350
15	1204139546276	1204139551796
15	1204140726497	1204140730623
15	1204140734784	1204140737601
15	1204141350496	1204141352505
15	1204141356760	1204141358738
15	1204141374107	1204141377500
15	1204141848491	1204141850948
15	1204145129726	1204145133605
15	1204145361713	1204145364329
15	1204147709199	1204147714588
15	1204148569686	1204148571864
15	1204148666616	1204148669851
15	1204152506811	1204152511285
15	1204152841551	1204152844643
16	1204067710608	1204067714269
16	1204068451319	1204068455272
16	1204068667506	1204068669609
16	1204068745454	1204068747494
16	1204068875623	1204068878470
16	1204071988378	1204071990246
16	1204112211535	1204112214606
16	1204112387296	1204112391597
16	1204113159583	1204113163405
16	1204114001528	1204114004894
16	1204114328194	1204114331439
16	1204114765499	1204114766851
16	1204116286452	1204116288669
16	1204116352537	1204116357247
16	1204116368115	1204116370729
16	1204120233351	1204120236459
16	1204120245410	1204120248536
16	1204120689843	1204120693765
16	1204121209335	1204121211759
16	1204121218537	1204121220804
16	1204122041334	1204122042221
16	1204122577427	1204122579209
16	1204122644677	1204122647591
16	1204122735738	1204122739323
16	1204122885333	1204122886737
16	1204123029750	1204123031568
16	1204123049345	1204123055977
16	1204124937284	1204124941108
16	1204130197282	1204130198577
16	1204130285718	1204130290480
16	1204130331117	1204130333389
16	1204130343156	1204130347869
16	1204130375522	1204130378863
16	1204130401259	1204130405527
16	1204130405876	1204130408849
16	1204130416387	1204130420913
16	1204130441161	1204130447749
16	1204130515721	1204130520106
16	1204130544949	1204130550978
16	1204130571447	1204130574306
16	1204130589401	1204130590747
16	1204130630751	1204130640130
16	1204130660509	1204130665722
16	1204130670325	1204130672495
16	1204130672666	1204130684616
16	1204131011840	1204131013651
16	1204132686502	1204132689415
16	1204132741266	1204132743284
16	1204138782548	1204138785927
16	1204138795533	1204138797840
16	1204139011974	1204139013770
16	1204139042385	1204139045586
16	1204140727195	1204140729344
16	1204141350755	1204141353943
16	1204141355940	1204141358856
16	1204141374517	1204141378221
16	1204141847783	1204141849533
16	1204145130111	1204145132926
16	1204148666335	1204148667551
16	1204152842143	1204152843345
17	1204107662902	1204107665528
17	1204107666605	1204107668950
17	1204107669782	1204107672422
17	1204107697534	1204107698824
17	1204112029723	1204112031749
17	1204112043554	1204112048393
17	1204112050901	1204112057827
17	1204112105406	1204112110409
17	1204112138443	1204112140738
17	1204112156317	1204112160905
17	1204112165810	1204112169552
17	1204114001805	1204114004894
17	1204114318150	1204114321868
17	1204114327868	1204114329951
17	1204115189395	1204115192332
17	1204116286717	1204116289932
17	1204118824216	1204118826794
17	1204118848878	1204118850911
17	1204118890132	1204118893505
17	1204119335260	1204119338882
17	1204122576515	1204122580520
17	1204122700983	1204122703797
17	1204123050532	1204123054932
17	1204123156665	1204123159303
17	1204130196646	1204130198577
17	1204138782290	1204138784552
18	1204107663859	1204107667310
18	1204107667471	1204107669458
18	1204107688541	1204107690308
18	1204114117255	1204114120988
18	1204114293221	1204114296931
18	1204114319172	1204114322181
18	1204114409376	1204114412715
18	1204115426398	1204115431915
18	1204115690218	1204115693430
18	1204115798488	1204115801471
18	1204115907249	1204115910663
18	1204118702955	1204118706438
18	1204118784755	1204118785946
18	1204118790197	1204118791378
18	1204118823626	1204118827479
18	1204118849393	1204118852154
18	1204118889289	1204118893873
18	1204119335517	1204119339684
18	1204121174996	1204121177306
18	1204121186993	1204121191299
18	1204121194903	1204121199849
18	1204122104650	1204122106477
18	1204124872712	1204124877430
18	1204124878398	1204124886838
19	1204106428169	1204106430452
19	1204115619486	1204115622493
19	1204115623880	1204115626263
19	1204118511433	1204118514415
19	1204118514689	1204118516271
19	1204118566480	1204118570472
19	1204118581723	1204118586509
19	1204118596504	1204118602271
19	1204118602787	1204118607103
19	1204120043266	1204120045118
19	1204120248536	1204120251936
19	1204120381168	1204120383313
19	1204120570228	1204120576859
19	1204121159770	1204121162519
19	1204125280820	1204125282948
20	1204105245147	1204105247589
20	1204105247735	1204105259462
20	1204105269512	1204105272252
20	1204105274345	1204105287722
20	1204105300419	1204105303322
20	1204105312920	1204105317904
20	1204105322158	1204105325876
20	1204105414956	1204105423927
20	1204105426264	1204105431860
20	1204105445193	1204105452405
20	1204105976935	1204105982458
20	1204106023453	1204106027411
20	1204106161994	1204106164232
20	1204106328627	1204106340802
20	1204106422159	1204106427473
20	1204106430587	1204106435484
20	1204106741440	1204106746839
20	1204106760188	1204106762446
20	1204106763636	1204106765632
20	1204106770358	1204106775891
20	1204106910166	1204106919629
20	1204106927606	1204106935563
20	1204110601183	1204110605750
20	1204110606693	1204110612388
20	1204110776539	1204110783805
20	1204113490544	1204113496206
20	1204113681820	1204113684659
20	1204113751347	1204113754203
20	1204114327177	1204114330980
20	1204114355690	1204114363810
20	1204114370513	1204114374532
20	1204114405861	1204114410925
20	1204114606439	1204114612727
20	1204114635557	1204114637527
20	1204114796493	1204114798526
20	1204115072225	1204115088203
20	1204115239771	1204115244232
20	1204115283183	1204115286151
20	1204115287515	1204115294466
20	1204115308345	1204115317583
20	1204115414616	1204115418148
20	1204115423282	1204115424536
20	1204115424670	1204115437906
20	1204115447948	1204115450805
20	1204115471794	1204115477465
20	1204115569931	1204115575638
20	1204115612804	1204115621837
20	1204115625605	1204115629611
20	1204115630127	1204115634534
20	1204115641155	1204115645638
20	1204115647271	1204115653890
20	1204116019914	1204116024227
20	1204116088324	1204116092803
20	1204116110630	1204116113626
20	1204116182159	1204116185592
20	1204116252218	1204116258220
20	1204116267620	1204116269800
20	1204116281788	1204116284739
20	1204116311595	1204116315896
20	1204116337522	1204116339485
20	1204116348675	1204116354875
20	1204116409310	1204116412575
20	1204116812857	1204116817419
20	1204117203523	1204117207288
20	1204117270278	1204117276417
20	1204117295478	1204117302416
20	1204117378543	1204117384628
20	1204117470694	1204117475905
20	1204117937241	1204117938977
20	1204117948862	1204117959119
20	1204117961911	1204117964537
20	1204117965153	1204117966433
20	1204118095171	1204118096404
20	1204118097375	1204118100327
20	1204118136363	1204118138819
20	1204118189414	1204118189757
20	1204118198203	1204118200961
20	1204118358402	1204118364429
20	1204118369890	1204118374326
20	1204118377251	1204118380948
20	1204118389415	1204118391926
20	1204118401536	1204118402816
20	1204118404273	1204118406460
20	1204118432385	1204118433643
20	1204118455946	1204118457482
20	1204118457608	1204118462100
20	1204118463577	1204118465573
20	1204118508579	1204118510615
20	1204118676453	1204118681508
20	1204118738417	1204118744161
20	1204118752849	1204118759273
20	1204118763641	1204118765169
20	1204118849253	1204118857623
20	1204118863498	1204118869248
20	1204118946557	1204118948957
20	1204118995320	1204119000492
20	1204119289422	1204119291578
20	1204119795803	1204119801359
20	1204119808333	1204119817678
20	1204119989729	1204119992288
20	1204119992680	1204119995264
20	1204119995423	1204119999743
20	1204120018822	1204120021964
20	1204120025604	1204120028665
20	1204120035251	1204120052170
20	1204120066214	1204120068302
20	1204120069401	1204120071675
20	1204120225106	1204120227221
20	1204120238929	1204120244202
20	1204120247330	1204120253873
20	1204120261132	1204120268763
20	1204120272488	1204120274505
20	1204120281555	1204120284528
20	1204120341306	1204120344587
20	1204120349859	1204120355158
20	1204120372257	1204120375231
20	1204120375465	1204120378498
20	1204120379223	1204120384293
20	1204120456194	1204120461280
20	1204120573980	1204120576291
20	1204120771994	1204120777682
20	1204120782749	1204120784300
20	1204120788438	1204120795332
20	1204120809795	1204120817796
20	1204120820615	1204120827693
20	1204120876950	1204120882226
20	1204120917792	1204120919979
20	1204120923331	1204120926977
20	1204120938453	1204120940526
20	1204120948492	1204120952755
20	1204120960202	1204120963989
20	1204120985372	1204121003576
20	1204121024756	1204121030424
20	1204121030960	1204121035678
20	1204121064701	1204121066570
20	1204121067246	1204121079292
20	1204121079778	1204121082691
20	1204121089323	1204121098656
20	1204121098958	1204121101342
20	1204121102134	1204121104679
20	1204121110118	1204121118707
20	1204121137315	1204121146784
20	1204121156391	1204121159139
20	1204121160442	1204121163727
20	1204123030510	1204123033107
20	1204123046651	1204123049828
20	1204123446968	1204123452393
20	1204123452839	1204123454921
20	1204123456548	1204123461289
20	1204124892874	1204124896194
20	1204124907366	1204124910448
20	1204125046971	1204125056986
20	1204125098593	1204125101282
20	1204125103681	1204125105653
20	1204125124478	1204125128114
20	1204125174599	1204125177230
20	1204125177624	1204125179473
20	1204125213259	1204125228569
20	1204125231186	1204125232478
20	1204125245674	1204125248239
20	1204125257497	1204125259155
20	1204125264182	1204125265472
20	1204125267308	1204125280552
20	1204125280687	1204125284472
20	1204130197939	1204130205223
20	1204130217598	1204130220264
20	1204130226834	1204130236760
20	1204130243197	1204130248896
20	1204130249473	1204130251449
20	1204130253726	1204130255873
20	1204130256468	1204130264367
21	1204105244866	1204105246755
21	1204105256890	1204105259584
21	1204105265778	1204105271630
21	1204105323468	1204105327977
21	1204105414800	1204105417344
21	1204106929716	1204106932866
21	1204110600189	1204110603264
21	1204110778279	1204110781305
21	1204112574602	1204112575814
21	1204112575957	1204112580255
21	1204113487384	1204113491564
21	1204114327565	1204114332307
21	1204114346414	1204114351189
21	1204114355370	1204114358448
21	1204114359450	1204114367380
21	1204114407629	1204114412273
21	1204114606388	1204114608670
21	1204115427113	1204115429272
21	1204115433914	1204115439109
21	1204115447124	1204115450889
21	1204115475379	1204115479958
21	1204115568202	1204115571434
21	1204115573361	1204115578653
21	1204115611158	1204115614750
21	1204115641463	1204115643965
21	1204115647873	1204115653466
21	1204116019470	1204116028784
21	1204116087342	1204116090612
21	1204116111462	1204116116515
21	1204116181995	1204116184475
21	1204116254540	1204116257980
21	1204116265910	1204116269384
21	1204116282517	1204116285519
21	1204116310684	1204116316524
21	1204116328745	1204116333434
21	1204116338380	1204116341529
21	1204116352191	1204116355733
21	1204116385967	1204116391265
21	1204116411229	1204116414943
21	1204116418254	1204116422979
21	1204116423551	1204116431328
21	1204116435357	1204116437759
21	1204116815893	1204116821213
21	1204117202177	1204117206881
21	1204117296478	1204117299539
21	1204117377848	1204117383383
21	1204117936960	1204117940608
21	1204117946976	1204117950703
21	1204118349672	1204118351853
21	1204118378435	1204118382396
21	1204118433811	1204118438247
21	1204118444517	1204118447962
21	1204118448468	1204118450620
21	1204118457145	1204118457164
21	1204118461270	1204118464719
21	1204118676994	1204118680584
21	1204118689923	1204118692343
21	1204118695437	1204118698908
21	1204118708270	1204118711937
21	1204118717380	1204118719621
21	1204118732958	1204118736345
21	1204118737771	1204118740697
21	1204120026508	1204120030919
21	1204120032885	1204120037220
21	1204120041221	1204120045363
21	1204120236963	1204120241497
21	1204120269314	1204120273667
21	1204120274309	1204120276787
21	1204120304755	1204120307254
21	1204120321574	1204120325455
21	1204120330398	1204120339659
21	1204120341653	1204120369480
21	1204120374177	1204120382804
21	1204120384937	1204120386222
21	1204120402268	1204120406331
21	1204120440187	1204120442441
21	1204120458523	1204120461863
21	1204120465282	1204120467830
21	1204120568191	1204120572166
21	1204120574248	1204120579421
21	1204120770460	1204120774508
21	1204120789930	1204120795143
21	1204120807968	1204120812289
21	1204121141446	1204121148716
21	1204121155258	1204121158709
21	1204121161359	1204121166636
21	1204122597495	1204122601311
21	1204123030211	1204123032268
21	1204123047244	1204123050394
21	1204123056712	1204123059429
21	1204123445279	1204123448259
21	1204123457820	1204123460889
21	1204124891452	1204124895225
21	1204124908327	1204124911885
21	1204125045661	1204125049184
21	1204125186905	1204125197628
21	1204125199534	1204125203831
21	1204125282135	1204125286351
21	1204130197337	1204130199354
21	1204130203997	1204130206744
21	1204130215993	1204130219688
21	1204130255873	1204130257898
21	1204130262636	1204130265384
22	1204068957236	1204068959547
22	1204105243643	1204105245910
22	1204105257527	1204105260196
22	1204105263269	1204105267569
22	1204105324833	1204105327687
22	1204106930815	1204106933631
22	1204110599673	1204110602123
22	1204110779263	1204110782219
22	1204112571349	1204112574253
22	1204112575647	1204112585475
22	1204112744877	1204112749214
22	1204112893609	1204112897373
22	1204113161328	1204113163556
22	1204113471168	1204113472812
22	1204113486919	1204113489380
22	1204114363559	1204114368507
22	1204114408895	1204114412273
22	1204114545166	1204114549839
22	1204115435451	1204115439297
22	1204115446401	1204115448617
22	1204115476792	1204115479958
22	1204115565804	1204115570650
22	1204115575393	1204115579557
22	1204115609529	1204115613184
22	1204115649941	1204115654590
22	1204116017394	1204116021878
22	1204116025497	1204116028648
22	1204116086354	1204116089184
22	1204116113370	1204116117449
22	1204116127281	1204116129240
22	1204116178487	1204116184331
22	1204116264963	1204116268261
22	1204116283837	1204116286980
22	1204116310827	1204116313497
22	1204116349289	1204116353241
22	1204116411798	1204116424589
22	1204116434796	1204116437951
22	1204116817565	1204116820935
22	1204117112970	1204117116293
22	1204117186270	1204117188438
22	1204117200755	1204117204197
22	1204117376792	1204117380281
22	1204117938333	1204117941419
22	1204117946212	1204117949356
22	1204118349173	1204118351688
22	1204118737894	1204118740873
22	1204120027967	1204120031385
22	1204120032259	1204120036167
22	1204120234267	1204120239624
22	1204120458840	1204120462160
22	1204120464758	1204120468250
22	1204120489775	1204120494912
22	1204120567343	1204120570593
22	1204120575928	1204120579901
22	1204120791539	1204120794998
22	1204121145169	1204121150627
22	1204121154911	1204121157237
22	1204121163650	1204121167330
22	1204122591628	1204122595292
22	1204122737311	1204122740352
22	1204123022848	1204123026887
22	1204123442242	1204123446145
22	1204123459659	1204123461899
22	1204124890812	1204124893614
22	1204124909106	1204124911984
22	1204125045272	1204125047839
22	1204125283380	1204125286213
22	1204130195974	1204130198214
22	1204130204999	1204130207567
22	1204130214984	1204130217722
22	1204130263677	1204130267216
22	1204147711687	1204147713888
22	1204152508549	1204152512101
23	1204105242647	1204105245401
23	1204105326377	1204105328912
23	1204110598660	1204110601468
23	1204110780118	1204110782781
23	1204112248298	1204112256592
23	1204112279553	1204112287693
23	1204112298820	1204112304973
23	1204112312991	1204112317538
23	1204112341287	1204112343496
23	1204112361754	1204112363265
23	1204112369464	1204112370886
23	1204112380998	1204112386837
23	1204112392469	1204112401720
23	1204112411457	1204112421251
23	1204112425605	1204112433738
23	1204112445376	1204112454181
23	1204112476868	1204112485309
23	1204112493221	1204112497467
23	1204112516891	1204112519194
23	1204112528641	1204112532545
23	1204112568494	1204112572956
23	1204112633875	1204112636296
23	1204112644345	1204112644967
23	1204112678973	1204112682204
23	1204112685483	1204112690108
23	1204112691914	1204112693948
23	1204112705426	1204112710283
23	1204112711642	1204112716569
23	1204112724771	1204112726101
23	1204112726632	1204112728830
23	1204112739696	1204112746557
23	1204112774567	1204112776726
23	1204112789570	1204112791554
23	1204112799936	1204112805166
23	1204112810661	1204112811912
23	1204112831274	1204112837812
23	1204112843976	1204112848167
23	1204112854381	1204112859521
23	1204112859814	1204112862153
23	1204112871492	1204112875277
23	1204112905286	1204112907393
23	1204112939371	1204112942758
23	1204113160893	1204113163192
23	1204113239885	1204113243109
23	1204113260851	1204113265318
23	1204113288658	1204113291961
23	1204113325971	1204113328145
23	1204113335457	1204113340352
23	1204113357823	1204113362701
23	1204113366445	1204113368653
23	1204113369377	1204113380443
23	1204113387987	1204113389250
23	1204113423718	1204113431547
23	1204113436561	1204113439412
23	1204113442459	1204113448766
23	1204113459370	1204113475365
23	1204113476977	1204113485462
23	1204114315102	1204114319797
23	1204114369533	1204114373681
23	1204114409685	1204114413256
23	1204114543594	1204114546911
23	1204114548480	1204114551469
23	1204114598941	1204114602322
23	1204115445133	1204115447145
23	1204115477597	1204115480838
23	1204115515123	1204115520184
23	1204115536973	1204115551324
23	1204115551483	1204115557692
23	1204115560401	1204115563787
23	1204115577655	1204115581869
23	1204115582863	1204115585399
23	1204115587206	1204115589332
23	1204115595502	1204115606295
23	1204115606422	1204115613618
23	1204115651501	1204115653872
23	1204115986884	1204115991307
23	1204115995779	1204115997997
23	1204116007489	1204116010259
23	1204116010697	1204116015868
23	1204116026538	1204116029564
23	1204116085338	1204116088198
23	1204116128612	1204116134262
23	1204116176511	1204116180428
23	1204116264202	1204116266418
23	1204116347425	1204116350103
23	1204116350931	1204116352812
23	1204116435759	1204116438956
23	1204116818446	1204116822173
23	1204116929476	1204116932763
23	1204116941522	1204116943868
23	1204117060814	1204117065652
23	1204117067668	1204117071431
23	1204117075664	1204117078691
23	1204117080115	1204117086412
23	1204117088908	1204117091119
23	1204117099581	1204117101581
23	1204117113158	1204117117765
23	1204117118148	1204117119956
23	1204117128769	1204117132183
23	1204117135516	1204117137678
23	1204117173907	1204117178501
23	1204117375972	1204117379119
23	1204117939198	1204117942445
23	1204117945131	1204117948233
23	1204118347616	1204118350589
23	1204118738541	1204118740359
23	1204118845969	1204118850327
23	1204120028854	1204120033744
23	1204120234426	1204120237459
23	1204120244496	1204120246550
23	1204120459650	1204120464234
23	1204120466387	1204120469256
23	1204120471835	1204120474703
23	1204120482940	1204120484925
23	1204120491272	1204120497314
23	1204120565671	1204120569241
23	1204120577593	1204120583568
23	1204120716784	1204120721748
23	1204120725321	1204120726603
23	1204120727200	1204120730377
23	1204120732634	1204120737296
23	1204120755621	1204120760717
23	1204120792599	1204120797610
23	1204121146484	1204121152860
23	1204121153284	1204121156905
23	1204121164298	1204121167686
23	1204122578747	1204122581863
23	1204122630485	1204122633305
23	1204122702402	1204122705178
23	1204122737603	1204122739323
23	1204123021700	1204123025197
23	1204123095906	1204123097894
23	1204123155425	1204123157949
23	1204123460129	1204123462692
23	1204124909570	1204124913887
23	1204125044372	1204125046847
23	1204125284196	1204125287183
23	1204130195175	1204130196907
23	1204130251808	1204130255278
23	1204130265511	1204130269926
23	1204132687902	1204132689757
23	1204132696646	1204132700777
23	1204132739532	1204132742168
23	1204139042846	1204139046336
23	1204139545286	1204139550323
23	1204140733509	1204140736969
23	1204145360415	1204145363275
23	1204147711269	1204147716355
24	1204067713187	1204067714875
24	1204068662983	1204068664918
24	1204068665996	1204068669609
24	1204068746862	1204068749467
24	1204068758721	1204068761104
24	1204068866484	1204068869732
24	1204068872504	1204068877618
24	1204068961530	1204068964411
24	1204071965331	1204071967214
24	1204071990470	1204071993366
24	1204105241913	1204105243414
24	1204105328136	1204105331369
24	1204107678882	1204107681849
24	1204112019476	1204112023710
24	1204113350738	1204113352439
24	1204114002576	1204114006513
24	1204114295100	1204114298973
24	1204114310577	1204114317617
24	1204114405861	1204114411149
24	1204114763542	1204114766707
24	1204115485600	1204115488513
24	1204116287420	1204116289622
24	1204116301407	1204116310547
24	1204116310850	1204116313687
24	1204116346159	1204116348879
24	1204116437486	1204116440699
24	1204118346802	1204118348744
24	1204118826352	1204118829477
24	1204120461584	1204120466786
24	1204120469445	1204120473720
24	1204120494450	1204120497314
24	1204120564927	1204120568463
24	1204120596353	1204120601611
24	1204120614588	1204120620773
24	1204120702280	1204120706594
24	1204120713494	1204120719281
24	1204120747407	1204120755884
24	1204120796832	1204120801891
24	1204120802278	1204120808185
24	1204121151640	1204121155716
24	1204121210418	1204121214343
24	1204121217499	1204121220978
24	1204122038963	1204122041814
24	1204122061329	1204122064238
24	1204122093989	1204122095897
24	1204122179450	1204122181183
24	1204123358108	1204123360144
24	1204123438162	1204123441371
24	1204124940777	1204124942706
24	1204130195661	1204130197585
24	1204130249853	1204130254166
24	1204130267764	1204130273627
24	1204130276101	1204130279807
24	1204130429471	1204130431368
24	1204131012776	1204131015658
24	1204139010403	1204139012563
24	1204139043862	1204139047865
24	1204139544197	1204139549304
24	1204140728958	1204140731913
24	1204141352177	1204141354916
24	1204141375885	1204141379621
24	1204141846109	1204141849683
24	1204145131567	1204145134163
24	1204147713469	1204147717463
24	1204148567690	1204148570378
24	1204148664253	1204148668631
24	1204152511821	1204152514658
24	1204152839788	1204152843202
25	1204067714545	1204067717665
25	1204072000515	1204072002592
25	1204072038414	1204072040816
25	1204105331107	1204105333715
25	1204112148428	1204112150770
25	1204114002990	1204114006320
25	1204114115483	1204114120604
25	1204115548382	1204115550335
25	1204115691520	1204115695445
25	1204115908803	1204115911912
25	1204118701437	1204118704553
25	1204118891185	1204118895702
25	1204119334103	1204119337801
25	1204120563489	1204120565362
25	1204120597838	1204120608370
25	1204120609614	1204120616497
25	1204120702876	1204120707763
25	1204124941681	1204124945889
25	1204124965217	1204124966353
25	1204130280575	1204130281283
25	1204130321492	1204130327625
25	1204130341396	1204130344839
25	1204130368340	1204130370475
25	1204130371830	1204130374586
25	1204130395525	1204130399310
25	1204130403673	1204130408295
25	1204130442552	1204130444773
25	1204130458349	1204130460903
25	1204130466781	1204130468900
25	1204130469655	1204130470940
25	1204130471564	1204130473788
25	1204130481600	1204130482886
25	1204130484352	1204130486551
25	1204130541241	1204130543221
25	1204130576822	1204130578921
25	1204130584847	1204130586111
25	1204130591338	1204130595412
25	1204130596637	1204130597909
25	1204130622162	1204130625922
25	1204130634868	1204130637181
25	1204130687802	1204130689555
25	1204130753283	1204130755226
25	1204130766674	1204130770771
25	1204130788415	1204130789662
25	1204130794126	1204130795554
25	1204130809562	1204130814551
25	1204130826722	1204130828848
25	1204130887534	1204130891641
25	1204130947806	1204130952401
25	1204130955503	1204130957451
25	1204130972404	1204130974447
25	1204130991818	1204130995824
25	1204130997427	1204130999586
25	1204131003484	1204131007769
25	1204141353693	1204141358278
25	1204145132108	1204145135383
26	1204067911510	1204067914577
26	1204068445949	1204068448233
26	1204112123412	1204112128476
26	1204112195752	1204112198719
26	1204112199745	1204112204249
26	1204112252418	1204112254687
26	1204112615650	1204112616802
26	1204113202780	1204113205125
26	1204113205134	1204113206320
26	1204113493462	1204113496431
26	1204119021661	1204119023606
26	1204120804326	1204120806341
26	1204120809952	1204120812128
26	1204120832243	1204120835545
26	1204120868126	1204120871731
26	1204120949380	1204120953890
26	1204121400567	1204121402921
26	1204125199664	1204125208627
26	1204125209966	1204125211995
26	1204125234620	1204125238252
26	1204125374529	1204125377510
26	1204125377630	1204125378844
26	1204131076393	1204131078243
26	1204131102680	1204131105612
26	1204131108826	1204131110854
26	1204131253168	1204131256145
26	1204138382470	1204138389935
26	1204138394771	1204138396945
26	1204138403838	1204138405614
26	1204138407934	1204138410300
26	1204138778237	1204138781392
26	1204138799477	1204138802775
26	1204138841831	1204138843195
26	1204139849942	1204139853652
26	1204139854266	1204139856921
26	1204140053386	1204140058862
27	1204113162197	1204113166282
27	1204113238221	1204113241201
27	1204114297395	1204114301469
27	1204114307291	1204114311677
27	1204115437542	1204115439628
27	1204115956294	1204115958452
27	1204115970617	1204115975279
27	1204116015388	1204116019762
27	1204116256704	1204116262414
27	1204116288669	1204116293132
27	1204116296394	1204116297611
27	1204116297830	1204116302737
27	1204116308580	1204116312122
27	1204117298462	1204117301822
27	1204117311301	1204117314455
27	1204118827901	1204118831737
27	1204118844284	1204118848311
27	1204120235137	1204120238269
27	1204120243665	1204120246713
27	1204122581144	1204122585146
27	1204122589924	1204122594404
27	1204122608739	1204122613254
27	1204122626449	1204122629926
27	1204122631213	1204122634621
27	1204122640100	1204122644107
27	1204122703633	1204122706575
27	1204122737824	1204122741518
27	1204122874290	1204122876668
27	1204122883984	1204122885531
27	1204123031411	1204123034747
27	1204123093570	1204123097254
27	1204123154443	1204123156795
27	1204132688419	1204132691627
27	1204132694893	1204132698682
27	1204138405678	1204138407741
28	1204105261822	1204105265135
28	1204106932480	1204106938891
28	1204112940737	1204112944156
28	1204113254229	1204113258613
28	1204113261694	1204113265996
28	1204113296113	1204113298954
28	1204113334950	1204113337435
28	1204113340237	1204113344946
28	1204113469222	1204113471826
28	1204114296447	1204114300595
28	1204114308693	1204114311984
28	1204114599897	1204114602977
28	1204115437906	1204115446519
28	1204115652810	1204115658505
28	1204115720300	1204115722522
28	1204115723307	1204115727726
28	1204115748608	1204115751533
28	1204115955515	1204115958177
28	1204115972634	1204115975851
28	1204116259563	1204116266850
28	1204116285855	1204116290950
28	1204117114167	1204117117236
28	1204117311717	1204117314946
28	1204117364283	1204117366425
28	1204118827616	1204118831184
28	1204118846439	1204118848795
28	1204122628348	1204122634221
28	1204122874884	1204122877580
28	1204130206437	1204130212413
28	1204130212663	1204130217569
28	1204138416947	1204138418814
28	1204152510645	1204152513306
29	1204068867803	1204068869584
29	1204106935568	1204106937851
29	1204112835859	1204112837675
29	1204112842561	1204112843839
29	1204112944930	1204112949862
29	1204113009779	1204113011897
29	1204113032406	1204113036730
29	1204113045746	1204113047867
29	1204113059404	1204113065918
29	1204113080741	1204113085689
29	1204113102833	1204113104969
29	1204113108760	1204113113392
29	1204113117494	1204113119473
29	1204113125775	1204113128334
29	1204113154233	1204113158357
29	1204113170772	1204113172659
29	1204113172793	1204113177855
29	1204113209398	1204113212772
29	1204113218696	1204113220289
29	1204113223333	1204113230820
29	1204113231781	1204113233576
29	1204113233669	1204113239745
29	1204113253624	1204113255494
29	1204113468645	1204113469831
29	1204114411961	1204114415222
29	1204114600649	1204114603372
29	1204115685658	1204115689270
29	1204115690627	1204115696494
29	1204115742542	1204115745885
29	1204115747230	1204115749444
29	1204115762303	1204115765737
29	1204115908803	1204115911419
29	1204115954940	1204115956984
29	1204116295148	1204116297106
29	1204117115295	1204117118340
29	1204117312615	1204117315651
29	1204117326572	1204117330926
29	1204117358914	1204117361571
29	1204117362757	1204117368271
29	1204118345988	1204118347890
29	1204118740873	1204118742959
29	1204120232433	1204120234783
29	1204120464594	1204120469985
29	1204121211270	1204121219291
29	1204122875704	1204122878438
29	1204123020221	1204123023111
29	1204124912336	1204124913760
29	1204124962815	1204124966209
29	1204138417120	1204138421132
29	1204140730317	1204140734615
29	1204147714186	1204147717329
29	1204152512101	1204152515147
30	1204068663787	1204068667698
30	1204068748174	1204068750779
30	1204068757788	1204068759566
30	1204068826556	1204068832220
30	1204068867659	1204068874126
30	1204068961246	1204068964655
30	1204072038176	1204072041728
30	1204106935858	1204106939150
30	1204110596851	1204110600467
30	1204110781928	1204110785457
30	1204112017260	1204112020359
30	1204112836787	1204112844520
30	1204113322891	1204113326791
30	1204113352316	1204113354390
30	1204114003534	1204114007153
30	1204114114886	1204114118510
30	1204114412975	1204114414698
30	1204114541102	1204114544686
30	1204114762113	1204114765581
30	1204115480541	1204115484168
30	1204115687564	1204115695981
30	1204115743941	1204115749758
30	1204115763391	1204115767104
30	1204115777271	1204115783347
30	1204115812599	1204115822246
30	1204115832565	1204115840499
30	1204115841592	1204115845516
30	1204115847217	1204115854234
30	1204115860578	1204115866930
30	1204115877285	1204115883840
30	1204115896513	1204115917250
30	1204115953486	1204115957289
30	1204116028920	1204116032716
30	1204116083678	1204116085830
30	1204116295424	1204116299698
30	1204116300684	1204116303168
30	1204116345102	1204116347821
30	1204116438593	1204116443648
30	1204116821911	1204116830673
30	1204117116431	1204117119663
30	1204117313323	1204117317745
30	1204117325587	1204117329420
30	1204117359561	1204117365292
30	1204117941148	1204117946157
30	1204118345218	1204118349294
30	1204118700327	1204118702671
30	1204118740873	1204118750676
30	1204118893321	1204118895377
30	1204118981940	1204118983896
30	1204118997490	1204119007537
30	1204119333303	1204119337105
30	1204120231515	1204120235985
30	1204120464373	1204120468942
30	1204120493136	1204120498600
30	1204120562470	1204120566642
30	1204120943919	1204120952146
30	1204122037819	1204122041542
30	1204122062308	1204122065265
30	1204122092118	1204122096226
30	1204122876823	1204122878904
30	1204123019989	1204123023370
30	1204123363520	1204123363565
30	1204123462292	1204123464111
30	1204124911984	1204124915680
30	1204124962981	1204124966733
30	1204124969765	1204124972431
30	1204125041823	1204125044677
30	1204125183195	1204125189550
30	1204125190950	1204125201310
30	1204125286488	1204125289811
30	1204130192951	1204130196521
30	1204130248214	1204130252785
30	1204130949780	1204130950989
30	1204130951889	1204130956607
30	1204131009420	1204131012629
30	1204131014184	1204131017982
30	1204131269305	1204131272465
30	1204131359652	1204131361756
30	1204138420812	1204138424683
30	1204139044635	1204139049155
30	1204139542611	1204139545549
30	1204139545938	1204139549692
30	1204140730230	1204140733290
30	1204141377745	1204141381414
30	1204141844939	1204141848315
30	1204145358579	1204145362159
30	1204147715105	1204147719832
30	1204148566661	1204148567943
30	1204148662689	1204148665417
30	1204152513608	1204152515888
30	1204152838631	1204152842394
31	1204068749977	1204068753162
31	1204068754642	1204068759990
31	1204068962567	1204068964959
31	1204068965731	1204068969192
31	1204071960964	1204071966518
31	1204072040521	1204072044512
31	1204105236281	1204105238975
31	1204106938575	1204106942885
31	1204107654542	1204107657802
31	1204107720481	1204107722609
31	1204110595948	1204110598845
31	1204110704733	1204110707511
31	1204110787386	1204110790788
31	1204111780308	1204111782845
31	1204113321320	1204113323936
31	1204113354672	1204113359957
31	1204113465943	1204113468228
31	1204113495770	1204113498732
31	1204114004593	1204114007361
31	1204114113489	1204114116419
31	1204114432344	1204114437854
31	1204114539784	1204114542348
31	1204114602626	1204114605502
31	1204114761612	1204114763793
31	1204115186790	1204115188622
31	1204115441548	1204115444222
31	1204115693945	1204115697217
31	1204115765603	1204115771548
31	1204115772213	1204115780349
31	1204115793946	1204115796842
31	1204115910915	1204115913533
31	1204115915655	1204115923265
31	1204115952239	1204115955945
31	1204116037834	1204116042271
31	1204116042439	1204116048231
31	1204116082461	1204116084872
31	1204117117765	1204117120894
31	1204118699155	1204118701845
31	1204118893505	1204118896133
31	1204119332143	1204119334879
31	1204120870804	1204120873895
31	1204120904786	1204120907314
31	1204122036714	1204122039355
31	1204122181403	1204122183363
31	1204122708611	1204122711230
31	1204122877400	1204122880328
31	1204123018421	1204123021769
31	1204123364666	1204123367684
31	1204123433562	1204123438562
31	1204123463151	1204123465168
31	1204124913372	1204124917628
31	1204124973333	1204124975687
31	1204125040354	1204125043499
31	1204125175642	1204125180847
31	1204125287868	1204125290789
31	1204125765749	1204125769558
31	1204125769762	1204125773556
31	1204125774720	1204125776779
31	1204126938382	1204126940784
31	1204130191807	1204130194956
31	1204131068191	1204131071678
31	1204131155158	1204131157734
31	1204131195887	1204131200526
31	1204131360396	1204131366545
31	1204131368295	1204131372524
31	1204131380219	1204131380435
31	1204131387101	1204131389126
31	1204131405649	1204131408118
31	1204131431480	1204131434974
31	1204138257320	1204138260472
31	1204138306924	1204138311255
31	1204138360807	1204138362937
31	1204138380244	1204138383805
31	1204138428163	1204138431166
31	1204139003434	1204139007867
31	1204139045887	1204139049921
31	1204139541260	1204139548326
31	1204140146348	1204140152566
31	1204141378915	1204141382138
31	1204141843129	1204141846109
31	1204144895834	1204144897694
31	1204145133950	1204145139388
31	1204145355556	1204145361388
31	1204147717523	1204147721633
31	1204148561746	1204148565357
31	1204148566175	1204148568639
31	1204148661421	1204148664233
31	1204152514276	1204152520461
31	1204152837432	1204152840988
32	1204068664429	1204068666322
32	1204068749594	1204068751451
32	1204068869260	1204068873640
32	1204106939469	1204106941676
32	1204110705925	1204110707103
32	1204110707281	1204110709353
32	1204110784773	1204110788166
32	1204111781107	1204111783639
32	1204112015500	1204112019341
32	1204113641769	1204113644258
32	1204115916803	1204115918927
32	1204116344847	1204116346857
32	1204117325301	1204117327418
32	1204118343988	1204118348610
32	1204118745482	1204118748888
32	1204118949914	1204118953761
32	1204119002194	1204119006244
32	1204119010241	1204119014331
32	1204119023741	1204119025797
32	1204120230786	1204120232804
32	1204120494579	1204120496516
32	1204120496878	1204120499116
32	1204120561272	1204120563362
32	1204120792737	1204120804809
32	1204120905514	1204120908223
32	1204120940663	1204120944469
32	1204121401733	1204121403648
32	1204122063373	1204122066894
32	1204122090272	1204122094155
32	1204122708331	1204122710719
32	1204125177358	1204125181336
32	1204125378524	1204125380596
32	1204125759935	1204125767484
32	1204126939490	1204126941190
32	1204129102332	1204129107350
32	1204130246838	1204130249336
32	1204131015329	1204131018962
32	1204131068496	1204131070151
32	1204131156188	1204131159234
32	1204131196204	1204131198224
32	1204131406472	1204131408255
32	1204131431100	1204131433552
32	1204138258662	1204138261361
32	1204138306412	1204138309726
32	1204138361521	1204138364589
32	1204140059372	1204140061987
32	1204140123210	1204140128152
32	1204140145598	1204140148718
32	1204144896504	1204144898648
32	1204145250278	1204145255777
32	1204145285614	1204145290360
32	1204147536169	1204147541113
33	1204113163192	1204113168323
33	1204113182737	1204113188108
33	1204113188386	1204113193625
33	1204113237303	1204113240162
33	1204114298719	1204114302291
33	1204114305765	1204114309107
33	1204115957427	1204115961720
33	1204115969130	1204115973113
33	1204117299645	1204117302852
33	1204117309841	1204117312766
33	1204118829726	1204118833720
33	1204118842778	1204118846859
33	1204120235719	1204120239643
33	1204120242674	1204120245985
33	1204122582209	1204122587446
33	1204122588820	1204122591460
33	1204122600361	1204122604856
33	1204122606899	1204122609695
33	1204122611749	1204122615802
33	1204122624646	1204122627356
33	1204122632557	1204122635811
33	1204122638601	1204122641299
33	1204122704498	1204122707643
33	1204122738626	1204122742788
33	1204122872897	1204122875970
33	1204122882220	1204122884753
33	1204123032483	1204123034452
33	1204123059693	1204123062535
33	1204123091387	1204123095166
33	1204123153351	1204123155577
33	1204132689257	1204132696900
33	1204138406761	1204138410761
33	1204138413889	1204138417392
34	1204113164668	1204113169355
34	1204113171150	1204113180164
34	1204113181272	1204113188841
34	1204113189269	1204113195517
34	1204113196612	1204113198629
34	1204113235493	1204113240162
34	1204114299935	1204114304163
34	1204114304652	1204114307523
34	1204115957844	1204115960830
34	1204115968294	1204115970888
34	1204117299662	1204117302543
34	1204117309618	1204117312929
34	1204118830492	1204118834674
34	1204118841565	1204118845282
34	1204120236139	1204120246226
34	1204122583476	1204122587344
34	1204122587492	1204122591628
34	1204122601189	1204122605173
34	1204122606473	1204122608221
34	1204122612688	1204122616866
34	1204122622638	1204122625772
34	1204122633979	1204122636877
34	1204122637120	1204122639955
34	1204122705319	1204122707704
34	1204122708952	1204122711599
34	1204122739170	1204122743570
34	1204122749258	1204122756354
34	1204122766700	1204122772745
34	1204122868207	1204122875569
34	1204122880690	1204122883544
34	1204123032806	1204123036133
34	1204123059261	1204123062659
34	1204123067412	1204123078281
34	1204123080621	1204123085855
34	1204123086766	1204123093337
34	1204123151794	1204123154727
34	1204132689891	1204132695923
34	1204138407462	1204138410173
34	1204138413608	1204138415952
36	1204113172275	1204113177514
36	1204113182123	1204113185929
36	1204113188250	1204113189408
36	1204113190537	1204113192545
36	1204113236546	1204113238489
36	1204114300189	1204114303959
36	1204115968482	1204115971129
36	1204117309523	1204117312337
36	1204118830768	1204118832529
36	1204118842383	1204118844162
36	1204120236618	1204120238269
36	1204122584115	1204122585884
36	1204122587610	1204122591158
36	1204122602325	1204122603968
36	1204122605507	1204122608866
36	1204122624433	1204122625611
36	1204122637375	1204122640447
36	1204122706712	1204122714560
36	1204122717646	1204122719988
36	1204122720684	1204122723165
36	1204122880176	1204122885283
36	1204123033107	1204123041662
36	1204123052534	1204123053721
36	1204123061947	1204123064231
36	1204123139798	1204123144148
36	1204123150840	1204123157333
37	1204113168401	1204113169197
37	1204113169675	1204113172115
37	1204113199724	1204113210322
37	1204113211456	1204113215635
37	1204113216184	1204113219777
37	1204113221247	1204113225861
37	1204113226143	1204113230694
37	1204113230973	1204113235807
37	1204114302414	1204114306643
37	1204117305602	1204117307873
37	1204117308799	1204117312462
37	1204122615250	1204122619208
37	1204122620408	1204122624646
38	1204113208290	1204113213433
38	1204113218687	1204113223861
38	1204113228326	1204113231518
