1	1200384726775	1200384732218
1	1200390999690	1200391002220
1	1200399092850	1200399094735
1	1200399099683	1200399102172
1	1200399115449	1200399119633
1	1200399133326	1200399135673
1	1200399137903	1200399141147
1	1200399177286	1200399181351
1	1200404576647	1200404588930
1	1200404595459	1200404599979
1	1200404605840	1200404612624
1	1200404619628	1200404624800
1	1200404633742	1200404638733
1	1200404649440	1200404653160
1	1200404803470	1200404805873
1	1200404806391	1200404808633
1	1200404968912	1200404970176
1	1200404971697	1200404978675
1	1200404982459	1200404987314
1	1200405017507	1200405020884
1	1200405021658	1200405031903
1	1200405032446	1200405034778
1	1200405035439	1200405040885
1	1200405053437	1200405055812
1	1200405066240	1200405068305
1	1200405094557	1200405096713
1	1200405107396	1200405113183
1	1200405113429	1200405116525
1	1200405116957	1200405125432
1	1200405152683	1200405162220
1	1200405162358	1200405164640
1	1200405170513	1200405172858
1	1200405445525	1200405449588
1	1200405453699	1200405456167
1	1200405483505	1200405488253
1	1200405488550	1200405494725
1	1200405503921	1200405506746
1	1200405509778	1200405517323
1	1200405519659	1200405521801
1	1200405525190	1200405531678
1	1200405532842	1200405534860
1	1200405537994	1200405540710
1	1200405542113	1200405543381
1	1200405556247	1200405560415
1	1200405562162	1200405565932
1	1200405567821	1200405569891
1	1200405701983	1200405704951
1	1200405714362	1200405722225
1	1200405857900	1200405862939
1	1200405957830	1200405961779
1	1200406239164	1200406239276
1	1200406305525	1200406312569
1	1200406323456	1200406325643
1	1200406343487	1200406354182
1	1200406360863	1200406363796
1	1200413294167	1200413296466
1	1200418341740	1200418343888
1	1200425147988	1200425150120
1	1200427571881	1200427575648
2	1200384724671	1200384728385
2	1200387709280	1200387711438
2	1200388230446	1200388233312
2	1200391037530	1200391039812
2	1200393045478	1200393047715
2	1200394421335	1200394425592
2	1200394503125	1200394505278
2	1200401804818	1200401807846
2	1200401907139	1200401909505
2	1200402824871	1200402826201
2	1200403646517	1200403652366
2	1200403662503	1200403664987
2	1200403713165	1200403715286
2	1200405056881	1200405058102
2	1200405107675	1200405111500
2	1200405999263	1200406002215
2	1200406031996	1200406034162
2	1200406299235	1200406304202
2	1200408507752	1200408511502
2	1200408518616	1200408519945
2	1200408525161	1200408527326
2	1200411592320	1200411594319
2	1200411608183	1200411611898
2	1200413534519	1200413538901
2	1200413544112	1200413546442
2	1200413636710	1200413638600
2	1200418337388	1200418339830
2	1200418342269	1200418344288
2	1200424984243	1200424988404
2	1200425136930	1200425143341
2	1200425153856	1200425156259
2	1200425170855	1200425173195
2	1200425257630	1200425258838
2	1200425269545	1200425270843
2	1200425330860	1200425333484
2	1200425350829	1200425353985
2	1200425373815	1200425375733
2	1200425393329	1200425396693
2	1200425397131	1200425399338
2	1200425458105	1200425460766
2	1200425466901	1200425469943
2	1200425502181	1200425504605
2	1200425510625	1200425514116
2	1200425554743	1200425557732
2	1200425619421	1200425621578
2	1200425707129	1200425709262
2	1200426973904	1200426975849
2	1200427144383	1200427147842
2	1200427211896	1200427214224
2	1200427214966	1200427217208
2	1200427569613	1200427573185
2	1200427596965	1200427599339
2	1200427750442	1200427755188
2	1200427775377	1200427778662
2	1200428349534	1200428352720
2	1200429380230	1200429384319
2	1200432413497	1200432417577
2	1200432421434	1200432424753
2	1200432460687	1200432463708
2	1200432471208	1200432476172
2	1200434482122	1200434484851
2	1200436993483	1200436997356
2	1200437001979	1200437004367
3	1200425398215	1200425407156
3	1200425408542	1200425430307
3	1200425438834	1200425443539
3	1200425445217	1200425454700
3	1200425457780	1200425461280
3	1200426974171	1200426981757
3	1200426989463	1200426991377
3	1200426992160	1200426995310
3	1200427145586	1200427151494
3	1200427212842	1200427216880
3	1200427597717	1200427603722
3	1200436508125	1200436510437
7	1200384730374	1200384740154
7	1200384742369	1200384750977
7	1200384753671	1200384763696
7	1200384767817	1200384777256
7	1200384778265	1200384785920
7	1200384788264	1200384793455
7	1200384804984	1200384813118
7	1200384859475	1200384865577
7	1200385741434	1200385744179
7	1200385744296	1200385746962
7	1200385754915	1200385756765
7	1200385756915	1200385760453
7	1200385763972	1200385769434
7	1200385769565	1200385776675
7	1200385777944	1200385781375
7	1200385828173	1200385840708
7	1200387229473	1200387239193
7	1200387239548	1200387242312
7	1200387242428	1200387255129
7	1200387467993	1200387472487
7	1200387696236	1200387701587
7	1200387704656	1200387710259
7	1200388231775	1200388241737
7	1200388242181	1200388255744
7	1200388279586	1200388282658
7	1200389261924	1200389264289
7	1200389265879	1200389269477
7	1200389654234	1200389656342
7	1200389656917	1200389659572
7	1200390168445	1200390170629
7	1200390254341	1200390256834
7	1200390992461	1200390993683
7	1200390995113	1200391002558
7	1200391009508	1200391014386
7	1200391030427	1200391038664
7	1200391166591	1200391172942
7	1200391371382	1200391373624
7	1200391373775	1200391375994
7	1200391777144	1200391785971
7	1200391840294	1200391843658
7	1200392081380	1200392083486
7	1200392204195	1200392206603
7	1200392290938	1200392296195
7	1200392302659	1200392303962
7	1200392426787	1200392429731
7	1200392543759	1200392545678
7	1200392547122	1200392549836
7	1200392561983	1200392564386
7	1200392565391	1200392568751
7	1200392569813	1200392573844
7	1200392589578	1200392594545
7	1200392598102	1200392601485
7	1200392602285	1200392611616
7	1200392729919	1200392731729
7	1200392736585	1200392739797
7	1200392754905	1200392757811
7	1200392765668	1200392767818
7	1200392770788	1200392773274
7	1200392990953	1200392993349
7	1200392995989	1200392997910
7	1200393001785	1200393003103
7	1200393042444	1200393044910
7	1200393167777	1200393170517
7	1200393173135	1200393180137
7	1200393284735	1200393291291
7	1200393302134	1200393313421
7	1200399929606	1200399939699
7	1200399947204	1200399950791
7	1200400089912	1200400091142
7	1200400255465	1200400259449
7	1200400293134	1200400297248
7	1200400543205	1200400546940
7	1200400547415	1200400550187
7	1200400834881	1200400837418
7	1200401773225	1200401775644
7	1200401776368	1200401782116
7	1200401799484	1200401804154
7	1200401909596	1200401915418
7	1200402440346	1200402443577
7	1200402446428	1200402449209
7	1200402449688	1200402452125
7	1200402813656	1200402815960
7	1200402816682	1200402819185
7	1200402820656	1200402824353
7	1200402999914	1200403002709
7	1200403004506	1200403013564
7	1200403014654	1200403021437
7	1200403024158	1200403029862
7	1200403033317	1200403041302
7	1200403042262	1200403045604
7	1200403047804	1200403050780
7	1200403052810	1200403054121
7	1200403071659	1200403074222
7	1200403076342	1200403078662
7	1200403084285	1200403086999
7	1200403094489	1200403096633
7	1200403098719	1200403118384
7	1200403122929	1200403125330
7	1200403125469	1200403128397
7	1200403139587	1200403142189
7	1200403160654	1200403161953
7	1200403162191	1200403168550
7	1200403186288	1200403189144
7	1200403195465	1200403197926
7	1200403200555	1200403204753
7	1200403230180	1200403232540
7	1200403302918	1200403305532
7	1200403307601	1200403314613
7	1200403316477	1200403319189
7	1200403326235	1200403328322
7	1200403329756	1200403332331
7	1200403339685	1200403341689
7	1200403351417	1200403355336
7	1200403355901	1200403360280
7	1200403361858	1200403370676
7	1200403374409	1200403379625
7	1200403411506	1200403414455
7	1200403489951	1200403492728
7	1200403585647	1200403587970
7	1200403589383	1200403591478
7	1200403591612	1200403596441
7	1200403614882	1200403616936
7	1200403643165	1200403652180
7	1200403714435	1200403724140
7	1200404504407	1200404507801
7	1200404508879	1200404513545
7	1200404792116	1200404795741
7	1200404846500	1200404848815
7	1200404998153	1200404999883
7	1200405004413	1200405006991
7	1200405007587	1200405014239
7	1200405019476	1200405024364
7	1200405117361	1200405126107
7	1200405585311	1200405586781
7	1200405997477	1200406000579
7	1200406034305	1200406039633
7	1200406042522	1200406048317
7	1200406123846	1200406126721
7	1200406164232	1200406165525
7	1200406167212	1200406170252
7	1200406201991	1200406208789
7	1200406263949	1200406273395
7	1200406345642	1200406347954
7	1200406362693	1200406365973
7	1200406377735	1200406379805
7	1200406386326	1200406389547
7	1200406650151	1200406653404
7	1200406685697	1200406688121
7	1200406826580	1200406829396
7	1200406834838	1200406840559
7	1200406844761	1200406845463
7	1200406846429	1200406855834
7	1200406869490	1200406871762
7	1200406878233	1200406881503
7	1200406884497	1200406886869
7	1200407145608	1200407149620
7	1200407188855	1200407190992
7	1200407195192	1200407197635
7	1200407388990	1200407389401
7	1200407421433	1200407425870
7	1200407450986	1200407452354
7	1200407471890	1200407472391
7	1200407473491	1200407476122
7	1200407480429	1200407482557
7	1200407505875	1200407515728
7	1200407531831	1200407540213
7	1200407553930	1200407555389
7	1200407598178	1200407604747
7	1200407903202	1200407906932
7	1200408205464	1200408207483
7	1200408501954	1200408510126
7	1200408520496	1200408526609
7	1200408728521	1200408732790
7	1200409001514	1200409005806
7	1200409126877	1200409136848
7	1200409139930	1200409142469
7	1200409213248	1200409221909
7	1200409266309	1200409271113
7	1200409303224	1200409305658
7	1200409820887	1200409826305
7	1200409843173	1200409845393
7	1200409850310	1200409852926
7	1200409978508	1200409982285
7	1200410366256	1200410368410
7	1200410413932	1200410420573
7	1200410477424	1200410480890
7	1200410753449	1200410758477
7	1200410758669	1200410762106
7	1200410763310	1200410765822
7	1200410767950	1200410769834
7	1200410775902	1200410777844
7	1200410947871	1200410957862
7	1200410959390	1200410962955
7	1200411026824	1200411029121
7	1200411029862	1200411038240
7	1200411080805	1200411083254
7	1200411086974	1200411092410
7	1200411092542	1200411095348
7	1200411114292	1200411116704
7	1200411171602	1200411181583
7	1200411182304	1200411184534
7	1200411278182	1200411280601
7	1200411282273	1200411291511
7	1200411400615	1200411401849
7	1200411562657	1200411565236
7	1200411585672	1200411593979
7	1200411626744	1200411636520
7	1200411641357	1200411650106
7	1200411651362	1200411658442
7	1200411661865	1200411667323
7	1200411695405	1200411696348
7	1200411698842	1200411700806
7	1200412146567	1200412158877
7	1200412308435	1200412313494
7	1200413019710	1200413022488
7	1200413032151	1200413035523
7	1200413035735	1200413038631
7	1200413044887	1200413050104
7	1200413281445	1200413287441
7	1200413291682	1200413297968
7	1200413496322	1200413505311
7	1200413543118	1200413548267
7	1200413554863	1200413557960
7	1200413567668	1200413577674
7	1200413578830	1200413589551
7	1200413589822	1200413597298
7	1200413602453	1200413612885
7	1200413634499	1200413637306
7	1200418340523	1200418343453
7	1200424941955	1200424944822
7	1200424948357	1200424961436
7	1200424962623	1200424965110
7	1200424980101	1200424984945
7	1200425142932	1200425145800
7	1200425151294	1200425158815
7	1200425168666	1200425171489
7	1200425276508	1200425280727
7	1200425283763	1200425287242
7	1200425347713	1200425350201
7	1200425376522	1200425378746
7	1200425387657	1200425391995
7	1200425412214	1200425417136
7	1200425428484	1200425431372
7	1200425546540	1200425549448
7	1200425556537	1200425560360
7	1200425562405	1200425564712
7	1200425617749	1200425620134
7	1200425708840	1200425713634
7	1200425714364	1200425716532
7	1200425751956	1200425755871
7	1200425762371	1200425764257
7	1200425830503	1200425832967
7	1200425836471	1200425840243
7	1200425842805	1200425844867
7	1200425887122	1200425889382
7	1200425896436	1200425900793
7	1200425900931	1200425904445
7	1200425904677	1200425908516
7	1200425908654	1200425913654
7	1200425923541	1200425925931
7	1200425929985	1200425936438
7	1200425936717	1200425947871
7	1200426041557	1200426042785
7	1200426046568	1200426047910
7	1200426179892	1200426182128
7	1200426220554	1200426225602
7	1200426243237	1200426245633
7	1200426256683	1200426258658
7	1200426268365	1200426270370
7	1200426299268	1200426301430
7	1200426304498	1200426305867
7	1200426307597	1200426313110
7	1200426319697	1200426321219
7	1200426329127	1200426331442
7	1200426342718	1200426346894
7	1200426349150	1200426353848
7	1200426370585	1200426372200
7	1200426392784	1200426395108
7	1200426464454	1200426466593
7	1200426513704	1200426514982
7	1200426536184	1200426538279
7	1200426643298	1200426649452
7	1200426653198	1200426655306
7	1200426675326	1200426680575
7	1200426681263	1200426687533
7	1200426688673	1200426695260
7	1200426695798	1200426699515
7	1200426706605	1200426709783
7	1200426719497	1200426724454
7	1200426738376	1200426745396
7	1200426749235	1200426758517
7	1200426772106	1200426779691
7	1200426793450	1200426801220
7	1200426814777	1200426817189
7	1200426831974	1200426834438
7	1200426969425	1200426973772
7	1200427139998	1200427145726
7	1200427217448	1200427222289
7	1200427225207	1200427226521
7	1200427228769	1200427231367
7	1200427238873	1200427240788
7	1200427278882	1200427280903
7	1200427583109	1200427585859
7	1200427589353	1200427601102
7	1200427606266	1200427609171
7	1200427613305	1200427615812
7	1200428328728	1200428330708
7	1200428465268	1200428466494
7	1200428857523	1200428858728
7	1200428859460	1200428874364
7	1200430604725	1200430607148
7	1200430718207	1200430724910
7	1200430725700	1200430732134
7	1200431699389	1200431700250
7	1200431935683	1200431938235
7	1200432356818	1200432361526
7	1200432361943	1200432366512
7	1200432367513	1200432373817
7	1200432402450	1200432404752
7	1200432406120	1200432408666
7	1200432409502	1200432416537
7	1200432424378	1200432430958
7	1200432468371	1200432473536
7	1200434253235	1200434255281
7	1200434256420	1200434258704
7	1200434449130	1200434453542
7	1200434467282	1200434470627
7	1200434472996	1200434475437
7	1200434476145	1200434482592
7	1200434694515	1200434696945
7	1200435509294	1200435512257
7	1200435513819	1200435524242
8	1200384724395	1200384728507
8	1200387708232	1200387712365
8	1200388229908	1200388232607
8	1200391037258	1200391040750
8	1200391164273	1200391168245
8	1200393045436	1200393049547
8	1200393165641	1200393169667
8	1200393312853	1200393316816
8	1200394420543	1200394422923
8	1200394423279	1200394426399
8	1200394500132	1200394507546
8	1200399084898	1200399087584
8	1200399183724	1200399186383
8	1200399919425	1200399922395
8	1200401804458	1200401809105
8	1200401906810	1200401910606
8	1200402823691	1200402828154
8	1200402996659	1200403002442
8	1200403014175	1200403018329
8	1200403648212	1200403654646
8	1200403655337	1200403656678
8	1200403658897	1200403666757
8	1200403712905	1200403716948
8	1200404573981	1200404577524
8	1200405108495	1200405113547
8	1200405175934	1200405178918
8	1200405426942	1200405429668
8	1200405492498	1200405495202
8	1200405720802	1200405724124
8	1200405851274	1200405853987
8	1200405999515	1200406003588
8	1200406021157	1200406025547
8	1200406031604	1200406035486
8	1200406367159	1200406370357
8	1200408507444	1200408512467
8	1200408516727	1200408522431
8	1200408524471	1200408529752
8	1200408726863	1200408730919
8	1200411607647	1200411612275
8	1200413521612	1200413529790
8	1200413531891	1200413538266
8	1200413538421	1200413547558
8	1200413573832	1200413577910
8	1200413581319	1200413586458
8	1200413599154	1200413601839
8	1200413604922	1200413608760
8	1200413625881	1200413634203
8	1200413634437	1200413640718
8	1200413642522	1200413645442
8	1200413647740	1200413652287
8	1200418337611	1200418340148
8	1200418342132	1200418346924
8	1200424936205	1200424940808
8	1200424983887	1200424988530
8	1200425135756	1200425143205
8	1200425148262	1200425156939
8	1200425170586	1200425173833
8	1200425254468	1200425267337
8	1200425267697	1200425273529
8	1200425330578	1200425334418
8	1200425350582	1200425354659
8	1200425373348	1200425378112
8	1200425393761	1200425397699
8	1200425458825	1200425465789
8	1200425466148	1200425470947
8	1200425472914	1200425476424
8	1200425502379	1200425509873
8	1200425510523	1200425517122
8	1200425548912	1200425552497
8	1200425554443	1200425558357
8	1200425619285	1200425621954
8	1200425631984	1200425635829
8	1200425637878	1200425642684
8	1200425706527	1200425710888
8	1200426972845	1200426976808
8	1200427137891	1200427141830
8	1200427144138	1200427148216
8	1200427209395	1200427219301
8	1200427569225	1200427573702
8	1200427749131	1200427756405
8	1200427775122	1200427779566
8	1200428296421	1200428301122
8	1200428305202	1200428307268
8	1200428311513	1200428317559
8	1200428349807	1200428354905
8	1200429360135	1200429366256
8	1200429379798	1200429386757
8	1200432414268	1200432418698
8	1200432420319	1200432424567
8	1200432460736	1200432464620
8	1200432471384	1200432477496
8	1200434251216	1200434255142
8	1200434465182	1200434468797
8	1200434481907	1200434484722
8	1200436992736	1200437005416
9	1200387709409	1200387711315
9	1200388229474	1200388231555
9	1200388676239	1200388682558
9	1200391038413	1200391041976
9	1200391163711	1200391167487
9	1200393165179	1200393167293
9	1200394419218	1200394423415
9	1200394424176	1200394427955
9	1200394499368	1200394501660
9	1200394622853	1200394625221
9	1200394678877	1200394682296
9	1200399184656	1200399186835
9	1200401805552	1200401808650
9	1200401906142	1200401908275
9	1200402825131	1200402826805
9	1200402996875	1200402998320
9	1200403662688	1200403666211
9	1200406020257	1200406022653
9	1200406031136	1200406034550
9	1200406367757	1200406371351
9	1200408515198	1200408519279
9	1200408726203	1200408728401
9	1200411593327	1200411596779
9	1200411607679	1200411609387
9	1200413575492	1200413579961
9	1200413581455	1200413584746
9	1200418336604	1200418339932
9	1200418342796	1200418344983
9	1200424986164	1200424988278
9	1200425134868	1200425139723
9	1200425150494	1200425157103
9	1200425171605	1200425177616
9	1200425269700	1200425274627
9	1200425329866	1200425332634
9	1200425357206	1200425357698
9	1200425367991	1200425376640
9	1200425503290	1200425505485
9	1200425545183	1200425549989
9	1200425552177	1200425560357
9	1200425620200	1200425635339
9	1200425635620	1200425654191
9	1200425656233	1200425658649
9	1200425664162	1200425666664
9	1200425676484	1200425678689
9	1200425684734	1200425693376
9	1200425695957	1200425700359
9	1200425702235	1200425709747
9	1200426978474	1200426982189
9	1200427046311	1200427048571
9	1200427149424	1200427152750
9	1200427153474	1200427161999
9	1200427165850	1200427170236
9	1200427176393	1200427183415
9	1200427568519	1200427570597
9	1200427601240	1200427605594
9	1200427621520	1200427622838
9	1200427686456	1200427688832
9	1200427712556	1200427716810
9	1200427741878	1200427741966
9	1200427920244	1200427922514
9	1200427924593	1200427925904
9	1200427931763	1200427934228
9	1200427942302	1200427947115
9	1200427948696	1200427953328
9	1200427965182	1200427966498
9	1200428153757	1200428156947
9	1200428163906	1200428167799
9	1200428214121	1200428216439
9	1200428238698	1200428244573
9	1200428295754	1200428299944
9	1200428349940	1200428353694
9	1200428356645	1200428358606
9	1200428642210	1200428646638
9	1200428658537	1200428660949
9	1200428676154	1200428683515
9	1200428703466	1200428706603
9	1200428713610	1200428715780
9	1200428717170	1200428719362
9	1200428727446	1200428729829
9	1200428735922	1200428737261
9	1200428862929	1200428865226
9	1200429055125	1200429057536
9	1200429070140	1200429072512
9	1200429181745	1200429186737
9	1200429196780	1200429198988
9	1200429325245	1200429327651
9	1200429330501	1200429333191
9	1200429359271	1200429364791
9	1200429380542	1200429388403
9	1200429618620	1200429620902
9	1200429698822	1200429699368
9	1200429735998	1200429738486
9	1200429739596	1200429742252
9	1200429758746	1200429763438
9	1200429768542	1200429771668
9	1200429816893	1200429819587
9	1200429842226	1200429844278
9	1200429845858	1200429848876
9	1200429854750	1200429857253
9	1200429995371	1200430000267
9	1200430004247	1200430006685
9	1200430070322	1200430072611
9	1200430363422	1200430364676
9	1200430568709	1200430570907
9	1200430579816	1200430582243
9	1200430585120	1200430587377
9	1200430669654	1200430672728
9	1200430916741	1200430920937
9	1200431130912	1200431133133
9	1200431348139	1200431350481
9	1200431443426	1200431445234
9	1200431446418	1200431448768
9	1200431550619	1200431556353
9	1200432415754	1200432425553
9	1200432458987	1200432463578
9	1200432472156	1200432478652
9	1200434250804	1200434252860
9	1200434482758	1200434485180
9	1200434490954	1200434493321
9	1200434496230	1200434497546
9	1200434498230	1200434500395
9	1200434543687	1200434544996
9	1200434564802	1200434567582
9	1200434572786	1200434573329
9	1200434584241	1200434585588
9	1200434593853	1200434597987
9	1200434628918	1200434631584
9	1200434669240	1200434671544
9	1200434671785	1200434674220
9	1200435119922	1200435122413
9	1200435122903	1200435125281
9	1200435345200	1200435347491
9	1200435353220	1200435354542
9	1200435469359	1200435470639
9	1200435565468	1200435567629
9	1200435605432	1200435607716
9	1200435614607	1200435617564
9	1200435899178	1200435901520
9	1200436035420	1200436039549
9	1200436104505	1200436106671
9	1200436456518	1200436458739
9	1200436459221	1200436460346
9	1200436469174	1200436471630
9	1200436472998	1200436475167
9	1200436512903	1200436515187
9	1200436743876	1200436746385
9	1200436994848	1200436996569
9	1200436998504	1200437005713
9	1200437347508	1200437350550
9	1200437489885	1200437492164
10	1200351660125	1200351664617
10	1200351915690	1200351920587
10	1200352085959	1200352088299
10	1200352096822	1200352098421
10	1200352150814	1200352153141
10	1200352154671	1200352156442
10	1200352194407	1200352198671
10	1200352203137	1200352209852
10	1200352210530	1200352212460
10	1200352730939	1200352732856
10	1200352751479	1200352753663
10	1200352790756	1200352792862
10	1200353272746	1200353274145
10	1200353291272	1200353293770
10	1200353299756	1200353300283
10	1200353301494	1200353306303
10	1200353349276	1200353351922
10	1200353905348	1200353908572
10	1200353919357	1200353921995
10	1200353944331	1200353946662
10	1200353947213	1200353950206
10	1200354361549	1200354363438
10	1200354463845	1200354467282
10	1200354468241	1200354470456
10	1200355278438	1200355279696
10	1200355573645	1200355579102
10	1200355591142	1200355593639
10	1200355682832	1200355684425
10	1200355757763	1200355759776
10	1200355760182	1200355763312
10	1200356683437	1200356688171
10	1200356696111	1200356698316
10	1200356893402	1200356895322
10	1200356896475	1200356897279
10	1200356898946	1200356901145
10	1200357124458	1200357125614
10	1200357200351	1200357202757
10	1200357347703	1200357349562
10	1200357385332	1200357387245
10	1200357513207	1200357515472
10	1200358059141	1200358066872
10	1200358073182	1200358075671
10	1200395032670	1200395034700
10	1200395036493	1200395041389
10	1200395042490	1200395049562
10	1200395063518	1200395068585
10	1200395079165	1200395085340
10	1200395251475	1200395256132
10	1200395260325	1200395262123
10	1200395400272	1200395406990
10	1200395585578	1200395587354
10	1200395824901	1200395830519
10	1200395892722	1200395896463
10	1200395990615	1200395992946
10	1200396090420	1200396098625
10	1200396200613	1200396201789
10	1200396239609	1200396241649
10	1200396246936	1200396248850
10	1200396318820	1200396319517
10	1200396382474	1200396384748
10	1200396448887	1200396450993
10	1200396459356	1200396461775
10	1200396482942	1200396485123
10	1200396513273	1200396515149
10	1200396569701	1200396576747
10	1200396680602	1200396686372
10	1200396715636	1200396717804
10	1200396827153	1200396828393
10	1200396927589	1200396929902
10	1200396931970	1200396937416
10	1200396938942	1200396943832
10	1200396953922	1200396958508
10	1200396963855	1200396965596
10	1200397075473	1200397077198
10	1200397089926	1200397094817
10	1200397095161	1200397100954
10	1200397102351	1200397103591
10	1200397107455	1200397109737
10	1200397116133	1200397121364
10	1200397156468	1200397160909
10	1200397176723	1200397178847
10	1200397187384	1200397188602
10	1200397190554	1200397192588
10	1200397195110	1200397197248
10	1200397205561	1200397211233
10	1200397467332	1200397469663
10	1200397508635	1200397510729
10	1200397512885	1200397515582
10	1200398282123	1200398287423
10	1200398289185	1200398293525
10	1200398395101	1200398399205
10	1200398565539	1200398566605
10	1200398657720	1200398661605
10	1200398741666	1200398747870
10	1200398794965	1200398796151
10	1200398830715	1200398836633
10	1200398863976	1200398866372
10	1200398963399	1200398965165
10	1200399623703	1200399624836
10	1200399627924	1200399630234
10	1200399631710	1200399633496
10	1200399816582	1200399818827
10	1200399985635	1200399987549
10	1200400104975	1200400107258
10	1200400227402	1200400233944
10	1200400428575	1200400430799
10	1200400438160	1200400440737
10	1200400627926	1200400629824
10	1200400657832	1200400660342
10	1200400687625	1200400689802
10	1200400699415	1200400701463
10	1200400934464	1200400936879
10	1200401072452	1200401074747
10	1200401207109	1200401208255
10	1200401209400	1200401211599
10	1200401212275	1200401214204
10	1200401309732	1200401310920
10	1200401312940	1200401314648
10	1200401446965	1200401449550
10	1200401452210	1200401456940
10	1200401649464	1200401651662
10	1200401652777	1200401655607
10	1200401813120	1200401817761
10	1200401817945	1200401820129
10	1200401822497	1200401824868
10	1200401945689	1200401950206
10	1200401957304	1200401959637
10	1200402079123	1200402081123
10	1200402083734	1200402086968
10	1200402116916	1200402128670
10	1200402128896	1200402133608
10	1200402175822	1200402178206
10	1200402179531	1200402183131
10	1200407777271	1200407779127
10	1200411745830	1200411747550
10	1200417337663	1200417338576
10	1200425646631	1200425651779
10	1200425653217	1200425657211
10	1200425672514	1200425674722
10	1200425731413	1200425733719
10	1200425734207	1200425739481
10	1200426294155	1200426296260
10	1200426355471	1200426357651
10	1200426358485	1200426360942
10	1200429740830	1200429742431
10	1200429765921	1200429768274
10	1200429958665	1200429960391
10	1200429989958	1200429994169
10	1200430071523	1200430073349
10	1200430093478	1200430094694
10	1200430216782	1200430218731
10	1200430290683	1200430293120
10	1200430336496	1200430337691
10	1200435095526	1200435102958
10	1200435279460	1200435290696
10	1200437040411	1200437047557
10	1200437082898	1200437088337
10	1200437115549	1200437118108
10	1200437357540	1200437364376
11	1200358059522	1200358061777
11	1200358073430	1200358077821
11	1200358088771	1200358097845
11	1200358098865	1200358103800
11	1200395036352	1200395037621
11	1200395064394	1200395066288
11	1200402116941	1200402119694
11	1200402124398	1200402127712
11	1200402127880	1200402134430
11	1200402174850	1200402178508
11	1200407725448	1200407727806
11	1200407776215	1200407779951
11	1200409286407	1200409289133
11	1200409502235	1200409505991
11	1200411578350	1200411582977
11	1200411681168	1200411684724
11	1200411746458	1200411749778
11	1200411971729	1200411975674
11	1200415339554	1200415348837
11	1200415537847	1200415540430
11	1200415541336	1200415543670
11	1200415651322	1200415656582
11	1200415656858	1200415658623
11	1200415673611	1200415676126
11	1200415676848	1200415685699
11	1200415686441	1200415689360
11	1200425643138	1200425648331
11	1200427564819	1200427569487
11	1200429605258	1200429608371
11	1200429741134	1200429744532
11	1200429765708	1200429767708
11	1200429959896	1200429961100
11	1200429989469	1200429994329
11	1200430091786	1200430096639
11	1200430217402	1200430220235
11	1200430291300	1200430293271
13	1200399207451	1200399209394
13	1200399212771	1200399215810
14	1200384722842	1200384726503
14	1200388679625	1200388681808
14	1200393047412	1200393049383
14	1200394313310	1200394316706
14	1200394317322	1200394320911
14	1200394543224	1200394546558
14	1200401905754	1200401907689
14	1200402825653	1200402828289
14	1200403662150	1200403665404
14	1200405493766	1200405495808
14	1200405722841	1200405725183
14	1200406019525	1200406021623
14	1200406022962	1200406025315
14	1200408513907	1200408515273
14	1200408528776	1200408532192
14	1200408725555	1200408727591
14	1200424987210	1200424989440
14	1200425134389	1200425136304
14	1200425146419	1200425148555
14	1200425252745	1200425254976
14	1200425544333	1200425547870
14	1200432474862	1200432477702
14	1200434463942	1200434465943
15	1200387710166	1200387712731
15	1200388228546	1200388230206
15	1200388675973	1200388677247
15	1200388679499	1200388682972
15	1200391039402	1200391041860
15	1200391162774	1200391165925
15	1200393046951	1200393050161
15	1200393163891	1200393166470
15	1200393314816	1200393317118
15	1200394313680	1200394318926
15	1200394417342	1200394420406
15	1200394425966	1200394429600
15	1200394468491	1200394469737
15	1200394498888	1200394500912
15	1200394505882	1200394510222
15	1200394540852	1200394545116
15	1200394576442	1200394583561
15	1200394584511	1200394589977
15	1200394592140	1200394596133
15	1200394619234	1200394623152
15	1200394642305	1200394643604
15	1200394648692	1200394649958
15	1200399082876	1200399085164
15	1200399185842	1200399188252
15	1200401806388	1200401809138
15	1200401905298	1200401907269
15	1200402826329	1200402829898
15	1200402995330	1200402998926
15	1200403663239	1200403669334
15	1200403711693	1200403713943
15	1200404572171	1200404574731
15	1200405178137	1200405179329
15	1200405500827	1200405502731
15	1200405723661	1200405724180
15	1200406001811	1200406005136
15	1200406018546	1200406021749
15	1200406023117	1200406026163
15	1200406030598	1200406033414
15	1200406369642	1200406371220
15	1200408510403	1200408514671
15	1200408529188	1200408531234
15	1200408724829	1200408727711
15	1200409236270	1200409238119
15	1200411594445	1200411598979
15	1200411605545	1200411608722
15	1200413645355	1200413646842
15	1200413650255	1200413653251
15	1200418335737	1200418336927
15	1200418343588	1200418347754
15	1200424934287	1200424936481
15	1200424987632	1200424989906
15	1200425133366	1200425136459
15	1200425146284	1200425148396
15	1200425177375	1200425179356
15	1200425272368	1200425275739
15	1200425325555	1200425327720
15	1200425544181	1200425548218
15	1200425551346	1200425554964
15	1200425629984	1200425632364
15	1200427567364	1200427570215
15	1200432475156	1200432481343
15	1200434249314	1200434252371
15	1200434463317	1200434465809
16	1200358080323	1200358082325
16	1200358101997	1200358104656
16	1200377868950	1200377874354
16	1200377874736	1200377876720
16	1200388674807	1200388676761
16	1200391039928	1200391043307
16	1200391162522	1200391164437
16	1200392015738	1200392018284
16	1200392051376	1200392056566
16	1200392064986	1200392066980
16	1200392075243	1200392080966
16	1200392085584	1200392090312
16	1200392091563	1200392095981
16	1200392105173	1200392109302
16	1200393163627	1200393165451
16	1200394426819	1200394432650
16	1200394438569	1200394442895
16	1200394445759	1200394449829
16	1200394469338	1200394472490
16	1200394482219	1200394489601
16	1200394497189	1200394499914
16	1200394514929	1200394519117
16	1200394526843	1200394528824
16	1200394538294	1200394544239
16	1200394578610	1200394583416
16	1200394586625	1200394598769
16	1200394643485	1200394653677
16	1200394659821	1200394663347
16	1200394663627	1200394665707
16	1200394674867	1200394676166
16	1200395594184	1200395596342
16	1200395596459	1200395599181
16	1200395606865	1200395609413
16	1200395621160	1200395623630
16	1200395625139	1200395629179
16	1200395636694	1200395642535
16	1200395644240	1200395648284
16	1200395696213	1200395698145
16	1200399917453	1200399919703
16	1200401806963	1200401810148
16	1200402995535	1200402997624
16	1200403665128	1200403666928
16	1200405798583	1200405800918
16	1200406029823	1200406031938
16	1200406922207	1200406927379
16	1200411595591	1200411597666
16	1200411605194	1200411608320
16	1200418334941	1200418337684
16	1200418344154	1200418345453
16	1200425272890	1200425274865
16	1200425551992	1200425554162
16	1200425640748	1200425642609
16	1200427567894	1200427570445
16	1200429604169	1200429606363
16	1200429742385	1200429745915
16	1200429764878	1200429768137
16	1200429959990	1200429963125
16	1200429988882	1200429991504
16	1200429992746	1200429994972
16	1200430070562	1200430073829
16	1200430217906	1200430219951
16	1200430292169	1200430338546
16	1200432478199	1200432480536
16	1200434249415	1200434251824
17	1200377709955	1200377713977
17	1200377714954	1200377721849
17	1200377731294	1200377732614
17	1200377732994	1200377738339
17	1200377748536	1200377754574
17	1200377756966	1200377759153
17	1200377845924	1200377847208
17	1200377847560	1200377859485
17	1200377879781	1200377889923
17	1200392051688	1200392052927
17	1200392090907	1200392095472
17	1200394470497	1200394473257
17	1200394480923	1200394484628
17	1200394486521	1200394488985
17	1200394514159	1200394516295
17	1200394525725	1200394530872
17	1200394535212	1200394541972
17	1200395030429	1200395032479
17	1200398569230	1200398573369
17	1200399203811	1200399207156
17	1200399218706	1200399233571
17	1200399546599	1200399548963
17	1200402125378	1200402129610
17	1200402132330	1200402135636
17	1200402173217	1200402177252
17	1200406043943	1200406047507
17	1200406857786	1200406860148
17	1200406880428	1200406882527
17	1200406924670	1200406931511
17	1200406931651	1200406938215
17	1200406949943	1200406955121
17	1200406955735	1200406959257
17	1200406960413	1200406964530
17	1200406968576	1200406972870
17	1200407031974	1200407035720
17	1200407037842	1200407043690
17	1200407062447	1200407068280
17	1200407726442	1200407728588
17	1200407774939	1200407778848
17	1200409275968	1200409278160
17	1200411579916	1200411581922
17	1200411680254	1200411683757
17	1200411747391	1200411750286
17	1200411969952	1200411972411
17	1200415338808	1200415342503
17	1200415688739	1200415693102
17	1200418334415	1200418336471
17	1200429604419	1200429607495
17	1200429741889	1200429746299
17	1200429764655	1200429767205
17	1200429959713	1200429963652
17	1200429988722	1200429992364
17	1200429992527	1200429994834
17	1200430070439	1200430073235
17	1200430089953	1200430092630
17	1200430217752	1200430219776
17	1200430291774	1200430295680
17	1200430334855	1200430338193
18	1200377683686	1200377686524
18	1200377693688	1200377697728
18	1200377751758	1200377780434
18	1200377781558	1200377783726
18	1200377790554	1200377800598
18	1200377803788	1200377821984
18	1200377822699	1200377825116
18	1200377825448	1200377836919
18	1200377838535	1200377849209
18	1200398646614	1200398648469
18	1200398654216	1200398656566
18	1200398669305	1200398671360
18	1200406728555	1200406761814
18	1200406763424	1200406767979
18	1200406769604	1200406773647
18	1200406775597	1200406777731
18	1200406779123	1200406780225
18	1200406780356	1200406782356
18	1200406783870	1200406785775
18	1200406786392	1200406788239
18	1200406801368	1200406811790
18	1200406815567	1200406817503
18	1200406819561	1200406829602
18	1200406830502	1200406840919
18	1200406843281	1200406846563
18	1200406849603	1200406853462
18	1200406928867	1200406933861
18	1200430089603	1200430090678
19	1200391790552	1200391795554
19	1200394390710	1200394393506
19	1200394398240	1200394401811
20	1200388657140	1200388659365
20	1200388661252	1200388666343
20	1200388932497	1200388937136
20	1200388951187	1200388956139
20	1200388957351	1200388964604
20	1200388965456	1200388969566
20	1200388971638	1200388976557
20	1200388983908	1200388986760
20	1200388991683	1200389004542
20	1200389009220	1200389011826
20	1200389014310	1200389018427
20	1200389021617	1200389025235
20	1200389029486	1200389035704
20	1200389035916	1200389039232
20	1200389039425	1200389045417
20	1200389046417	1200389051590
20	1200389051806	1200389054531
20	1200389061321	1200389066932
20	1200389107116	1200389110521
20	1200389117820	1200389123338
20	1200389272976	1200389274969
20	1200389289810	1200389294198
20	1200389561756	1200389564462
20	1200389679862	1200389683130
20	1200389860213	1200389862689
20	1200389864683	1200389869330
20	1200389953476	1200389956186
20	1200389969291	1200389971831
20	1200389981646	1200389983740
20	1200390021210	1200390023772
20	1200390239795	1200390244397
20	1200390246335	1200390255846
20	1200390472165	1200390474286
20	1200390614544	1200390616918
20	1200390762925	1200390765252
20	1200390791500	1200390793702
20	1200390800281	1200390802630
20	1200390838868	1200390853672
20	1200390867666	1200390869619
20	1200390874831	1200390880290
20	1200390894105	1200390896466
20	1200390897734	1200390898998
20	1200390902810	1200390911822
20	1200391008679	1200391014251
20	1200391033234	1200391037781
20	1200391292245	1200391299802
20	1200391422630	1200391424598
20	1200391442689	1200391448301
20	1200391482992	1200391485416
20	1200391505713	1200391509958
20	1200391616442	1200391617663
20	1200391636900	1200391638184
20	1200391668344	1200391670523
20	1200391672625	1200391675514
20	1200391705479	1200391709872
20	1200391715308	1200391717780
20	1200391720773	1200391723395
20	1200391741628	1200391750333
20	1200391761662	1200391765336
20	1200391766385	1200391771392
20	1200391792359	1200391794204
20	1200391797782	1200391802213
20	1200391802720	1200391808739
20	1200392615277	1200392620728
20	1200392886303	1200392888935
20	1200392889858	1200392904447
20	1200392905953	1200392915350
20	1200392916477	1200392922333
20	1200393165771	1200393170985
20	1200393280459	1200393285421
20	1200393299565	1200393303815
20	1200393304702	1200393310443
20	1200393311113	1200393313293
20	1200393315502	1200393318427
20	1200393323466	1200393326237
20	1200393326683	1200393329326
20	1200393343188	1200393345313
20	1200393361412	1200393362319
20	1200393401799	1200393403927
20	1200393731208	1200393733707
20	1200393822237	1200393824674
20	1200393846790	1200393848965
20	1200393849845	1200393851117
20	1200393879592	1200393882196
20	1200393989374	1200393991495
20	1200394004300	1200394006950
20	1200394014797	1200394017469
20	1200394017934	1200394022773
20	1200394038506	1200394039319
20	1200394047559	1200394050621
20	1200394061814	1200394064317
20	1200394065975	1200394068105
20	1200394082156	1200394084350
20	1200394222362	1200394238604
20	1200394239344	1200394241986
20	1200394249420	1200394269867
20	1200394326335	1200394333277
20	1200394351970	1200394354713
20	1200394364407	1200394373204
20	1200394492521	1200394492773
20	1200394498824	1200394501532
20	1200394552935	1200394555604
20	1200394557321	1200394564213
20	1200394600440	1200394605482
20	1200394609472	1200394618398
20	1200395152891	1200395156283
20	1200395163148	1200395165140
20	1200395595464	1200395600595
20	1200395724715	1200395727234
20	1200396649798	1200396653866
20	1200396655909	1200396665648
20	1200396854685	1200396857254
20	1200396857757	1200396861208
20	1200398679796	1200398681114
20	1200398682380	1200398687302
20	1200398832757	1200398834990
20	1200398899263	1200398903142
20	1200398920100	1200398922201
20	1200399004455	1200399006819
20	1200399024817	1200399026878
20	1200399035935	1200399038553
20	1200399218868	1200399224215
20	1200399226187	1200399229123
20	1200399407779	1200399411336
20	1200399514510	1200399519412
20	1200399520104	1200399532820
20	1200404534282	1200404540578
20	1200404541277	1200404550952
20	1200404564503	1200404570825
20	1200405022433	1200405027487
20	1200405041429	1200405043176
20	1200405064808	1200405068639
20	1200405184245	1200405188360
20	1200405206335	1200405211250
20	1200406075526	1200406078389
20	1200406121299	1200406124853
20	1200406144724	1200406151196
20	1200406175185	1200406178590
20	1200406366645	1200406372469
20	1200406396249	1200406402141
20	1200406539553	1200406559388
20	1200406573724	1200406584421
20	1200406588660	1200406591389
20	1200406605630	1200406612131
20	1200407149363	1200407153950
20	1200407158165	1200407162745
20	1200407178962	1200407182839
20	1200407190805	1200407197769
20	1200407198703	1200407209933
20	1200407215489	1200407217582
20	1200407221357	1200407227553
20	1200407237610	1200407248462
20	1200407261261	1200407265403
20	1200407266149	1200407271795
20	1200407310272	1200407314540
20	1200409159963	1200409165515
20	1200409239939	1200409244631
20	1200409278616	1200409290317
20	1200409312719	1200409316253
20	1200409317891	1200409330527
21	1200388656240	1200388658349
21	1200388664562	1200388673687
21	1200388931415	1200388934656
21	1200388935338	1200388938340
21	1200388950359	1200388953427
21	1200388973501	1200388977919
21	1200390239717	1200390242350
21	1200390245665	1200390250318
21	1200390876808	1200390881711
21	1200390891253	1200390895661
21	1200391743955	1200391750731
21	1200391752841	1200391758480
21	1200391759958	1200391761158
21	1200391792553	1200391801312
21	1200391805298	1200391809805
21	1200392614529	1200392617412
21	1200392618370	1200392621572
21	1200392885460	1200392888297
21	1200393167924	1200393171112
21	1200393278708	1200393282145
21	1200394223999	1200394230170
21	1200394238718	1200394244165
21	1200394249621	1200394251279
21	1200394266616	1200394273634
21	1200394319366	1200394323254
21	1200394389106	1200394392428
21	1200394398909	1200394402255
21	1200394545750	1200394549591
21	1200394553364	1200394562847
21	1200394564747	1200394566612
21	1200395596578	1200395602351
21	1200395642401	1200395645971
21	1200395686681	1200395689136
21	1200395724525	1200395731357
21	1200396647438	1200396652509
21	1200396662593	1200396668932
21	1200396831731	1200396836159
21	1200396853193	1200396856729
21	1200396859155	1200396861478
21	1200398667273	1200398670232
21	1200398677255	1200398684270
21	1200398684695	1200398687671
21	1200398816116	1200398819140
21	1200398824716	1200398828950
21	1200399526896	1200399530991
21	1200405208513	1200405212719
21	1200406074118	1200406077698
21	1200406173446	1200406180262
21	1200406365435	1200406368935
21	1200406395494	1200406404390
21	1200406538113	1200406541921
21	1200406555802	1200406561308
21	1200406572360	1200406576312
21	1200406579368	1200406584205
21	1200406607542	1200406611961
21	1200407148195	1200407151649
21	1200407158899	1200407165139
21	1200407177285	1200407181880
21	1200407223968	1200407228753
21	1200407236610	1200407239864
21	1200407242716	1200407248686
21	1200407260565	1200407263396
21	1200407311538	1200407315284
21	1200409158481	1200409167673
21	1200409238284	1200409250353
21	1200409277283	1200409280840
21	1200409286278	1200409292725
21	1200409312151	1200409314261
21	1200409329255	1200409330930
21	1200409601636	1200409602860
21	1200409606573	1200409608757
22	1200388670489	1200388673555
22	1200388930877	1200388933465
22	1200388936290	1200388939823
22	1200388949687	1200388952634
22	1200388974766	1200388977544
22	1200388981481	1200388984432
22	1200390878114	1200390881505
22	1200390890174	1200390893441
22	1200391746369	1200391750204
22	1200391751764	1200391759821
22	1200391806704	1200391809603
22	1200392613640	1200392616300
22	1200392619642	1200392620952
22	1200393168840	1200393171779
22	1200393278321	1200393280864
22	1200394267924	1200394274620
22	1200394310568	1200394315416
22	1200394367295	1200394371567
22	1200394388352	1200394392580
22	1200394400476	1200394403899
22	1200394481702	1200394485450
22	1200395726218	1200395731863
22	1200396637365	1200396652374
22	1200396665118	1200396668561
22	1200396830387	1200396836377
22	1200396852556	1200396855335
22	1200396860832	1200396863774
22	1200398666356	1200398669183
22	1200398685839	1200398688433
22	1200398815344	1200398817949
22	1200399527845	1200399530774
22	1200403664688	1200403666484
22	1200404531961	1200404535343
22	1200405210309	1200405213420
22	1200406073844	1200406075566
22	1200406146594	1200406149614
22	1200406172544	1200406175803
22	1200406176805	1200406179940
22	1200406346210	1200406351669
22	1200406364375	1200406367577
22	1200406371804	1200406375131
22	1200406393658	1200406397535
22	1200406400692	1200406404273
22	1200406519563	1200406521232
22	1200406537659	1200406540457
22	1200406557706	1200406562706
22	1200406571614	1200406574619
22	1200406608377	1200406612676
22	1200406829139	1200406832981
22	1200407146545	1200407150220
22	1200407162187	1200407164733
22	1200407176988	1200407178266
22	1200407225379	1200407228371
22	1200407235751	1200407238256
22	1200407244713	1200407250850
22	1200407312674	1200407314900
22	1200409157526	1200409160291
22	1200409165378	1200409169304
22	1200409175695	1200409176789
22	1200409188405	1200409194149
22	1200409202191	1200409209279
22	1200409211398	1200409221783
22	1200409233771	1200409237851
22	1200409247319	1200409252335
22	1200409253160	1200409254457
22	1200409264817	1200409268240
22	1200409269303	1200409271994
22	1200409272149	1200409280692
22	1200409289309	1200409292936
22	1200409300825	1200409306264
22	1200409330255	1200409332827
22	1200409601223	1200409602532
22	1200425251683	1200425254777
22	1200425514284	1200425516511
22	1200425542805	1200425547498
23	1200388653848	1200388656228
23	1200388671233	1200388674464
23	1200388681238	1200388685276
23	1200388930807	1200388932369
23	1200388937258	1200388939714
23	1200388948677	1200388951365
23	1200390879230	1200390882917
23	1200390888902	1200390892125
23	1200391748435	1200391753453
23	1200392612866	1200392615584
23	1200393048975	1200393052580
23	1200393169543	1200393172376
23	1200393277237	1200393280147
23	1200394235859	1200394239967
23	1200394268516	1200394270534
23	1200394271249	1200394276366
23	1200394507898	1200394511899
23	1200394597500	1200394601818
23	1200394617866	1200394620921
23	1200394653309	1200394661561
23	1200395727312	1200395734599
23	1200395835569	1200395838866
23	1200395848697	1200395853138
23	1200395853746	1200395856106
23	1200395871225	1200395872509
23	1200395881762	1200395930665
23	1200395932544	1200395937940
23	1200395941121	1200395946589
23	1200395948451	1200395949744
23	1200395954380	1200395972282
23	1200395973274	1200395977318
23	1200395981648	1200395986128
23	1200395988662	1200395996151
23	1200395999869	1200396009116
23	1200396010714	1200396040291
23	1200396044857	1200396126833
23	1200396129431	1200396164345
23	1200396164808	1200396169463
23	1200396171972	1200396173425
23	1200396174646	1200396186765
23	1200396188691	1200396192289
23	1200396194371	1200396197633
23	1200396215386	1200396220160
23	1200396233330	1200396238996
23	1200396241384	1200396243751
23	1200396308535	1200396310595
23	1200396329770	1200396331738
23	1200396389565	1200396391651
23	1200396465653	1200396468166
23	1200396579404	1200396587891
23	1200396633477	1200396638905
23	1200396666225	1200396670804
23	1200396829438	1200396832420
23	1200396839344	1200396843674
23	1200396844402	1200396846526
23	1200396851213	1200396851246
23	1200396862630	1200396865491
23	1200398665281	1200398668185
23	1200398686465	1200398689957
23	1200398814596	1200398816944
23	1200399528828	1200399531624
23	1200401904205	1200401907406
23	1200404531147	1200404534475
23	1200405210986	1200405215487
23	1200405494706	1200405496973
23	1200405728781	1200405735496
23	1200405738960	1200405743984
23	1200405753636	1200405756493
23	1200405757509	1200405763154
23	1200405775162	1200405778512
23	1200405848856	1200405850764
23	1200406002333	1200406006480
23	1200406016733	1200406020670
23	1200406024179	1200406026553
23	1200406028983	1200406032364
23	1200406072849	1200406075174
23	1200406147258	1200406150632
23	1200406171809	1200406174835
23	1200406177453	1200406180883
23	1200406345336	1200406348458
23	1200406349148	1200406353684
23	1200406362951	1200406366852
23	1200406375408	1200406378557
23	1200406382842	1200406387581
23	1200406392699	1200406397841
23	1200406401917	1200406405891
23	1200406465933	1200406470858
23	1200406475870	1200406497177
23	1200406497717	1200406504715
23	1200406505936	1200406512649
23	1200406516264	1200406526759
23	1200406529104	1200406531487
23	1200406536287	1200406539110
23	1200406559260	1200406566987
23	1200406568801	1200406573162
23	1200406609425	1200406612559
23	1200406798631	1200406801503
23	1200407080701	1200407083842
23	1200407091726	1200407100301
23	1200407102692	1200407105310
23	1200407125573	1200407129556
23	1200407130228	1200407134986
23	1200407137742	1200407147863
23	1200407163775	1200407180240
23	1200407226609	1200407230665
23	1200407234125	1200407237151
23	1200407247324	1200407250652
23	1200407313401	1200407317731
23	1200408530738	1200408535396
23	1200408723754	1200408727378
23	1200409155827	1200409159250
23	1200409290859	1200409295838
23	1200409296677	1200409302528
23	1200409304598	1200409307885
23	1200409331383	1200409333385
23	1200409608195	1200409610407
23	1200411604345	1200411606278
23	1200411968404	1200411971811
23	1200424989717	1200424990936
23	1200425132190	1200425135339
23	1200425144261	1200425146847
23	1200425178408	1200425180583
23	1200425324728	1200425326109
24	1200377707341	1200377711502
24	1200377857351	1200377861657
24	1200377862887	1200377868380
24	1200384720117	1200384723132
24	1200387712482	1200387714543
24	1200388226332	1200388228330
24	1200388674304	1200388676503
24	1200390880427	1200390883190
24	1200390887826	1200390889954
24	1200391041306	1200391044816
24	1200391161581	1200391163740
24	1200391991635	1200391995697
24	1200392008419	1200392010462
24	1200392036939	1200392038273
24	1200392056321	1200392059228
24	1200392063400	1200392064622
24	1200392080158	1200392082840
24	1200392107424	1200392109971
24	1200392256544	1200392258528
24	1200392261401	1200392263808
24	1200392320765	1200392322716
24	1200392882974	1200392884749
24	1200393050230	1200393052927
24	1200393161753	1200393165501
24	1200393317301	1200393320100
24	1200394218274	1200394220507
24	1200394234745	1200394238334
24	1200394324339	1200394328327
24	1200394413611	1200394416312
24	1200394431698	1200394437723
24	1200394494805	1200394497594
24	1200394512322	1200394516415
24	1200394517445	1200394521862
24	1200395585905	1200395589598
24	1200395713697	1200395717755
24	1200395731243	1200395735342
24	1200395817408	1200395821342
24	1200395829715	1200395834641
24	1200398565865	1200398569515
24	1200398607617	1200398611973
24	1200399187944	1200399189217
24	1200399202432	1200399204375
24	1200399233190	1200399235815
24	1200399547607	1200399550789
24	1200399915898	1200399918163
24	1200401808386	1200401811426
24	1200402172128	1200402174567
24	1200402827736	1200402830888
24	1200402993566	1200402996846
24	1200403666648	1200403669910
24	1200403710653	1200403712523
24	1200404530341	1200404532225
24	1200405179702	1200405182457
24	1200405213290	1200405217686
24	1200405232217	1200405236892
24	1200405273179	1200405275445
24	1200405288786	1200405313328
24	1200405315242	1200405317975
24	1200405318895	1200405323959
24	1200405329682	1200405330920
24	1200405331586	1200405338275
24	1200405341127	1200405359169
24	1200405362221	1200405370926
24	1200405373702	1200405375708
24	1200405376486	1200405389765
24	1200405397852	1200405399138
24	1200405407840	1200405412971
24	1200405413433	1200405442166
24	1200405443948	1200405452701
24	1200405458730	1200405460769
24	1200405471259	1200405475695
24	1200405476185	1200405481443
24	1200405482701	1200405485141
24	1200405486235	1200405492629
24	1200405493294	1200405500555
24	1200405501639	1200405504103
24	1200405507636	1200405513362
24	1200405514114	1200405520515
24	1200405522529	1200405536879
24	1200405546341	1200405555980
24	1200405556792	1200405560277
24	1200405564182	1200405568563
24	1200405570418	1200405579703
24	1200405580415	1200405586896
24	1200405588236	1200405590507
24	1200405593193	1200405603249
24	1200405609629	1200405615733
24	1200405619251	1200405632888
24	1200405640256	1200405646814
24	1200405651171	1200405657629
24	1200405667707	1200405672842
24	1200405681675	1200405701335
24	1200405701739	1200405729331
24	1200405744292	1200405746798
24	1200405753443	1200405755281
24	1200405775303	1200405777378
24	1200405790963	1200405793102
24	1200405800666	1200405801902
24	1200405802256	1200405804296
24	1200405847895	1200405854353
24	1200405855467	1200405858152
24	1200405858786	1200405867646
24	1200405869922	1200405876893
24	1200405880362	1200405884449
24	1200405888174	1200405892407
24	1200405900737	1200405911383
24	1200405921240	1200405924770
24	1200405925687	1200405932501
24	1200405933315	1200405935484
24	1200405943614	1200405948266
24	1200406025113	1200406028313
24	1200406036623	1200406039926
24	1200406046528	1200406050992
24	1200406052329	1200406056227
24	1200406068647	1200406074366
24	1200406170921	1200406174701
24	1200406351522	1200406355448
24	1200406357690	1200406362357
24	1200406371370	1200406373770
24	1200406405285	1200406409583
24	1200406421121	1200406423964
24	1200406719260	1200406723637
24	1200406792110	1200406801176
24	1200407070618	1200407074408
24	1200407077217	1200407079990
24	1200407139387	1200407140587
24	1200407228873	1200407230787
24	1200407232940	1200407235585
24	1200407250778	1200407256254
24	1200408722684	1200408725877
24	1200409127147	1200409132507
24	1200409138723	1200409140555
24	1200409154294	1200409157395
24	1200409268775	1200409272362
24	1200411597401	1200411600615
24	1200411603189	1200411605321
24	1200413648213	1200413650416
24	1200417341550	1200417343559
24	1200418333681	1200418336532
24	1200418345314	1200418348332
24	1200422655547	1200422660505
24	1200422818222	1200422822828
24	1200422929237	1200422930419
24	1200422930924	1200422932733
24	1200422955859	1200422960715
24	1200423062922	1200423068445
24	1200423080652	1200423085140
24	1200423100352	1200423105772
24	1200423157548	1200423170141
24	1200424931261	1200424933687
24	1200424990826	1200424993137
24	1200425115830	1200425117768
24	1200425179502	1200425181874
24	1200425278457	1200425280536
24	1200425323595	1200425325679
24	1200425553555	1200425556167
24	1200425627775	1200425630538
24	1200429603804	1200429605957
24	1200429743745	1200429746683
24	1200429763854	1200429766969
24	1200429960653	1200429964174
24	1200429987746	1200429990711
24	1200429993466	1200429995518
24	1200430069706	1200430072731
24	1200430292804	1200430295434
24	1200432477934	1200432482604
24	1200434246789	1200434249669
24	1200434461289	1200434463502
25	1200377667436	1200377671324
25	1200377681581	1200377683550
25	1200377697244	1200377699308
25	1200377857951	1200377861426
25	1200377891314	1200377893880
25	1200388225677	1200388227502
25	1200391991180	1200391993779
25	1200392255683	1200392258398
25	1200392262317	1200392264940
25	1200392319777	1200392321899
25	1200394217231	1200394219696
25	1200394223238	1200394225272
25	1200394412398	1200394416755
25	1200394488445	1200394492247
25	1200394493809	1200394497931
25	1200394518159	1200394521815
25	1200394523792	1200394527452
25	1200394529990	1200394536944
25	1200395029103	1200395032312
25	1200398565124	1200398567107
25	1200398643707	1200398648763
25	1200398691707	1200398697446
25	1200399548155	1200399551977
25	1200402133354	1200402136826
25	1200405213959	1200405216989
25	1200405232566	1200405235985
25	1200405290842	1200405293275
25	1200405300278	1200405302435
25	1200405302884	1200405305887
25	1200405363611	1200405364310
25	1200405365265	1200405368164
25	1200405383113	1200405386684
25	1200405436977	1200405437690
25	1200405694899	1200405700206
25	1200406036157	1200406039794
25	1200406720946	1200406729676
25	1200406734771	1200406740555
25	1200406747118	1200406776741
25	1200406790299	1200406795931
25	1200406884305	1200406885525
25	1200406917468	1200406922511
25	1200406923483	1200406926391
25	1200406935812	1200406943194
25	1200406966562	1200406971758
25	1200406984315	1200406990205
25	1200406990793	1200407000130
25	1200407000377	1200407003114
25	1200407007528	1200407012824
25	1200407013605	1200407017516
25	1200407020259	1200407022769
25	1200407024165	1200407026807
25	1200407030661	1200407032976
25	1200407035596	1200407037716
25	1200407065250	1200407069866
25	1200407071348	1200407075752
25	1200407076266	1200407081293
25	1200407727543	1200407730162
25	1200409505103	1200409508109
25	1200411679140	1200411681301
25	1200411748466	1200411751633
25	1200414994949	1200414999660
25	1200415118465	1200415123271
25	1200415337162	1200415341117
25	1200415689868	1200415693715
25	1200423158384	1200423160234
25	1200425279159	1200425281662
25	1200429744600	1200429747817
25	1200429987915	1200429989131
25	1200429993890	1200429996774
25	1200430069375	1200430072851
25	1200430087643	1200430092118
25	1200430218864	1200430222450
25	1200430293526	1200430296663
25	1200430333406	1200430336917
25	1200434246259	1200434247965
26	1200377668224	1200377669394
26	1200377674676	1200377683278
26	1200377895763	1200377900668
26	1200392246585	1200392248668
26	1200392253863	1200392255986
26	1200392256147	1200392257378
26	1200392263448	1200392265181
26	1200392266544	1200392268453
26	1200393749745	1200393751690
26	1200394211204	1200394211457
26	1200394223768	1200394229634
26	1200406724733	1200406727523
26	1200407072562	1200407080254
27	1200394276501	1200394279946
27	1200394308800	1200394313560
27	1200394368719	1200394370747
27	1200394387610	1200394391156
27	1200394401259	1200394404611
27	1200394443681	1200394448621
27	1200394456596	1200394461144
27	1200394480310	1200394483412
27	1200394606550	1200394610537
27	1200394615767	1200394619275
27	1200395849762	1200395854826
27	1200395855532	1200395858687
27	1200395858936	1200395861537
27	1200395888990	1200395891832
27	1200396408491	1200396410666
27	1200396834554	1200396841182
27	1200409122676	1200409122927
27	1200409131787	1200409133169
27	1200409133263	1200409141760
27	1200409218492	1200409223319
27	1200409231943	1200409236280
27	1200411582223	1200411585550
27	1200411607837	1200411610238
27	1200411967844	1200411969504
27	1200415193691	1200415196821
27	1200415294601	1200415296740
27	1200425233801	1200425235608
27	1200425250534	1200425253829
27	1200425541647	1200425548351
28	1200388928821	1200388932863
28	1200388976828	1200388985716
28	1200391997896	1200392004849
28	1200392257878	1200392262874
28	1200394219361	1200394221594
28	1200394269277	1200394280840
28	1200394445877	1200394449259
28	1200394455586	1200394460215
28	1200395833515	1200395839266
28	1200395848557	1200395861935
28	1200395869341	1200395875938
28	1200395881582	1200395890626
28	1200395890882	1200395894281
28	1200395982303	1200395987210
28	1200395987400	1200395994210
28	1200395998126	1200396006500
28	1200396100570	1200396101827
28	1200396195262	1200396199872
28	1200396213787	1200396218800
28	1200396219336	1200396222447
28	1200396232297	1200396236879
28	1200396240928	1200396245703
28	1200396266407	1200396269278
28	1200396277300	1200396279211
28	1200396279661	1200396281779
28	1200396297180	1200396299184
28	1200396343912	1200396345864
28	1200396347375	1200396349386
28	1200396350747	1200396356295
28	1200396361296	1200396363430
28	1200396364100	1200396369658
28	1200396370434	1200396373629
28	1200396378121	1200396382633
28	1200396387437	1200396392135
28	1200396405526	1200396407491
28	1200396408193	1200396413118
28	1200396419290	1200396423681
28	1200396446895	1200396455463
28	1200396463119	1200396468818
28	1200396510626	1200396519744
28	1200396548280	1200396556398
28	1200396566487	1200396570347
28	1200396579586	1200396585274
28	1200396586291	1200396589846
28	1200396590814	1200396600294
28	1200396600748	1200396604634
28	1200396608712	1200396612524
28	1200396616219	1200396622210
28	1200396628110	1200396638755
28	1200396667949	1200396671996
28	1200396696188	1200396700754
28	1200396829183	1200396830881
28	1200398813398	1200398817380
28	1200406148308	1200406150178
28	1200406385444	1200406388143
28	1200406392185	1200406396866
28	1200406510800	1200406513506
28	1200406612795	1200406617627
28	1200406701799	1200406712331
28	1200407141137	1200407142917
28	1200409112746	1200409114607
28	1200409141886	1200409144756
28	1200409211525	1200409214232
28	1200409242306	1200409244930
28	1200411581670	1200411585221
28	1200411608588	1200411611448
28	1200411960200	1200411962517
28	1200415192837	1200415195908
28	1200415294952	1200415298262
28	1200425024151	1200425028215
28	1200425233108	1200425235995
29	1200377704559	1200377706445
29	1200377862247	1200377863455
29	1200377901440	1200377903561
29	1200384719403	1200384720603
29	1200388925367	1200388927605
29	1200391994178	1200391998649
29	1200392060268	1200392063969
29	1200394218552	1200394224431
29	1200394233677	1200394235719
29	1200394448377	1200394450391
29	1200394454810	1200394457968
29	1200396698388	1200396705946
29	1200396765162	1200396768892
29	1200396825767	1200396830683
29	1200396960545	1200396962637
29	1200396986990	1200396989203
29	1200397040628	1200397044535
29	1200398807133	1200398809927
29	1200402169467	1200402174708
29	1200405936770	1200405940114
29	1200406003950	1200406007578
29	1200406010219	1200406013748
29	1200406014440	1200406018853
29	1200406026680	1200406029586
29	1200406149223	1200406151970
29	1200406170367	1200406171998
29	1200406428211	1200406429406
29	1200406436627	1200406441734
29	1200408533358	1200408535114
29	1200408721880	1200408723586
29	1200409111216	1200409113111
29	1200409137462	1200409142143
29	1200409144196	1200409145480
29	1200409146172	1200409150558
29	1200409152999	1200409155251
29	1200409243615	1200409247563
29	1200411601987	1200411604622
29	1200411958924	1200411961683
29	1200415191681	1200415194311
29	1200415296434	1200415299531
29	1200421883541	1200421886162
29	1200421888266	1200421891267
29	1200421916227	1200421921115
29	1200421975486	1200421980287
29	1200422001312	1200422005656
29	1200422008717	1200422016571
29	1200422094730	1200422101697
29	1200422109287	1200422114606
29	1200422131862	1200422144116
29	1200422196544	1200422199127
29	1200422224758	1200422229818
29	1200422234169	1200422236837
29	1200422257113	1200422262819
29	1200422263543	1200422265641
29	1200422272243	1200422274356
29	1200422357871	1200422360553
29	1200422416637	1200422421326
29	1200423116789	1200423120395
29	1200424995727	1200425000192
29	1200425010301	1200425014121
29	1200425022378	1200425026389
29	1200425117888	1200425119951
29	1200425120646	1200425126207
29	1200425129763	1200425132693
29	1200425140842	1200425146122
29	1200425232740	1200425234117
30	1200377860204	1200377863917
30	1200377902986	1200377906338
30	1200384719216	1200384722524
30	1200385827909	1200385830371
30	1200388225185	1200388227901
30	1200388651570	1200388654145
30	1200388683226	1200388685868
30	1200388923725	1200388926392
30	1200390881433	1200390884843
30	1200390886323	1200390890341
30	1200391042586	1200391045708
30	1200391159677	1200391162183
30	1200391809333	1200391812791
30	1200391983645	1200391986767
30	1200392058212	1200392063278
30	1200392162189	1200392165559
30	1200392315270	1200392321388
30	1200392323260	1200392325500
30	1200392611239	1200392614333
30	1200392622428	1200392625545
30	1200392881913	1200392885333
30	1200393051472	1200393054837
30	1200393160156	1200393164272
30	1200393171576	1200393174831
30	1200393275496	1200393277857
30	1200394326671	1200394329451
30	1200394449429	1200394457114
30	1200394692642	1200394693834
30	1200395567147	1200395571343
30	1200395715430	1200395718701
30	1200397043483	1200397045652
30	1200397139527	1200397141889
30	1200397167294	1200397169174
30	1200398611324	1200398614932
30	1200398616148	1200398620684
30	1200398622189	1200398627864
30	1200398663389	1200398666274
30	1200398688221	1200398690213
30	1200398693648	1200398697605
30	1200398806439	1200398808995
30	1200399079411	1200399081704
30	1200399189529	1200399191804
30	1200399201168	1200399203123
30	1200399548709	1200399550561
30	1200399914714	1200399917211
30	1200401809756	1200401813279
30	1200401902241	1200401905615
30	1200402168739	1200402172411
30	1200402829638	1200402832368
30	1200402992658	1200402995702
30	1200403667956	1200403671965
30	1200403709368	1200403712675
30	1200404529423	1200404532921
30	1200404568659	1200404571249
30	1200405180708	1200405183791
30	1200405266290	1200405272455
30	1200405422727	1200405424472
30	1200405496456	1200405501451
30	1200405727121	1200405730720
30	1200405846983	1200405849252
30	1200405948842	1200405951747
30	1200406026112	1200406029402
30	1200406034910	1200406039103
30	1200406149896	1200406157214
30	1200406166798	1200406175670
30	1200406180102	1200406184375
30	1200406184649	1200406198228
30	1200406205959	1200406213354
30	1200406219458	1200406221457
30	1200406225613	1200406238178
30	1200406239495	1200406243256
30	1200406343345	1200406347480
30	1200406372336	1200406374359
30	1200406426243	1200406431127
30	1200406434163	1200406438551
30	1200406720371	1200406723770
30	1200407229143	1200407235707
30	1200407316244	1200407319998
30	1200407331221	1200407335794
30	1200407343872	1200407347110
30	1200407771312	1200407775785
30	1200408534116	1200408537186
30	1200408721455	1200408725459
30	1200409106860	1200409110183
30	1200409125335	1200409128716
30	1200409152799	1200409156665
30	1200409334151	1200409337503
30	1200409346202	1200409348610
30	1200409376638	1200409382424
30	1200409598336	1200409600754
30	1200411599129	1200411604765
30	1200411610767	1200411612811
30	1200411958407	1200411961189
30	1200413517827	1200413651537
30	1200415155438	1200415157416
30	1200415190386	1200415194490
30	1200415297811	1200415301626
30	1200415690810	1200415693583
30	1200418346466	1200418349838
30	1200421882289	1200421884636
30	1200421889671	1200421892936
30	1200421915303	1200421919260
30	1200423118216	1200423121252
30	1200423155258	1200423160306
30	1200423167151	1200423169202
30	1200424991633	1200424997968
30	1200425028549	1200425031773
30	1200425114212	1200425117332
30	1200425180804	1200425182512
30	1200425322737	1200425324989
30	1200425554579	1200425558121
30	1200425626893	1200425628959
30	1200429602761	1200429604671
30	1200429744835	1200429747663
30	1200429763167	1200429765570
30	1200429961769	1200429964719
30	1200429986810	1200429989610
30	1200429994484	1200429996941
30	1200430068873	1200430071303
30	1200430086458	1200430089470
30	1200430219629	1200430221372
30	1200430294147	1200430297254
30	1200432479354	1200432484567
30	1200434460410	1200434462346
31	1200358111155	1200358114798
31	1200377615893	1200377620909
31	1200377621942	1200377628157
31	1200377914389	1200377916190
31	1200380845638	1200380847884
31	1200380849218	1200380859547
31	1200380881688	1200380885324
31	1200380967785	1200380973887
31	1200380992348	1200380998188
31	1200381009371	1200381011221
31	1200381246822	1200381253619
31	1200381449245	1200381451347
31	1200381454578	1200381461593
31	1200382212368	1200382214312
31	1200384717261	1200384721482
31	1200385825673	1200385829512
31	1200386175726	1200386183312
31	1200386623634	1200386627238
31	1200386730480	1200386734820
31	1200386792821	1200386795579
31	1200387714891	1200387719877
31	1200388223570	1200388226198
31	1200388650570	1200388652857
31	1200388684264	1200388692520
31	1200388922565	1200388925182
31	1200390235755	1200390237431
31	1200390284467	1200390288275
31	1200391044512	1200391048592
31	1200391158647	1200391161197
31	1200391811105	1200391814167
31	1200391956360	1200391958348
31	1200391970802	1200391973286
31	1200392015943	1200392024657
31	1200392029196	1200392030554
31	1200392035580	1200392037568
31	1200392037700	1200392042340
31	1200392049256	1200392053311
31	1200392111646	1200392116563
31	1200392122926	1200392127977
31	1200392159287	1200392162498
31	1200392311837	1200392317290
31	1200392324106	1200392328277
31	1200392610235	1200392612515
31	1200392623777	1200392626704
31	1200392880966	1200392883235
31	1200393052307	1200393055211
31	1200393158836	1200393161626
31	1200393172526	1200393177949
31	1200393273883	1200393276896
31	1200393319941	1200393322127
31	1200394219834	1200394229758
31	1200394352666	1200394358709
31	1200394408440	1200394415150
31	1200394451732	1200394453644
31	1200394491394	1200394495649
31	1200394520823	1200394522953
31	1200394693648	1200394695890
31	1200395026526	1200395029868
31	1200395564551	1200395568209
31	1200395717297	1200395724785
31	1200397045759	1200397049898
31	1200397059566	1200397060866
31	1200397061922	1200397063981
31	1200397095879	1200397098872
31	1200397117230	1200397117959
31	1200397134221	1200397136574
31	1200397201519	1200397206263
31	1200397206534	1200397210111
31	1200397214879	1200397219111
31	1200397224549	1200397226709
31	1200398562111	1200398565402
31	1200398662315	1200398664851
31	1200398689602	1200398693455
31	1200398714999	1200398720437
31	1200398803361	1200398808109
31	1200398833915	1200398840524
31	1200398841985	1200398843306
31	1200398847571	1200398851416
31	1200399078137	1200399080147
31	1200399192633	1200399196347
31	1200399199552	1200399201898
31	1200399236333	1200399239601
31	1200399549968	1200399555183
31	1200399913429	1200399916171
31	1200401810850	1200401813902
31	1200401901244	1200401903818
31	1200402135182	1200402137680
31	1200402167165	1200402170266
31	1200402830102	1200402833148
31	1200402990489	1200402994665
31	1200403708465	1200403710709
31	1200404527810	1200404530633
31	1200404567289	1200404570163
31	1200405181657	1200405184593
31	1200405421685	1200405423350
31	1200405728531	1200405731789
31	1200405845739	1200405847530
31	1200406154640	1200406160219
31	1200406164608	1200406169502
31	1200406241562	1200406245847
31	1200406341829	1200406344850
31	1200406373212	1200406376557
31	1200406703544	1200406709325
31	1200406970258	1200406972994
31	1200406976333	1200406978587
31	1200406980253	1200406982519
31	1200407069608	1200407073160
31	1200407317770	1200407320124
31	1200407326449	1200407331584
31	1200407345176	1200407347390
31	1200407728933	1200407731691
31	1200407765724	1200407768686
31	1200408535729	1200408538844
31	1200408719727	1200408722514
31	1200409104766	1200409107801
31	1200409123274	1200409126293
31	1200409399237	1200409403206
31	1200409506752	1200409516877
31	1200409597819	1200409599645
31	1200409619521	1200409621380
31	1200411611147	1200411613239
31	1200411677617	1200411679825
31	1200411749912	1200411752386
31	1200411957510	1200411959884
31	1200413271285	1200413274556
31	1200413290934	1200413293441
31	1200413651751	1200413656740
31	1200414945503	1200414949178
31	1200414949443	1200414952935
31	1200415735623	1200415737903
31	1200417998259	1200418001889
31	1200418347451	1200418352410
31	1200419094371	1200419096261
31	1200420286211	1200420290296
31	1200420369268	1200420371649
31	1200420634627	1200420644730
31	1200421637703	1200421641693
31	1200421881510	1200421883209
31	1200423127294	1200423131139
31	1200423154410	1200423157788
31	1200423354183	1200423355926
31	1200423363871	1200423367635
31	1200424926541	1200424929813
31	1200425111450	1200425115922
31	1200425229547	1200425232551
31	1200425283575	1200425287970
31	1200425288182	1200425289486
31	1200425319417	1200425325403
31	1200425555869	1200425560905
31	1200425625339	1200425628314
31	1200429567577	1200429569516
31	1200429609283	1200429611699
31	1200430294808	1200430296894
31	1200430331527	1200430334332
31	1200430349997	1200430351949
31	1200430352199	1200430353673
31	1200434233479	1200434239106
31	1200434242440	1200434248904
31	1200434456525	1200434463415
32	1200377624749	1200377628322
32	1200380846462	1200380852231
32	1200380853737	1200380857527
32	1200380858751	1200380863462
32	1200380881499	1200380884425
32	1200380970404	1200380972245
32	1200380991470	1200380994501
32	1200381010808	1200381012497
32	1200381246217	1200381248722
32	1200381453760	1200381457116
32	1200381459640	1200381461908
32	1200384794484	1200384797951
32	1200385827229	1200385833589
32	1200386175537	1200386177546
32	1200386624514	1200386627826
32	1200386731698	1200386734606
32	1200386783209	1200386795882
32	1200390284624	1200390285826
32	1200390885371	1200390889350
32	1200391043814	1200391047178
32	1200391957481	1200391959689
32	1200391969256	1200391976593
32	1200391977580	1200391983831
32	1200392001924	1200392008216
32	1200392014580	1200392020939
32	1200392022249	1200392026595
32	1200392027691	1200392030205
32	1200392160596	1200392163861
32	1200392164821	1200392166839
32	1200392242344	1200392244156
32	1200392313915	1200392317609
32	1200394230528	1200394234497
32	1200394327913	1200394330749
32	1200394352473	1200394354854
32	1200394410384	1200394412611
32	1200395717171	1200395718924
32	1200399551561	1200399555423
32	1200405949751	1200405952705
32	1200406031866	1200406036490
32	1200406205463	1200406207702
32	1200406242434	1200406243391
32	1200407230409	1200407232461
32	1200407767192	1200407769170
32	1200409349852	1200409353100
32	1200409373975	1200409377919
32	1200409381260	1200409384629
32	1200409391584	1200409395293
32	1200413272388	1200413276571
32	1200413290479	1200413292196
32	1200414950419	1200414953321
32	1200414992802	1200414995973
32	1200415121667	1200415125370
32	1200415299848	1200415303121
32	1200415335192	1200415339944
32	1200415735903	1200415739174
32	1200417997404	1200418000684
32	1200418330191	1200418332461
32	1200419094833	1200419097848
32	1200420285920	1200420287921
32	1200420369392	1200420373830
32	1200420634320	1200420636970
32	1200420641334	1200420644292
32	1200421621918	1200421626265
32	1200421630306	1200421632882
32	1200421890670	1200421893752
32	1200421896554	1200421900296
32	1200421914353	1200421918107
32	1200423119415	1200423122831
32	1200423126655	1200423129926
32	1200423354638	1200423356650
32	1200423363743	1200423366830
32	1200429567882	1200429569100
32	1200429601746	1200429603892
32	1200429745505	1200429748931
32	1200429762422	1200429766544
32	1200429962571	1200429964593
32	1200429986260	1200429990110
32	1200429995121	1200429997106
32	1200430068601	1200430070839
32	1200430085348	1200430089310
32	1200430259371	1200430264902
32	1200430272626	1200430278697
33	1200394277582	1200394281614
33	1200394305937	1200394309766
33	1200394368887	1200394372996
33	1200394386548	1200394389674
33	1200394401993	1200394404880
33	1200394442457	1200394445355
33	1200394458666	1200394463202
33	1200394478849	1200394482802
33	1200394607940	1200394611224
33	1200394614278	1200394617247
33	1200396835325	1200396839602
33	1200409218231	1200409225174
33	1200409227237	1200409233637
33	1200409239620	1200409242575
33	1200411583295	1200411589986
33	1200411606617	1200411609836
33	1200411961403	1200411964616
33	1200411965628	1200411969635
33	1200415195529	1200415198887
33	1200415292306	1200415296571
33	1200425234627	1200425237596
33	1200425249493	1200425252321
33	1200425516372	1200425519132
33	1200425540549	1200425543975
34	1200394278616	1200394280906
34	1200394281148	1200394284597
34	1200394304713	1200394309369
34	1200394369832	1200394372787
34	1200394386626	1200394388177
34	1200394402519	1200394404745
34	1200394441458	1200394444576
34	1200394460827	1200394464648
34	1200394478158	1200394481972
34	1200394609179	1200394612253
34	1200394612963	1200394616487
34	1200409219503	1200409221351
34	1200409221527	1200409225773
34	1200409227657	1200409232994
34	1200409239375	1200409241119
34	1200411586255	1200411595879
34	1200411598695	1200411609146
34	1200411963379	1200411964101
34	1200411965408	1200411967997
34	1200415291929	1200415294817
34	1200425235728	1200425238368
34	1200425248553	1200425251318
34	1200425517264	1200425520588
34	1200425539863	1200425543841
36	1200394281337	1200394283485
36	1200394305171	1200394308202
36	1200394369972	1200394371769
36	1200394385730	1200394389234
36	1200394402859	1200394406153
36	1200394440903	1200394444723
36	1200394609455	1200394611890
36	1200409222195	1200409224203
36	1200409226893	1200409231699
36	1200411587305	1200411588848
36	1200415196268	1200415198214
36	1200415291466	1200415294461
36	1200425236115	1200425239788
36	1200425249193	1200425250796
36	1200425517664	1200425519794
36	1200425539441	1200425543559
37	1200394304457	1200394306237
37	1200394370941	1200394372610
37	1200394384827	1200394388505
37	1200394404481	1200394409648
37	1200394414586	1200394418233
37	1200394439153	1200394443137
37	1200394475539	1200394480375
37	1200409225325	1200409227951
37	1200415208600	1200415212557
37	1200415219711	1200415226932
37	1200415263702	1200415267984
37	1200415270706	1200415274904
37	1200415290525	1200415293725
37	1200425237215	1200425240911
37	1200425247761	1200425251310
37	1200425518712	1200425522378
37	1200425526684	1200425530768
37	1200425534291	1200425542485
