1	1202099571464	1202099575301
1	1202113186355	1202113188553
1	1202125562510	1202125579938
1	1202125581874	1202125586749
1	1202125587293	1202125593414
1	1202125599941	1202125607382
1	1202125615974	1202125623149
1	1202125623719	1202125627835
1	1202125631837	1202125638357
1	1202125643915	1202125646428
1	1202125647253	1202125649560
1	1202125650660	1202125656957
1	1202125657995	1202125662755
1	1202125726949	1202125730415
1	1202125861111	1202125863721
1	1202125865165	1202125866475
1	1202125877267	1202125879950
1	1202125882688	1202125885704
1	1202125894439	1202125896303
1	1202125905458	1202125905569
1	1202125907801	1202125910329
1	1202125915124	1202125917702
1	1202125938725	1202125942293
1	1202125952655	1202125959802
1	1202125985899	1202125990615
1	1202125991162	1202125996926
1	1202125997691	1202126002171
1	1202126003269	1202126005397
1	1202126005799	1202126008703
1	1202126047630	1202126054630
1	1202126067160	1202126071299
1	1202126077465	1202126080757
1	1202126092177	1202126094580
1	1202126101807	1202126104240
1	1202126104820	1202126107121
1	1202126109628	1202126111794
1	1202126112577	1202126114795
1	1202126214400	1202126216477
1	1202126228348	1202126230554
1	1202126272512	1202126274730
1	1202126276848	1202126279665
1	1202126320942	1202126323502
1	1202126377785	1202126380220
1	1202126439403	1202126444590
1	1202126466732	1202126471128
1	1202126472227	1202126485353
1	1202126494987	1202126497794
1	1202126501527	1202126505423
1	1202126508878	1202126513552
1	1202126547284	1202126550437
1	1202126551459	1202126552880
1	1202126555729	1202126558421
1	1202126590382	1202126594220
1	1202126595731	1202126597957
1	1202126599138	1202126603935
1	1202126612135	1202126621437
1	1202126681544	1202126686654
1	1202132452260	1202132458110
1	1202132460636	1202132461914
1	1202132467649	1202132470317
1	1202132491608	1202132494135
1	1202132494761	1202132497417
1	1202132498805	1202132501517
1	1202132510775	1202132512157
1	1202132512807	1202132516653
1	1202132567754	1202132578503
1	1202132582496	1202132593674
1	1202132593914	1202132596762
1	1202132597424	1202132601262
1	1202132610900	1202132614593
1	1202132617767	1202132620666
1	1202132622354	1202132625156
1	1202132633880	1202132635599
1	1202132648182	1202132650266
1	1202132658532	1202132662401
1	1202132667898	1202132670963
1	1202132686432	1202132690637
1	1202132695148	1202132697957
1	1202132720408	1202132724357
1	1202132742635	1202132745128
1	1202132745266	1202132747984
1	1202132749773	1202132751981
1	1202132753674	1202132755699
1	1202132756945	1202132759333
1	1202132789421	1202132794149
1	1202132795788	1202132798196
1	1202132800142	1202132802672
1	1202132803776	1202132806747
1	1202132809526	1202132811692
1	1202132818743	1202132826258
1	1202132826548	1202132835314
1	1202132851354	1202132856224
1	1202132856778	1202132860711
1	1202132877954	1202132884936
1	1202132885213	1202132890693
1	1202132890849	1202132893228
1	1202132897215	1202132898479
1	1202132902454	1202132903771
1	1202132916513	1202132918481
1	1202132925998	1202132929569
1	1202132933312	1202132937391
1	1202133027283	1202133028523
1	1202133077706	1202133084572
1	1202133106233	1202133112357
1	1202133115220	1202133117788
1	1202133120338	1202133123619
1	1202133130785	1202133133460
1	1202133134641	1202133136163
1	1202133177891	1202133179124
1	1202133182390	1202133190215
1	1202133253265	1202133255614
1	1202133268641	1202133280114
1	1202133381577	1202133382782
1	1202133385213	1202133388246
1	1202133494809	1202133497851
1	1202133519124	1202133521294
1	1202133522554	1202133528224
1	1202133613946	1202133616147
1	1202133647379	1202133658342
1	1202133659341	1202133661622
1	1202133803987	1202133805200
1	1202133990566	1202133991744
1	1202134043461	1202134045587
1	1202134046155	1202134048947
1	1202134072494	1202134074868
1	1202134075530	1202134077833
1	1202134207134	1202134211911
1	1202134248567	1202134257903
1	1202134262662	1202134265836
1	1202134341984	1202134344107
1	1202134344619	1202134347442
1	1202134350809	1202134353894
1	1202134358928	1202134364438
1	1202134411393	1202134416690
1	1202134455396	1202134456662
1	1202134458372	1202134460473
1	1202134537569	1202134541742
1	1202134559212	1202134569300
1	1202134576437	1202134582809
1	1202134588410	1202134593564
1	1202134614739	1202134616376
1	1202134636474	1202134638746
1	1202134723186	1202134726562
1	1202134781649	1202134782862
1	1202134828146	1202134832430
1	1202134883996	1202134890278
1	1202135130484	1202135133877
1	1202135134553	1202135139481
1	1202135159920	1202135166198
1	1202135185501	1202135189422
1	1202135198516	1202135209909
1	1202135210355	1202135212739
1	1202135215577	1202135219868
1	1202135222947	1202135226524
1	1202135234364	1202135236748
1	1202135287705	1202135291560
1	1202135308316	1202135310951
1	1202135311608	1202135314139
1	1202135510196	1202135514826
1	1202135542177	1202135544873
1	1202135545831	1202135549523
1	1202135558344	1202135563775
1	1202135585928	1202135587943
1	1202135589645	1202135594102
1	1202135595720	1202135598404
1	1202135598807	1202135605493
1	1202135626263	1202135628370
1	1202135629660	1202135630939
1	1202135634619	1202135639465
1	1202135642867	1202135644171
1	1202135644982	1202135647545
1	1202135648381	1202135651978
1	1202135687510	1202135692745
1	1202135722682	1202135727117
1	1202135753325	1202135758974
1	1202135778783	1202135782598
1	1202135810184	1202135815723
1	1202135832369	1202135837441
1	1202135847279	1202135853401
1	1202135876500	1202135881550
1	1202135904500	1202135910145
1	1202136004909	1202136006583
1	1202136008235	1202136014416
1	1202137029123	1202137033535
1	1202137036936	1202137041682
1	1202137049338	1202137051775
1	1202137057686	1202137060155
1	1202137062429	1202137066867
1	1202137104965	1202137110805
1	1202137120809	1202137125701
1	1202137132328	1202137133592
1	1202137147985	1202137150643
1	1202137166298	1202137169247
1	1202137221297	1202137223756
1	1202137227886	1202137236473
1	1202137237243	1202137242239
1	1202137245207	1202137247647
1	1202138545245	1202138548658
1	1202150462125	1202150464970
1	1202158525994	1202158529660
2	1202099561515	1202099566195
2	1202099573624	1202099583259
2	1202099661693	1202099664667
2	1202099667739	1202099670243
2	1202113184559	1202113187936
2	1202113764369	1202113766298
2	1202113766518	1202113768376
2	1202113769650	1202113772119
2	1202120693279	1202120695434
2	1202123869284	1202123870847
2	1202132449472	1202132450901
2	1202132566407	1202132568365
2	1202132888131	1202132890385
2	1202132974449	1202132976777
2	1202133082159	1202133084138
2	1202133350755	1202133354471
2	1202133948657	1202133954442
2	1202133958279	1202133960564
2	1202136012906	1202136015170
2	1202137023605	1202137024916
2	1202137246767	1202137248909
2	1202138563675	1202138565711
2	1202138649376	1202138652646
2	1202138733838	1202138736531
2	1202138881995	1202138884476
2	1202138887813	1202138898107
2	1202138899106	1202138901391
2	1202138923877	1202138926175
2	1202138944666	1202138948901
2	1202140018871	1202140020894
2	1202140029464	1202140032736
2	1202141710361	1202141713782
2	1202141795981	1202141797340
2	1202141806287	1202141808525
2	1202148975197	1202148978740
2	1202148987238	1202148995262
2	1202149142213	1202149144258
2	1202149144797	1202149147266
2	1202149147989	1202149152403
2	1202149166355	1202149168670
2	1202149172670	1202149175121
2	1202149180953	1202149185502
2	1202149189219	1202149191364
2	1202149191477	1202149194735
2	1202149207684	1202149210217
2	1202149211425	1202149215289
2	1202149218356	1202149220458
2	1202149285420	1202149292806
2	1202149295606	1202149299700
2	1202149308445	1202149310696
2	1202149457880	1202149460919
2	1202149592256	1202149595771
2	1202149635664	1202149637663
2	1202149643398	1202149646974
2	1202149662684	1202149665117
2	1202149670779	1202149673590
2	1202149677206	1202149680554
2	1202149707988	1202149713485
2	1202149715816	1202149718120
2	1202149723179	1202149726184
2	1202149726636	1202149729171
2	1202149729390	1202149735288
2	1202149737536	1202149742224
2	1202149752889	1202149761843
2	1202149776364	1202149784195
2	1202149887456	1202149898509
2	1202150217270	1202150218460
2	1202150255768	1202150257130
2	1202150258299	1202150260970
2	1202150494830	1202150498868
2	1202150508707	1202150510780
2	1202150722405	1202150726307
2	1202151245189	1202151255906
2	1202151261856	1202151264703
2	1202151309938	1202151314407
2	1202151323861	1202151330685
2	1202151419776	1202151425704
2	1202151439600	1202151445506
2	1202151470805	1202151475117
2	1202151576125	1202151578656
2	1202151628232	1202151629517
2	1202151656779	1202151661143
2	1202151747518	1202151756383
2	1202151758374	1202151763140
2	1202151767621	1202151769672
2	1202151857835	1202151861415
2	1202151909984	1202151917191
2	1202151918977	1202151924191
2	1202151939532	1202151943800
2	1202151952767	1202151954896
2	1202151973616	1202151977406
2	1202151979151	1202151981958
2	1202152002864	1202152006360
2	1202152138264	1202152143619
2	1202152153970	1202152156792
2	1202152162226	1202152163842
2	1202152295760	1202152298340
2	1202152652250	1202152655977
2	1202152658662	1202152661241
2	1202152665386	1202152669527
2	1202152686731	1202152693726
2	1202152713733	1202152718663
2	1202152721391	1202152727792
2	1202152881345	1202152886276
2	1202152987605	1202152992564
2	1202152994148	1202152996692
2	1202153029488	1202153032208
2	1202153056125	1202153061200
2	1202153165224	1202153168483
2	1202153231957	1202153234606
2	1202153259605	1202153261723
2	1202153307145	1202153309819
2	1202153374509	1202153377212
2	1202153578109	1202153580771
2	1202153704163	1202153708244
2	1202153709311	1202153711915
2	1202153956557	1202153958625
2	1202154085904	1202154090340
2	1202154385371	1202154387631
2	1202154389191	1202154395621
2	1202154399454	1202154401347
2	1202154405961	1202154409890
2	1202154457477	1202154459816
2	1202154513732	1202154515518
2	1202154600497	1202154602883
2	1202154612497	1202154614942
2	1202154630521	1202154633963
2	1202154719774	1202154722130
2	1202154722267	1202154725650
2	1202154727542	1202154729650
2	1202154793404	1202154796334
2	1202154807407	1202154809725
2	1202155034434	1202155035647
2	1202155037143	1202155040435
2	1202155267242	1202155271787
2	1202155374601	1202155375837
2	1202155602212	1202155609888
2	1202155874261	1202155880787
2	1202155890283	1202155894785
2	1202156183915	1202156185977
2	1202156186212	1202156187532
2	1202156188999	1202156191514
2	1202156620960	1202156624310
2	1202156841845	1202156844766
2	1202156855791	1202156857811
2	1202156884137	1202156886533
2	1202156889619	1202156892293
2	1202156970570	1202156973687
2	1202157052234	1202157057287
2	1202157190107	1202157191320
2	1202157233818	1202157236258
2	1202157238232	1202157240492
2	1202157266442	1202157268577
2	1202157382120	1202157386608
2	1202157510764	1202157513204
2	1202157513802	1202157516638
2	1202157545307	1202157548669
2	1202157570231	1202157573478
2	1202157581810	1202157583946
2	1202157584412	1202157587937
2	1202157604909	1202157606187
2	1202157631827	1202157634541
2	1202157680961	1202157681354
2	1202157746242	1202157750445
2	1202157821649	1202157825888
2	1202157835394	1202157837423
2	1202157847328	1202157851240
2	1202157853385	1202157855920
2	1202158227157	1202158229208
2	1202158272266	1202158276938
2	1202158344745	1202158348967
2	1202158382609	1202158387220
2	1202158442387	1202158444605
2	1202158470751	1202158472946
2	1202158520704	1202158524272
2	1202158528934	1202158531946
2	1202158543561	1202158547231
2	1202158559759	1202158566999
2	1202158595454	1202158598734
2	1202158671968	1202158673657
2	1202158701375	1202158714424
2	1202158716209	1202158720447
2	1202158885548	1202158888283
2	1202158889364	1202158891482
2	1202158937905	1202158940294
2	1202158952369	1202158954602
2	1202159007577	1202159008847
2	1202159124764	1202159126282
2	1202159126803	1202159129695
2	1202159136458	1202159138770
2	1202159164199	1202159168731
2	1202159170252	1202159173257
2	1202159175260	1202159178225
2	1202159184144	1202159186827
2	1202159196535	1202159204120
2	1202159227465	1202159233737
2	1202159236266	1202159244336
2	1202159245420	1202159249690
2	1202159716406	1202159718284
2	1202159720249	1202159726495
2	1202159808186	1202159810914
2	1202160029150	1202160031208
2	1202160061689	1202160063743
2	1202160325607	1202160335256
2	1202160337495	1202160339861
2	1202160677696	1202160680260
2	1202160695112	1202160697678
2	1202160765346	1202160768854
2	1202161084579	1202161087966
2	1202161155185	1202161157831
2	1202161450538	1202161454605
2	1202161550104	1202161551350
2	1202161702898	1202161705374
2	1202161775158	1202161778164
2	1202161778984	1202161781863
2	1202161979562	1202161981673
2	1202162108207	1202162110298
2	1202162150461	1202162152872
2	1202162417455	1202162419398
2	1202162596867	1202162599867
2	1202162625630	1202162628133
2	1202162638818	1202162641774
2	1202162684768	1202162689954
2	1202162704242	1202162709285
2	1202162714652	1202162717701
2	1202162742133	1202162745770
2	1202162758226	1202162760352
2	1202162786712	1202162789299
2	1202162790269	1202162793846
2	1202162795810	1202162797829
2	1202162798954	1202162800742
2	1202162852240	1202162856613
2	1202162963667	1202162968944
2	1202162969240	1202162971785
2	1202163017268	1202163022671
2	1202163160970	1202163165691
2	1202163171385	1202163175473
2	1202163191277	1202163193679
2	1202163207340	1202163209907
2	1202163242495	1202163244707
2	1202163252314	1202163255474
2	1202163262709	1202163263356
2	1202163263938	1202163266678
2	1202163279823	1202163281115
2	1202163300478	1202163302892
2	1202163399505	1202163406658
2	1202163444144	1202163447415
2	1202163448308	1202163450952
2	1202163451199	1202163453683
2	1202163517535	1202163520291
2	1202163602676	1202163605160
2	1202163662374	1202163664942
2	1202163701812	1202163701867
2	1202163715411	1202163717403
2	1202163823942	1202163826203
2	1202164067232	1202164069248
2	1202164131479	1202164135143
2	1202164139685	1202164140990
2	1202164176521	1202164178684
2	1202164184623	1202164186598
2	1202164214164	1202164219521
2	1202164222563	1202164223864
2	1202164284884	1202164286442
2	1202164451341	1202164454190
2	1202164461504	1202164464535
2	1202164537359	1202164540247
2	1202164553867	1202164557293
2	1202164598973	1202164600927
2	1202164716552	1202164718850
2	1202164730140	1202164731997
2	1202164737237	1202164742591
2	1202164976185	1202164978407
2	1202165220896	1202165223690
2	1202165232356	1202165236173
2	1202165491655	1202165493774
2	1202165507352	1202165510768
2	1202165537538	1202165548747
2	1202165660867	1202165661872
2	1202165662440	1202165667452
2	1202165770677	1202165771906
2	1202165855282	1202165855870
2	1202165926593	1202165930196
2	1202165939682	1202165941896
2	1202165949755	1202165955312
2	1202165965431	1202165973499
2	1202165974516	1202165976792
2	1202165978518	1202165979676
2	1202165988663	1202165992233
3	1202099577436	1202099581139
3	1202138897226	1202138899172
3	1202138900691	1202138905580
3	1202148947702	1202149136221
3	1202149141282	1202149152267
3	1202149154796	1202149158896
3	1202149160178	1202149162444
3	1202149162657	1202149169314
3	1202149172810	1202149187310
3	1202149451748	1202149455704
3	1202149456394	1202149460777
3	1202149635290	1202149641959
3	1202149642666	1202149648377
3	1202149662308	1202149664499
3	1202149666659	1202149672538
3	1202149678126	1202149681849
3	1202149686956	1202149689291
3	1202149706886	1202149709291
3	1202149713647	1202149715676
3	1202149725388	1202149729677
3	1202149730374	1202149735163
3	1202149739604	1202149741922
3	1202152715280	1202152720583
3	1202152720924	1202152727266
3	1202152737945	1202152739989
3	1202152741723	1202152743979
3	1202152859876	1202152864153
3	1202152878671	1202152881110
3	1202152881731	1202152883780
3	1202152884296	1202152888736
3	1202152897449	1202152901865
3	1202152944921	1202152947307
3	1202152948597	1202152952519
3	1202152979968	1202152982677
3	1202152983800	1202152992679
3	1202153272710	1202153274939
3	1202153633268	1202153635269
3	1202155181215	1202155183237
3	1202155440399	1202155442546
3	1202155599432	1202155601568
3	1202155873179	1202155877224
3	1202156552679	1202156553969
3	1202158177114	1202158179374
3	1202159159199	1202159168516
3	1202159169482	1202159191568
3	1202159196840	1202159209496
3	1202159235775	1202159240485
3	1202159716124	1202159718683
3	1202159718712	1202159723863
3	1202160041164	1202160043682
3	1202163298277	1202163299463
3	1202163536905	1202163538935
3	1202164975931	1202164980140
3	1202164980400	1202164982503
3	1202165035275	1202165037469
3	1202165926985	1202165929425
7	1202099567455	1202099569550
7	1202099569962	1202099574531
7	1202113191248	1202113194791
7	1202113216515	1202113226125
7	1202113227329	1202113260805
7	1202113276359	1202113280878
7	1202113286684	1202113289220
7	1202113293205	1202113296169
7	1202113302527	1202113305987
7	1202113306462	1202113309258
7	1202113309976	1202113316266
7	1202113323204	1202113325292
7	1202113326895	1202113328369
7	1202113331572	1202113337388
7	1202113374131	1202113376970
7	1202113414126	1202113416562
7	1202113742978	1202113757265
7	1202113759304	1202113761933
7	1202113765530	1202113771110
7	1202116225509	1202116228743
7	1202116228923	1202116231519
7	1202116233483	1202116235998
7	1202116240536	1202116242604
7	1202116244222	1202116246615
7	1202116279107	1202116285969
7	1202116287697	1202116297817
7	1202116309591	1202116310896
7	1202116311248	1202116322329
7	1202116325445	1202116329756
7	1202118184692	1202118189304
7	1202119220123	1202119224116
7	1202119236473	1202119239775
7	1202119388965	1202119390782
7	1202119391693	1202119394516
7	1202119484475	1202119488708
7	1202119730723	1202119732849
7	1202119822941	1202119825372
7	1202119953785	1202119957334
7	1202119957520	1202119962708
7	1202119981533	1202119983900
7	1202120691270	1202120695164
7	1202120806110	1202120810525
7	1202121719207	1202121721515
7	1202121974545	1202121981925
7	1202121983574	1202121984916
7	1202121986211	1202121988997
7	1202123392387	1202123396230
7	1202123396765	1202123403954
7	1202123404938	1202123409421
7	1202123620452	1202123622440
7	1202123623728	1202123626239
7	1202123633289	1202123638711
7	1202123865488	1202123870216
7	1202123879258	1202123881422
7	1202132883222	1202132887121
7	1202132977126	1202132980908
7	1202133047440	1202133052628
7	1202133076277	1202133077589
7	1202133081694	1202133083943
7	1202133354274	1202133357601
7	1202133419537	1202133424787
7	1202133425112	1202133432125
7	1202133930850	1202133936313
7	1202133938863	1202133943783
7	1202133946598	1202133951765
7	1202133951924	1202133960996
7	1202138395281	1202138402931
7	1202138428986	1202138437908
7	1202138459403	1202138463795
7	1202138468361	1202138470803
7	1202138471423	1202138475325
7	1202138476705	1202138478944
7	1202138479397	1202138486235
7	1202138489813	1202138493704
7	1202138500352	1202138503965
7	1202138506135	1202138510111
7	1202138536813	1202138547845
7	1202138559835	1202138564505
7	1202138650584	1202138654450
7	1202138678418	1202138687219
7	1202138688388	1202138690517
7	1202138732739	1202138736891
7	1202138949624	1202138955949
7	1202139309578	1202139315237
7	1202139733907	1202139740130
7	1202140005225	1202140012157
7	1202140031661	1202140037323
7	1202140038596	1202140039908
7	1202140040396	1202140045243
7	1202140050630	1202140056943
7	1202140059952	1202140064983
7	1202141627350	1202141638500
7	1202141639721	1202141645432
7	1202141680767	1202141682925
7	1202141706782	1202141712214
7	1202141796982	1202141800807
7	1202141825570	1202141830485
7	1202141830803	1202141832992
7	1202142085266	1202142088500
7	1202142247256	1202142264501
7	1202142267668	1202142277127
7	1202142278709	1202142289475
7	1202148970919	1202148973178
7	1202148974889	1202148978260
7	1202148982846	1202148984206
7	1202148986526	1202148990886
7	1202148992146	1202148994878
7	1202149001730	1202149013970
7	1202149019505	1202149024283
7	1202149027888	1202149033944
7	1202149109997	1202149112189
7	1202149119369	1202149123500
7	1202149216703	1202149224648
7	1202149226819	1202149229604
7	1202149231317	1202149234637
7	1202149238771	1202149244100
7	1202149244521	1202149245837
7	1202149247929	1202149252637
7	1202149272287	1202149274645
7	1202149281491	1202149285686
7	1202149310836	1202149313379
7	1202149314371	1202149317287
7	1202149326245	1202149329124
7	1202149431573	1202149435233
7	1202149435635	1202149438203
7	1202149438897	1202149441657
7	1202149459933	1202149467444
7	1202149593885	1202149596702
7	1202149599370	1202149601250
7	1202149602146	1202149604369
7	1202149605494	1202149606820
7	1202149607884	1202149609558
7	1202149616431	1202149616977
7	1202149630223	1202149633845
7	1202149717160	1202149720146
7	1202149721596	1202149724139
7	1202149873516	1202149877720
7	1202149967895	1202149975432
7	1202150252234	1202150253982
7	1202150368166	1202150374227
7	1202150454863	1202150461819
7	1202150462404	1202150470836
7	1202151239258	1202151241207
7	1202151241327	1202151245457
7	1202154515644	1202154535527
7	1202154826254	1202154828393
7	1202155852733	1202155855392
7	1202155859450	1202155863258
7	1202155968332	1202155970706
7	1202155972166	1202155975300
7	1202155976289	1202155981841
7	1202156961333	1202156963933
7	1202157035795	1202157040385
7	1202157226876	1202157228799
7	1202157229671	1202157233126
7	1202157280978	1202157283126
7	1202157285964	1202157289175
7	1202157289527	1202157291760
7	1202157292555	1202157299312
7	1202157303339	1202157306887
7	1202157309966	1202157312855
7	1202158291934	1202158294151
7	1202158294957	1202158296266
7	1202158297271	1202158306148
7	1202158515185	1202158519303
7	1202158521619	1202158524114
7	1202158524420	1202158531349
7	1202158544926	1202158547743
7	1202159110500	1202159112857
7	1202159217931	1202159220215
7	1202159223153	1202159226615
7	1202159724343	1202159728507
7	1202159965169	1202159969627
7	1202160216113	1202160218767
7	1202161538995	1202161544653
7	1202161874234	1202161885518
7	1202162685355	1202162688984
7	1202162718899	1202162720204
7	1202162720318	1202162723888
7	1202162958397	1202162961385
7	1202162961897	1202162963936
7	1202162969795	1202162972746
7	1202163392210	1202163394370
7	1202163396378	1202163400209
7	1202163497453	1202163498703
7	1202163656717	1202163659181
7	1202164014730	1202164017240
7	1202164357718	1202164359608
7	1202164367571	1202164369666
7	1202164551648	1202164554988
7	1202164601520	1202164607139
7	1202164810806	1202164812244
7	1202164817120	1202164819584
7	1202165554760	1202165567742
7	1202165571586	1202165575186
7	1202165593860	1202165598726
7	1202165948818	1202165950284
8	1202099560979	1202099568127
8	1202099573847	1202099583812
8	1202099661848	1202099665350
8	1202099666979	1202099670379
8	1202113184218	1202113187669
8	1202113202251	1202113207213
8	1202113736413	1202113740584
8	1202113754253	1202113758204
8	1202113763962	1202113769454
8	1202116223451	1202116227681
8	1202116232591	1202116236204
8	1202116311314	1202116314787
8	1202118180468	1202118183640
8	1202118186221	1202118190707
8	1202119218595	1202119222431
8	1202120692961	1202120697425
8	1202120804211	1202120808110
8	1202123858707	1202123868866
8	1202123869279	1202123871195
8	1202123871747	1202123873746
8	1202123881560	1202123885690
8	1202125559762	1202125561736
8	1202126686148	1202126690261
8	1202132448731	1202132451483
8	1202132515317	1202132519524
8	1202132565975	1202132569576
8	1202132875197	1202132877156
8	1202132885677	1202132890103
8	1202132973273	1202132978494
8	1202133081915	1202133085117
8	1202133103503	1202133107499
8	1202133334864	1202133338650
8	1202133349935	1202133354991
8	1202133936376	1202133942718
8	1202133958724	1202133962775
8	1202136012598	1202136016753
8	1202137022626	1202137025942
8	1202137246613	1202137249661
8	1202138393165	1202138399385
8	1202138400190	1202138402335
8	1202138548533	1202138551937
8	1202138563106	1202138567934
8	1202138649206	1202138653264
8	1202138695735	1202138697136
8	1202138698109	1202138703125
8	1202138705167	1202138707212
8	1202138717324	1202138721163
8	1202138731427	1202138738291
8	1202138879813	1202138885167
8	1202138889701	1202138891683
8	1202138924655	1202138927992
8	1202138933785	1202138938983
8	1202138944415	1202138952460
8	1202140018602	1202140023462
8	1202140029104	1202140033380
8	1202141710613	1202141714558
8	1202141795224	1202141799178
8	1202141805871	1202141808879
8	1202141823524	1202141827512
8	1202142286101	1202142289311
8	1202148963345	1202148968934
8	1202148969479	1202148981485
8	1202148992808	1202148996414
8	1202149007427	1202149009509
8	1202149009897	1202149012490
8	1202149051341	1202149053300
8	1202149121562	1202149125858
8	1202149214753	1202149218484
8	1202149250984	1202149254733
8	1202149306664	1202149312475
8	1202149328457	1202149332382
8	1202149429426	1202149434102
8	1202149440908	1202149444705
8	1202149465906	1202149470338
8	1202149591731	1202149596432
8	1202149631864	1202149636171
8	1202149645226	1202149647451
8	1202149661713	1202149663811
8	1202149715346	1202149719692
8	1202149723535	1202149726237
8	1202151251626	1202151256135
8	1202154385109	1202154393512
8	1202154406613	1202154410893
8	1202154513453	1202154517825
8	1202155604994	1202155609403
8	1202158528332	1202158533531
8	1202158543444	1202158547986
8	1202158595947	1202158599930
8	1202158704124	1202158707650
8	1202159196147	1202159198490
8	1202159227653	1202159231381
8	1202159239191	1202159244667
8	1202159247688	1202159250415
8	1202159715144	1202159723607
8	1202163399773	1202163403772
8	1202163493538	1202163497274
8	1202164553562	1202164558329
8	1202164598700	1202164602796
8	1202164739204	1202164742287
9	1202099578530	1202099584697
9	1202099661424	1202099663687
9	1202113735497	1202113739213
9	1202116223808	1202116226543
9	1202116311587	1202116313962
9	1202118179975	1202118182226
9	1202118187703	1202118190826
9	1202119218175	1202119220385
9	1202120693605	1202120697756
9	1202120803693	1202120805674
9	1202123871471	1202123873472
9	1202123873990	1202123875302
9	1202132448187	1202132450180
9	1202132870486	1202132875966
9	1202132902583	1202132905684
9	1202132923232	1202132928904
9	1202132946858	1202132948896
9	1202132949250	1202132964420
9	1202132964675	1202132968769
9	1202132970894	1202132975708
9	1202133104712	1202133107638
9	1202133314455	1202133314572
9	1202133321327	1202133324641
9	1202133326187	1202133330168
9	1202133332859	1202133339744
9	1202133341407	1202133346617
9	1202133348191	1202133354589
9	1202133961115	1202133962346
9	1202138392909	1202138395101
9	1202138549176	1202138553514
9	1202138554424	1202138562114
9	1202138562286	1202138575543
9	1202138575750	1202138578429
9	1202138641841	1202138643121
9	1202138644135	1202138646497
9	1202138649105	1202138653146
9	1202138662973	1202138676422
9	1202138688523	1202138693484
9	1202138719110	1202138722795
9	1202138730292	1202138733891
9	1202138735469	1202138740807
9	1202138741973	1202138748218
9	1202138748584	1202138757355
9	1202138758982	1202138761281
9	1202138762373	1202138764752
9	1202138765898	1202138768283
9	1202138769272	1202138770610
9	1202138772582	1202138779945
9	1202138781713	1202138790386
9	1202138820882	1202138826305
9	1202138841712	1202138846552
9	1202138850643	1202138859303
9	1202138860248	1202138863309
9	1202138864749	1202138870282
9	1202138878130	1202138882693
9	1202138883265	1202138885611
9	1202138892956	1202138895928
9	1202138901252	1202138907643
9	1202138908459	1202138917921
9	1202138919104	1202138926899
9	1202138927821	1202138936607
9	1202140005588	1202140009831
9	1202140019873	1202140022162
9	1202140028428	1202140031966
9	1202141711197	1202141714258
9	1202141794608	1202141796700
9	1202141806885	1202141810470
9	1202141822984	1202141825322
9	1202142286982	1202142289164
9	1202148946808	1202148950310
9	1202148951583	1202148955116
9	1202149055828	1202149059585
9	1202149122714	1202149126136
9	1202149129632	1202149133497
9	1202149135786	1202149142363
9	1202149151107	1202149156842
9	1202149213869	1202149216412
9	1202149251880	1202149253685
9	1202149268172	1202149271801
9	1202149331665	1202149335548
9	1202149355450	1202149364634
9	1202149402698	1202149407660
9	1202149466884	1202149472830
9	1202149579254	1202149586488
9	1202149633220	1202149636843
9	1202149651585	1202149655878
9	1202149661155	1202149664692
9	1202149691675	1202149695536
9	1202149701336	1202149705105
9	1202149740894	1202149744916
9	1202149749282	1202149754259
9	1202151253164	1202151257460
9	1202154384505	1202154387878
9	1202154408347	1202154410488
9	1202154512788	1202154515986
9	1202155606293	1202155608426
9	1202155871370	1202155875147
9	1202158530203	1202158532732
9	1202158542383	1202158544789
9	1202158596436	1202158598584
9	1202158703236	1202158705531
9	1202159185610	1202159189887
9	1202159194319	1202159198365
9	1202159248144	1202159252439
9	1202159714188	1202159718899
9	1202163400399	1202163403899
9	1202163492435	1202163494677
9	1202164554734	1202164557687
9	1202164598113	1202164600363
9	1202164974703	1202164978863
10	1202099585938	1202099588377
10	1202099622437	1202099628481
10	1202099629677	1202099634246
10	1202114474623	1202114475980
10	1202114495906	1202114497784
10	1202114506753	1202114509380
10	1202115365542	1202115368851
10	1202116241564	1202116243374
10	1202121072985	1202121075772
10	1202121087100	1202121088338
10	1202121095499	1202121097319
10	1202121929729	1202121931521
10	1202121960522	1202121962249
10	1202122052974	1202122055385
10	1202122064444	1202122067214
10	1202122170858	1202122172154
10	1202122266160	1202122268783
10	1202122559365	1202122560744
10	1202132217526	1202132219999
10	1202132276461	1202132278219
10	1202135602436	1202135604189
10	1202135726979	1202135728365
10	1202137897409	1202137900331
10	1202143045795	1202143048149
10	1202145968246	1202145970139
10	1202146140216	1202146141733
10	1202146166890	1202146168739
10	1202146255166	1202146257763
11	1202099585579	1202099591534
11	1202099623793	1202099631441
11	1202114413465	1202114419503
11	1202114472719	1202114476871
11	1202114486116	1202114489586
11	1202114494420	1202114498409
11	1202114507462	1202114510855
11	1202115366243	1202115370641
11	1202115824859	1202115826207
11	1202116241486	1202116245452
11	1202122063339	1202122066907
11	1202122266668	1202122270617
11	1202122358219	1202122360369
11	1202122559396	1202122562804
11	1202126943791	1202126944922
11	1202126963913	1202126965871
11	1202130712712	1202130716910
11	1202132218155	1202132220451
11	1202132275584	1202132278918
11	1202133860812	1202133864698
11	1202134242632	1202134244466
11	1202134244822	1202134246908
11	1202134348898	1202134352115
11	1202135727415	1202135729694
11	1202135735766	1202135737352
11	1202137898454	1202137901750
11	1202145968867	1202145972682
11	1202146140903	1202146142907
11	1202146255844	1202146260130
12	1202114468392	1202114475996
12	1202114488665	1202114496769
12	1202114513457	1202114517779
12	1202115368578	1202115371821
12	1202115375336	1202115378667
12	1202115804264	1202115807389
12	1202115833969	1202115843115
12	1202115845360	1202115849516
12	1202116343184	1202116345912
12	1202121134185	1202121138397
12	1202121188331	1202121192708
12	1202122113610	1202122117411
12	1202122137771	1202122141510
12	1202123699501	1202123702501
12	1202123725292	1202123727391
12	1202123728591	1202123730598
12	1202123730818	1202123733483
12	1202123738690	1202123748488
12	1202123771868	1202123773368
12	1202126706418	1202126708270
12	1202126915732	1202126919434
12	1202126926608	1202126932570
12	1202135728769	1202135733998
12	1202135781405	1202135783592
12	1202135784615	1202135805604
12	1202135811502	1202135813911
12	1202135877296	1202135880301
12	1202137669277	1202137672456
12	1202137706717	1202137708421
12	1202137742182	1202137743206
12	1202137784164	1202137786861
12	1202137787297	1202137789897
12	1202137790229	1202137792523
12	1202137792822	1202137797414
12	1202137921547	1202137923944
12	1202143054791	1202143060266
12	1202143066667	1202143067879
12	1202143080225	1202143081439
12	1202143082523	1202143089311
12	1202143096530	1202143097666
12	1202143114800	1202143116915
12	1202145981856	1202145983785
12	1202146009911	1202146017508
12	1202146017540	1202146021315
12	1202146025637	1202146030829
12	1202146031627	1202146037140
12	1202146108781	1202146111637
12	1202146111879	1202146114893
12	1202146174107	1202146177334
12	1202146203463	1202146208171
12	1202146208733	1202146211113
12	1202146272380	1202146276443
12	1202146485669	1202146487997
12	1202146514261	1202146516357
12	1202146521667	1202146525101
13	1202099591667	1202099597201
13	1202114515456	1202114518473
13	1202114518591	1202114520887
13	1202114527384	1202114529698
13	1202114542455	1202114548224
13	1202114588523	1202114590692
13	1202114640132	1202114642228
13	1202114642716	1202114643970
13	1202114654478	1202114656286
13	1202115370935	1202115377598
13	1202116344440	1202116347895
13	1202123700869	1202123706457
13	1202123710397	1202123715519
13	1202123716848	1202123733349
13	1202135092844	1202135097185
13	1202135098621	1202135105223
13	1202135113233	1202135116326
13	1202135116528	1202135121661
13	1202135282529	1202135287487
13	1202135780840	1202135784419
13	1202135878686	1202135880934
13	1202137868980	1202137870939
13	1202137904885	1202137906901
13	1202137908543	1202137914230
13	1202137915104	1202137924771
13	1202140017438	1202140021369
13	1202140024364	1202140027788
13	1202143101496	1202143105753
13	1202143110791	1202143114275
13	1202143115712	1202143119583
13	1202146035204	1202146038591
13	1202146104775	1202146117190
13	1202146119917	1202146123123
13	1202146124411	1202146125281
13	1202146126163	1202146132398
13	1202146139731	1202146139939
13	1202146160446	1202146163441
13	1202146165874	1202146170941
13	1202146172950	1202146176279
14	1202099559309	1202099566524
14	1202099580980	1202099586147
14	1202099659582	1202099661556
14	1202099669241	1202099672125
14	1202113182729	1202113185580
14	1202123876118	1202123878308
14	1202133083442	1202133085933
14	1202133103629	1202133107172
14	1202133306361	1202133309811
14	1202140004380	1202140006542
14	1202140021106	1202140023286
14	1202148960931	1202148962811
14	1202149267400	1202149269422
14	1202149354412	1202149358700
14	1202149469822	1202149472146
14	1202149692635	1202149694679
14	1202154383537	1202154386773
14	1202154409522	1202154411992
14	1202158531862	1202158534642
14	1202158597586	1202158599252
14	1202159243118	1202159247235
14	1202164740754	1202164742918
15	1202099559667	1202099564121
15	1202099581318	1202099586339
15	1202099632159	1202099634709
15	1202099659445	1202099663550
15	1202099668336	1202099672835
15	1202113182597	1202113184855
15	1202113771873	1202113774498
15	1202116221888	1202116224557
15	1202116312583	1202116314598
15	1202118187911	1202118191932
15	1202119217325	1202119219351
15	1202120694662	1202120696673
15	1202120802735	1202120804852
15	1202123855917	1202123858579
15	1202123875975	1202123879583
15	1202123885466	1202123886318
15	1202126688327	1202126689785
15	1202132447444	1202132449333
15	1202132516965	1202132519180
15	1202132564369	1202132566756
15	1202133083692	1202133085800
15	1202133103195	1202133107308
15	1202133298244	1202133302899
15	1202133305307	1202133309681
15	1202133351463	1202133354276
15	1202133960156	1202133963746
15	1202136014906	1202136017218
15	1202137020622	1202137023704
15	1202137248733	1202137251116
15	1202138392647	1202138394869
15	1202138944152	1202138946126
15	1202138946756	1202138948775
15	1202140004631	1202140009583
15	1202140021252	1202140024852
15	1202140025936	1202140031328
15	1202141711965	1202141715721
15	1202141793498	1202141796158
15	1202141807977	1202141810239
15	1202141821920	1202141824669
15	1202142288794	1202142289932
15	1202146277825	1202146279894
15	1202148944978	1202148949226
15	1202148949596	1202148951746
15	1202148960133	1202148962674
15	1202149056472	1202149058938
15	1202149124318	1202149128276
15	1202149128760	1202149130533
15	1202149213972	1202149216148
15	1202149252752	1202149254851
15	1202149266734	1202149269541
15	1202149269664	1202149272527
15	1202149278614	1202149280846
15	1202149354562	1202149356599
15	1202149360612	1202149364768
15	1202149401854	1202149405148
15	1202149469961	1202149472708
15	1202149578585	1202149580126
15	1202149653393	1202149655602
15	1202149660526	1202149662864
15	1202149692926	1202149695273
15	1202149700346	1202149703256
15	1202151254828	1202151258786
15	1202154382655	1202154385941
15	1202154409384	1202154412761
15	1202154511606	1202154514742
15	1202155607799	1202155610833
15	1202155870289	1202155872320
15	1202158531680	1202158536657
15	1202158540876	1202158544261
15	1202158597262	1202158601152
15	1202158701562	1202158704863
15	1202159243430	1202159245952
15	1202159249548	1202159251726
15	1202159712804	1202159716855
15	1202163401197	1202163404280
15	1202163491203	1202163494265
15	1202164555438	1202164559199
15	1202164596811	1202164599608
15	1202164741353	1202164744662
15	1202164973856	1202164975811
16	1202099629796	1202099634656
16	1202113521232	1202113526779
16	1202113551303	1202113556381
16	1202113597740	1202113602294
16	1202113734155	1202113736120
16	1202113772432	1202113774353
16	1202115446207	1202115449772
16	1202116221624	1202116224181
16	1202118178455	1202118180351
16	1202118188820	1202118191787
16	1202120694913	1202120698209
16	1202120802493	1202120804757
16	1202121074484	1202121078298
16	1202121085300	1202121087373
16	1202121941270	1202121943305
16	1202121958892	1202121960335
16	1202122055274	1202122057739
16	1202122075152	1202122077316
16	1202122093918	1202122096299
16	1202123877975	1202123881693
16	1202123885207	1202123890554
16	1202126923353	1202126925311
16	1202132868262	1202132869448
16	1202133294910	1202133298472
16	1202133305535	1202133309944
16	1202137868201	1202137870879
16	1202138391413	1202138393737
16	1202138946330	1202138950508
16	1202140008758	1202140009261
16	1202140012455	1202140016854
16	1202141712517	1202141715352
16	1202141808239	1202141811198
16	1202146164634	1202146166704
16	1202146277132	1202146280275
16	1202146487735	1202146490825
16	1202149125172	1202149127991
16	1202149253537	1202149254968
16	1202149361495	1202149362704
16	1202149401378	1202149404922
16	1202149659652	1202149661595
16	1202151255424	1202151259983
16	1202154382359	1202154383803
16	1202154511379	1202154513324
16	1202155607655	1202155609587
16	1202155869910	1202155871884
16	1202158533233	1202158544401
16	1202158701452	1202158704263
16	1202163401780	1202163405129
16	1202164556279	1202164559337
16	1202164973579	1202164975851
17	1202099628231	1202099633207
17	1202113445476	1202113449668
17	1202113566493	1202113570349
17	1202114411799	1202114416713
17	1202114466656	1202114469330
17	1202114509152	1202114514977
17	1202115445839	1202115448972
17	1202115803442	1202115805590
17	1202115887135	1202115888933
17	1202116242484	1202116244882
17	1202120092369	1202120097216
17	1202120107942	1202120111177
17	1202120226135	1202120229749
17	1202121112965	1202121116491
17	1202121116738	1202121120264
17	1202121132661	1202121135454
17	1202121136345	1202121140153
17	1202121151209	1202121157477
17	1202121169309	1202121171858
17	1202121172484	1202121175847
17	1202121186986	1202121193456
17	1202121927491	1202121929978
17	1202122060897	1202122065755
17	1202122089738	1202122096771
17	1202122111290	1202122115504
17	1202122115639	1202122119272
17	1202122139318	1202122139539
17	1202122155668	1202122161382
17	1202122357404	1202122359695
17	1202122560744	1202122562932
17	1202123732664	1202123737859
17	1202123880105	1202123884622
17	1202123893918	1202123896109
17	1202123899141	1202123901505
17	1202123909885	1202123912518
17	1202123916134	1202123918394
17	1202123929371	1202123932787
17	1202123946110	1202123952537
17	1202123952700	1202123954746
17	1202123972809	1202123975334
17	1202123992574	1202123994610
17	1202124092544	1202124097284
17	1202124124410	1202124129631
17	1202126919617	1202126921800
17	1202126932900	1202126935737
17	1202130459731	1202130466212
17	1202130711839	1202130715588
17	1202132218811	1202132221809
17	1202133861551	1202133864225
17	1202134241550	1202134244996
17	1202134245900	1202134247942
17	1202134347921	1202134351288
17	1202135600790	1202135604727
17	1202135815287	1202135817679
17	1202136081276	1202136082522
17	1202136177832	1202136181183
17	1202136195695	1202136200661
17	1202136247369	1202136254702
17	1202136276939	1202136282970
17	1202136284483	1202136293746
17	1202136319849	1202136324198
17	1202136417881	1202136421283
17	1202136473612	1202136478660
17	1202137601487	1202137603496
17	1202137881262	1202137885170
17	1202137889230	1202137893114
17	1202137899578	1202137901628
17	1202137926679	1202137930867
17	1202140010649	1202140017704
17	1202143043989	1202143047704
17	1202143087291	1202143089599
17	1202143094740	1202143097358
17	1202145973854	1202145977110
17	1202146141277	1202146143963
17	1202146147925	1202146153522
17	1202146157404	1202146167859
17	1202146175812	1202146178490
17	1202146200953	1202146205442
17	1202146235917	1202146239866
17	1202146241211	1202146243422
17	1202146484262	1202146486591
17	1202146524443	1202146527414
17	1202151257904	1202151259225
17	1202158536383	1202158541255
18	1202099627335	1202099629195
18	1202113013525	1202113015332
18	1202113054313	1202113056671
18	1202114512583	1202114515328
18	1202115376719	1202115380196
18	1202115803715	1202115807403
18	1202115824131	1202115827930
18	1202115847731	1202115853920
18	1202116342670	1202116343801
18	1202122090467	1202122092241
18	1202122112804	1202122113977
18	1202122115808	1202122118195
18	1202122157257	1202122160306
18	1202123732389	1202123734605
18	1202123745461	1202123748793
18	1202123915307	1202123917664
18	1202124098807	1202124103317
18	1202124111888	1202124113752
18	1202124116705	1202124117917
18	1202124124703	1202124128673
18	1202135814551	1202135817189
18	1202135876166	1202135879695
18	1202136222102	1202136225443
18	1202136292240	1202136297762
18	1202136318689	1202136325394
18	1202136355850	1202136360746
18	1202136383233	1202136387317
18	1202136388483	1202136392711
18	1202136402221	1202136404266
18	1202136417117	1202136420767
18	1202136473725	1202136476481
18	1202136539860	1202136543502
18	1202136704374	1202136706381
18	1202137923187	1202137928691
18	1202140015929	1202140017832
18	1202140026418	1202140029334
18	1202143050858	1202143052843
18	1202143086752	1202143087911
18	1202143096402	1202143101920
18	1202143112267	1202143117520
18	1202145972441	1202145975648
18	1202145975907	1202145978626
18	1202146201864	1202146205740
18	1202146523330	1202146527111
18	1202151263971	1202151265959
18	1202154376612	1202154380751
19	1202099554401	1202099558725
19	1202099656548	1202099659160
20	1202099544550	1202099550644
20	1202099552567	1202099560153
20	1202099654551	1202099663107
21	1202099544701	1202099547207
21	1202099555101	1202099562621
21	1202099652787	1202099656412
21	1202099657381	1202099660640
21	1202159246355	1202159257666
22	1202099542873	1202099547423
22	1202099632541	1202099636592
22	1202099669379	1202099672971
22	1202113039204	1202113041334
22	1202113149269	1202113151388
22	1202113153440	1202113156814
22	1202113164430	1202113166511
22	1202113166639	1202113169360
22	1202113170832	1202113178215
22	1202113191816	1202113194109
22	1202113196614	1202113199599
22	1202113200443	1202113203216
22	1202113217544	1202113220410
22	1202113602217	1202113605840
22	1202133084718	1202133086464
22	1202140003932	1202140004993
22	1202146278614	1202146281513
22	1202149127584	1202149131235
22	1202149333666	1202149337552
22	1202149353298	1202149358170
22	1202159253779	1202159257876
23	1202099669921	1202099673350
23	1202113034754	1202113036976
23	1202113038532	1202113041208
23	1202113052583	1202113055627
23	1202113056217	1202113059569
23	1202113065535	1202113069618
23	1202113079789	1202113086763
23	1202113088981	1202113092630
23	1202113112666	1202113118691
23	1202113130434	1202113133265
23	1202113144457	1202113145347
23	1202113147628	1202113151504
23	1202113151956	1202113155590
23	1202113164939	1202113168220
23	1202113170394	1202113174240
23	1202113177519	1202113179712
23	1202113185364	1202113185947
23	1202113193628	1202113196209
23	1202113217812	1202113220281
23	1202113225158	1202113228477
23	1202113230361	1202113233799
23	1202113248602	1202113253121
23	1202113254127	1202113256636
23	1202113257421	1202113263269
23	1202113281287	1202113286427
23	1202113288688	1202113292540
23	1202113301935	1202113307454
23	1202113311662	1202113320360
23	1202113773636	1202113776842
23	1202114170383	1202114174283
23	1202114456870	1202114458662
23	1202116220921	1202116222710
23	1202119139791	1202119142519
23	1202121076116	1202121079981
23	1202121084348	1202121086507
23	1202121098277	1202121100180
23	1202121118206	1202121121905
23	1202121130519	1202121134659
23	1202121138554	1202121140865
23	1202121149436	1202121153222
23	1202121155506	1202121158440
23	1202121167791	1202121171287
23	1202121173873	1202121176831
23	1202121192142	1202121195833
23	1202121942626	1202121946455
23	1202121956395	1202121959319
23	1202122076684	1202122080230
23	1202122086673	1202122090157
23	1202122096131	1202122098248
23	1202122117853	1202122120998
23	1202122132983	1202122136855
23	1202122141635	1202122144374
23	1202122153513	1202122157335
23	1202122160168	1202122163207
23	1202122167723	1202122169763
23	1202132563593	1202132564824
23	1202132866571	1202132868512
23	1202133084971	1202133087246
23	1202133106366	1202133109556
23	1202133244586	1202133248868
23	1202133961472	1202133963808
23	1202141792364	1202141794482
23	1202141820968	1202141823116
23	1202146176973	1202146179500
23	1202146199808	1202146203320
23	1202146242666	1202146244485
23	1202146482896	1202146489117
23	1202148945478	1202148947308
23	1202148950630	1202148952775
23	1202148958721	1202148960281
23	1202149057894	1202149059178
23	1202149265318	1202149268756
23	1202149271110	1202149273297
23	1202149471442	1202149474418
23	1202149694250	1202149696339
23	1202149699167	1202149701976
23	1202154411264	1202158601640
23	1202159255533	1202159258747
23	1202159712520	1202159715992
23	1202164595601	1202164598837
23	1202164742653	1202164745133
24	1202099673828	1202099678439
24	1202109774519	1202109776733
24	1202113010963	1202113012813
24	1202113076270	1202113080468
24	1202113081122	1202113086231
24	1202113113255	1202113121639
24	1202113138609	1202113141828
24	1202113143444	1202113148313
24	1202113178822	1202113183445
24	1202113314524	1202113320584
24	1202113398115	1202113400525
24	1202113422816	1202113424484
24	1202113427823	1202113431232
24	1202113468920	1202113471453
24	1202113498130	1202113500773
24	1202113501408	1202113506403
24	1202113517362	1202113523244
24	1202113560602	1202113562692
24	1202113563796	1202113579837
24	1202113583425	1202113587997
24	1202113588787	1202113595261
24	1202113598297	1202113603335
24	1202113732382	1202113734340
24	1202113773906	1202113776724
24	1202114172747	1202114175128
24	1202114418523	1202114422250
24	1202114453707	1202114457100
24	1202115444849	1202115446989
24	1202115448365	1202115451591
24	1202115888179	1202115891367
24	1202116219838	1202116222232
24	1202116313829	1202116316631
24	1202118177122	1202118179174
24	1202118189182	1202118192752
24	1202119062179	1202119064165
24	1202119136332	1202119146235
24	1202119215997	1202119217893
24	1202120696337	1202120698689
24	1202120800889	1202120803399
24	1202121204807	1202121207860
24	1202122269666	1202122273179
24	1202122561234	1202122563136
24	1202123853937	1202123854961
24	1202124125162	1202124129101
24	1202125556160	1202125558534
24	1202126690971	1202126692749
24	1202132219734	1202132221823
24	1202132445595	1202132447724
24	1202132518601	1202132521109
24	1202132562828	1202132564689
24	1202132865600	1202132867885
24	1202132871637	1202132873470
24	1202133243679	1202133246383
24	1202133930254	1202133932169
24	1202133962566	1202133965660
24	1202136016956	1202136020981
24	1202136062850	1202136066948
24	1202136185312	1202136188866
24	1202136425155	1202136429366
24	1202137018210	1202137020873
24	1202137251323	1202137254333
24	1202137595956	1202137598569
24	1202137869632	1202137873826
24	1202137879112	1202137881681
24	1202137897801	1202137904105
24	1202137931173	1202137935666
24	1202138390199	1202138391669
24	1202138950245	1202138953225
24	1202139232687	1202139234208
24	1202141713954	1202141716622
24	1202141809670	1202141812669
24	1202141820454	1202141823685
24	1202142290335	1202142292860
24	1202143088375	1202143092529
24	1202146142319	1202146144245
24	1202146146605	1202146150922
24	1202146159721	1202146166490
24	1202148942140	1202148946348
24	1202149058660	1202149060452
24	1202149128422	1202149130709
24	1202149211134	1202149213743
24	1202149254455	1202149257213
24	1202149362382	1202149366475
24	1202149399612	1202149403763
24	1202149472263	1202149475850
24	1202149575792	1202149578360
24	1202149655261	1202149660426
24	1202149698233	1202149700191
24	1202154379862	1202154382971
24	1202154412633	1202154415825
24	1202154509304	1202154512364
24	1202155609138	1202155612130
24	1202155868182	1202155871678
24	1202158599486	1202158602834
24	1202158698316	1202158702698
24	1202159256763	1202159260551
24	1202159709599	1202159713613
24	1202163403508	1202163406540
24	1202163489770	1202163491758
24	1202164557411	1202164560551
24	1202164594632	1202164597979
24	1202164742727	1202164747382
24	1202164972353	1202164974425
25	1202099676443	1202099681117
25	1202109677355	1202109682339
25	1202109688170	1202109688547
25	1202109692502	1202109697922
25	1202109726208	1202109728475
25	1202109771844	1202109778975
25	1202113008230	1202113012475
25	1202113522289	1202113523996
25	1202113590682	1202113594116
25	1202113731478	1202113734211
25	1202114172846	1202114176906
25	1202114409601	1202114413767
25	1202114453120	1202114454361
25	1202115378286	1202115382137
25	1202115448227	1202115448318
25	1202115802247	1202115805932
25	1202115821457	1202115825901
25	1202116340866	1202116344168
25	1202119050452	1202119058601
25	1202119063802	1202119067758
25	1202119071170	1202119076141
25	1202119113597	1202119117214
25	1202119118326	1202119121165
25	1202119142404	1202119145673
25	1202119788798	1202119793573
25	1202120086698	1202120092697
25	1202120140509	1202120144402
25	1202120159543	1202120163780
25	1202120229891	1202120233410
25	1202121925469	1202121928989
25	1202122270291	1202122274725
25	1202122561386	1202122564748
25	1202123696109	1202123699380
25	1202123746611	1202123752466
25	1202124127539	1202124131143
25	1202126704104	1202126706266
25	1202126939667	1202126943355
25	1202126967157	1202126971459
25	1202130446419	1202130450659
25	1202130457301	1202130460871
25	1202130471420	1202130475146
25	1202130710477	1202130713890
25	1202132220183	1202132223834
25	1202132273120	1202132276794
25	1202133863152	1202133866800
25	1202134239666	1202134243616
25	1202134247348	1202134250654
25	1202134346906	1202134350522
25	1202135599470	1202135602818
25	1202135816149	1202135819937
25	1202135874932	1202135878560
25	1202136045103	1202136047478
25	1202136048461	1202136050395
25	1202136063701	1202136067758
25	1202136078995	1202136083298
25	1202136180780	1202136184632
25	1202136185475	1202136186656
25	1202136421565	1202136426590
25	1202136538147	1202136541112
25	1202136706966	1202136710984
25	1202140027938	1202140030866
25	1202143042602	1202143044510
25	1202143044751	1202143049108
25	1202143089881	1202143092462
25	1202143093212	1202143097745
25	1202146146343	1202146148259
25	1202146524836	1202146530365
25	1202148941875	1202148943710
25	1202154378895	1202154383125
25	1202164971629	1202164972861
26	1202117608508	1202117610970
26	1202117613993	1202117616610
26	1202117631169	1202117632389
26	1202117636872	1202117638651
26	1202117649454	1202117651954
26	1202117652310	1202117654848
26	1202117669564	1202117671287
26	1202117671521	1202117673371
26	1202117727628	1202117729287
26	1202118060520	1202118065317
26	1202118066171	1202118068459
26	1202118070712	1202118072920
26	1202118369544	1202118371734
26	1202119505515	1202119507880
26	1202119510962	1202119514128
26	1202119514582	1202119516780
26	1202119521606	1202119530660
26	1202119563850	1202119566450
26	1202119570338	1202119572785
26	1202119573247	1202119578164
26	1202119581558	1202119585818
26	1202119595299	1202119596515
26	1202119741739	1202119744133
26	1202119747125	1202119752145
26	1202119752369	1202119754175
26	1202119754443	1202119756405
26	1202119757378	1202119758615
26	1202119760760	1202119762627
26	1202119774493	1202119776179
26	1202119783494	1202119794333
26	1202119951921	1202119963316
26	1202119964866	1202119966920
26	1202120011524	1202120014784
26	1202120083636	1202120086125
26	1202132463262	1202132467897
26	1202132468355	1202132474621
26	1202132502184	1202132504304
26	1202132505445	1202132509741
26	1202132512157	1202132518381
26	1202132567617	1202132569466
26	1202132616323	1202132618647
26	1202132619850	1202132624614
26	1202133731388	1202133739415
26	1202133741274	1202133743643
26	1202133765247	1202133767961
26	1202133769149	1202133771173
26	1202133781518	1202133784565
26	1202133787554	1202133791359
26	1202133793677	1202133799431
26	1202133800325	1202133805366
26	1202137416519	1202137423216
26	1202137423616	1202137427166
26	1202137427936	1202137431397
26	1202137431750	1202137443683
26	1202137622385	1202137633341
26	1202137640580	1202137641819
26	1202137642971	1202137649771
26	1202137652735	1202137654605
26	1202137885978	1202137888586
26	1202138506545	1202138508528
26	1202138707266	1202138712106
26	1202139341127	1202139343767
26	1202139419547	1202139425692
26	1202139586357	1202139590820
26	1202139610632	1202139614738
26	1202139639669	1202139641855
26	1202139812514	1202139820518
26	1202139822376	1202139826387
26	1202139826771	1202139829332
26	1202139829803	1202139836614
26	1202139844535	1202139846733
26	1202139847995	1202139852147
26	1202139852644	1202139856848
26	1202139881832	1202139886795
27	1202099633509	1202099639154
27	1202099650963	1202099654819
27	1202099672645	1202099674716
27	1202113017959	1202113021195
27	1202113040144	1202113044655
27	1202113050299	1202113054179
27	1202113063722	1202113067772
27	1202113068316	1202113072627
27	1202113145502	1202113149669
27	1202113150410	1202113158465
27	1202113165632	1202113166767
27	1202113193764	1202113204167
27	1202113211830	1202113222355
27	1202113224919	1202113225445
27	1202113225669	1202113226893
27	1202113231807	1202113243164
27	1202113243704	1202113245376
27	1202113245579	1202113249668
27	1202113259842	1202113262378
27	1202113263131	1202113266302
27	1202113273553	1202113273954
27	1202113277771	1202113290394
27	1202113294491	1202113319577
27	1202113601593	1202113605116
27	1202113911255	1202113915168
27	1202114051349	1202114056125
27	1202114142843	1202114153554
27	1202114154741	1202114156137
27	1202114156748	1202114160385
27	1202114166747	1202114171764
27	1202114457626	1202114460886
27	1202114462924	1202114465570
27	1202117625354	1202117628672
27	1202117669964	1202117673209
27	1202117728193	1202117730875
27	1202117813115	1202117815262
27	1202119508457	1202119511335
27	1202119526428	1202119530795
27	1202119540745	1202119542575
27	1202121077458	1202121082374
27	1202121083511	1202121085700
27	1202121099564	1202121103466
27	1202121108895	1202121113217
27	1202121119859	1202121123756
27	1202121128913	1202121133216
27	1202121139631	1202121143342
27	1202121147774	1202121151616
27	1202121157889	1202121159893
27	1202121165822	1202121170189
27	1202121175393	1202121178393
27	1202121183580	1202121187635
27	1202121193686	1202121196707
27	1202121202251	1202121205936
27	1202121944244	1202121947414
27	1202121954643	1202121958570
27	1202122078884	1202122082171
27	1202122084504	1202122088670
27	1202122097422	1202122101124
27	1202122107164	1202122110274
27	1202122119607	1202122123828
27	1202122130779	1202122135281
27	1202122143440	1202122147453
27	1202122151656	1202122156617
27	1202122161790	1202122164595
27	1202122166760	1202122168862
27	1202139249331	1202139252925
27	1202139995231	1202139998562
27	1202140001768	1202140005108
27	1202146178209	1202146180385
27	1202146197962	1202146201705
27	1202146243693	1202146246380
27	1202146481756	1202146483806
27	1202146484136	1202146487609
27	1202149113765	1202149115187
27	1202149126806	1202149130208
27	1202149334666	1202149336548
27	1202149352681	1202149356466
28	1202099541731	1202099545238
28	1202099670655	1202099675970
28	1202113008932	1202113012932
28	1202113069566	1202113072872
28	1202113080351	1202113082300
28	1202113601104	1202113604609
28	1202113942754	1202113945113
28	1202114050321	1202114054777
28	1202114144312	1202114147287
28	1202114158585	1202114161343
28	1202114168519	1202114172574
28	1202114209337	1202114212254
28	1202117624602	1202117627608
28	1202117670640	1202117673507
28	1202117727186	1202117730343
28	1202117813303	1202117816967
28	1202119507447	1202119511975
28	1202119525361	1202119529613
28	1202119540915	1202119543873
28	1202122086101	1202122089347
28	1202133085352	1202133087827
28	1202133087952	1202133092141
28	1202133098731	1202133104387
28	1202139233458	1202139238239
28	1202139250146	1202139253204
28	1202139994600	1202139997662
28	1202148951883	1202148953548
28	1202148956210	1202148958886
28	1202149112541	1202149115374
28	1202159257560	1202159259899
29	1202099411599	1202099412858
29	1202099540465	1202099544314
29	1202099677602	1202099680780
29	1202109776235	1202109778537
29	1202112549884	1202112553643
29	1202112554378	1202112556374
29	1202112581817	1202112586756
29	1202112667168	1202112669469
29	1202112689534	1202112691838
29	1202113071105	1202113073448
29	1202113077287	1202113079906
29	1202113124627	1202113127459
29	1202113317692	1202113319882
29	1202113381256	1202113383384
29	1202113944355	1202113948566
29	1202114048971	1202114052869
29	1202114210454	1202114213271
29	1202117623532	1202117626415
29	1202117671647	1202117674652
29	1202117725479	1202117816831
29	1202119065796	1202119067643
29	1202119506865	1202119509151
29	1202119542439	1202119544987
29	1202133241973	1202133244295
29	1202139251346	1202139254214
29	1202141790980	1202141792754
29	1202141819184	1202141821156
29	1202149111336	1202149113445
29	1202149255879	1202149257487
29	1202149258127	1202149260755
29	1202149368375	1202149370463
29	1202149370769	1202149372838
29	1202149399546	1202149401104
29	1202149656379	1202149659913
29	1202149695850	1202149697914
29	1202159258474	1202159261239
29	1202163488245	1202163490159
29	1202164593575	1202164595463
29	1202164743820	1202164745697
30	1202099388416	1202099391422
30	1202099411847	1202099414889
30	1202099677758	1202099682881
30	1202109676615	1202109681917
30	1202109683627	1202109685812
30	1202109776499	1202109779597
30	1202112549292	1202112553918
30	1202112688734	1202112695928
30	1202112730292	1202112738283
30	1202112755290	1202112760712
30	1202112772295	1202112776407
30	1202112813989	1202112819387
30	1202113007254	1202113010477
30	1202113073694	1202113079675
30	1202113119414	1202113127178
30	1202113176687	1202113180254
30	1202113775854	1202113778809
30	1202114141725	1202114145945
30	1202114173668	1202114177743
30	1202114211557	1202114214552
30	1202114408925	1202114412444
30	1202114419962	1202114423138
30	1202115379890	1202115382269
30	1202115449199	1202115452171
30	1202115801149	1202115804722
30	1202115820577	1202115824577
30	1202115889501	1202115892951
30	1202116218758	1202116221258
30	1202116315107	1202116317902
30	1202116340181	1202116343636
30	1202117622953	1202117625957
30	1202117672547	1202117676783
30	1202117699715	1202117701692
30	1202117722630	1202117728941
30	1202117814867	1202117817839
30	1202118176230	1202118179588
30	1202118189991	1202118194323
30	1202118998236	1202118999460
30	1202119048412	1202119051774
30	1202119060543	1202119064460
30	1202119066358	1202119076260
30	1202119088607	1202119090990
30	1202119097694	1202119100671
30	1202119121275	1202119126985
30	1202119143783	1202119148933
30	1202119214783	1202119217146
30	1202119505996	1202119509471
30	1202119543379	1202119545855
30	1202119677766	1202119679731
30	1202120141197	1202120144611
30	1202120158673	1202120159947
30	1202120230391	1202120233862
30	1202120799851	1202120803267
30	1202122272651	1202122275271
30	1202122354845	1202122356734
30	1202123695446	1202123697130
30	1202123851279	1202123854550
30	1202124126439	1202124132260
30	1202125555372	1202125556947
30	1202126691313	1202126694150
30	1202130445761	1202130447565
30	1202130709736	1202130711626
30	1202132220630	1202132224418
30	1202132444439	1202132446621
30	1202132519484	1202132522844
30	1202132561182	1202132563870
30	1202132863696	1202132864811
30	1202132978350	1202132979664
30	1202133107776	1202133111667
30	1202133240323	1202133244862
30	1202133355317	1202133358163
30	1202133863713	1202133866933
30	1202133963428	1202133966634
30	1202134248276	1202134251416
30	1202135816927	1202135820423
30	1202135874212	1202135877682
30	1202136018306	1202136021474
30	1202136043935	1202136047614
30	1202136065177	1202136067638
30	1202136077500	1202136080635
30	1202136181459	1202136187727
30	1202137017297	1202137019466
30	1202137252551	1202137256150
30	1202137594863	1202137598677
30	1202137616778	1202137625142
30	1202137899303	1202137904767
30	1202138951520	1202138954825
30	1202139252310	1202139255353
30	1202139992417	1202139994434
30	1202141790238	1202141793138
30	1202141810736	1202141816597
30	1202141817262	1202141824280
30	1202143043230	1202143045660
30	1202143090714	1202143093338
30	1202146143241	1202146148569
30	1202146160842	1202146164910
30	1202148942613	1202148944564
30	1202149059634	1202149062870
30	1202149110882	1202149114151
30	1202149129723	1202149132574
30	1202149209961	1202149212480
30	1202149255627	1202149260601
30	1202149263794	1202149266346
30	1202149273119	1202149277157
30	1202149364162	1202149374802
30	1202149397980	1202149402888
30	1202149473266	1202149476342
30	1202149574893	1202149576120
30	1202149695696	1202149699765
30	1202154413460	1202154416986
30	1202154508378	1202154511858
30	1202155610179	1202155613827
30	1202155867543	1202155870750
30	1202158600626	1202158604246
30	1202158697157	1202158700683
30	1202159707984	1202159713219
30	1202163404713	1202163408278
30	1202163487457	1202163491434
30	1202164558495	1202164562229
30	1202164592903	1202164596944
30	1202164743985	0
31	1202099373299	1202099376402
31	1202099377856	1202099381410
31	1202099412743	1202099415344
31	1202099441864	1202099444620
31	1202099447312	1202099449448
31	1202099450920	1202099452861
31	1202099456375	1202099459665
31	1202099467442	1202099473639
31	1202099475393	1202099477418
31	1202099521232	1202099523323
31	1202099688638	1202099692137
31	1202109493971	1202109500434
31	1202109514732	1202109519891
31	1202109777765	1202109781287
31	1202111431325	1202111433733
31	1202112541552	1202112548318
31	1202112851184	1202112854146
31	1202112854819	1202112857785
31	1202112862650	1202112864317
31	1202112868597	1202112869911
31	1202112933950	1202112939667
31	1202113174364	1202113178831
31	1202113776470	1202113780347
31	1202114141154	1202114144604
31	1202114420903	1202114423769
31	1202114450264	1202114453828
31	1202115440521	1202115444912
31	1202115646299	1202115650534
31	1202115890591	1202115893129
31	1202115896194	1202115899412
31	1202115900976	1202115903204
31	1202115936561	1202115938584
31	1202116216548	1202116218642
31	1202116315750	1202116318305
31	1202116339163	1202116341601
31	1202117033474	1202117039999
31	1202117047907	1202117054228
31	1202117233694	1202117237250
31	1202117265172	1202117266448
31	1202117268881	1202117270908
31	1202117392573	1202117399821
31	1202117404355	1202117411989
31	1202117436829	1202117439617
31	1202117569372	1202117571881
31	1202117959773	1202117962135
31	1202118174915	1202118177395
31	1202118191177	1202118195583
31	1202118491668	1202118495850
31	1202118902990	1202118905747
31	1202118995566	1202118998694
31	1202119059503	1202119061949
31	1202119122994	1202119125185
31	1202119213493	1202119216297
31	1202119558604	1202119562843
31	1202119598986	1202119605834
31	1202119609335	1202119617998
31	1202119618609	1202119620129
31	1202119621770	1202119626522
31	1202119636330	1202119646273
31	1202119649852	1202119652549
31	1202119657604	1202119663173
31	1202120697957	1202120700596
31	1202120798333	1202120801352
31	1202121922677	1202121926424
31	1202122272927	1202122279370
31	1202122352970	1202122356374
31	1202122562653	1202122564617
31	1202122701750	1202122703963
31	1202122756708	1202122759344
31	1202122918301	1202122920824
31	1202123694894	1202123696856
31	1202123765506	1202123766910
31	1202123849678	1202123852393
31	1202123960341	1202123965658
31	1202124127811	1202124133280
31	1202125553585	1202125556718
31	1202126692473	1202126695880
31	1202126696717	1202126702264
31	1202126710732	1202126712367
31	1202126908342	1202126912930
31	1202130388748	1202130391461
31	1202130437549	1202130447693
31	1202130451537	1202130453885
31	1202130454569	1202130458692
31	1202130473601	1202130476577
31	1202130603617	1202130609271
31	1202130708692	1202130711167
31	1202132202202	1202132205992
31	1202132221959	1202132224685
31	1202132250343	1202132253330
31	1202132271676	1202132274130
31	1202132358737	1202132360563
31	1202132443198	1202132445835
31	1202132520383	1202132523217
31	1202132560216	1202132562697
31	1202132861457	1202132865244
31	1202132979526	1202132983847
31	1202133108845	1202133111977
31	1202133239201	1202133242886
31	1202133356445	1202133360496
31	1202133802455	1202133806837
31	1202133864505	1202133867175
31	1202133926551	1202133929921
31	1202133964654	1202133968680
31	1202134238348	1202134240728
31	1202134249176	1202134251822
31	1202134345187	1202134347732
31	1202135596930	1202135601306
31	1202135821716	1202135826317
31	1202135872642	1202135876830
31	1202136019344	1202136027608
31	1202136036783	1202136040464
31	1202136042887	1202136044963
31	1202137015743	1202137018466
31	1202137253654	1202137257982
31	1202137413658	1202137416927
31	1202137441342	1202137443809
31	1202137552588	1202137555639
31	1202137593713	1202137595507
31	1202137900673	1202137905643
31	1202137905999	1202137908113
31	1202137967392	1202137970772
31	1202138386912	1202138389815
31	1202138953353	1202138956666
31	1202139086210	1202139090125
31	1202139186781	1202139188472
31	1202139576546	1202139578822
31	1202139587691	1202139589891
31	1202139590494	1202139593394
31	1202140029590	1202140032508
31	1202141716587	1202141719130
31	1202141789325	1202141791957
31	1202142294270	1202142298137
31	1202143039743	1202143045525
31	1202146526798	1202146532381
31	1202146532642	1202146535114
31	1202148931345	1202148936340
31	1202148938951	1202148943837
31	1202149060648	1202149065587
31	1202149109408	1202149112380
31	1202149209555	1202149211549
31	1202149573115	1202149576287
31	1202154415482	1202154418179
31	1202154507113	1202154509652
31	1202155611279	1202155616850
31	1202155866130	1202155868820
31	1202158602167	1202158605444
31	1202158695734	1202158699251
31	1202159261515	1202159266261
31	1202159706852	1202159710727
31	1202163405854	1202163413954
31	1202163486160	1202163488944
31	1202164559631	1202164563417
31	1202164591377	1202164594499
31	1202164744797	1202164751163
31	1202164968317	0
32	1202099447484	1202099452224
32	1202099465379	1202099467308
32	1202099471550	1202099483536
32	1202099491276	1202099492561
32	1202099493814	1202099496138
32	1202099505986	1202099507256
32	1202099521681	1202099524415
32	1202099679783	1202099685640
32	1202109514977	1202109517888
32	1202109518159	1202109520835
32	1202109675491	1202109677674
32	1202112540755	1202112544364
32	1202112545651	1202112551146
32	1202112692844	1202112697167
32	1202112729228	1202112732910
32	1202112815767	1202112819609
32	1202112832283	1202112837557
32	1202112849884	1202112855533
32	1202112870725	1202112872359
32	1202112885937	1202112890890
32	1202112935430	1202112937273
32	1202112937459	1202112942862
32	1202113006527	1202113010237
32	1202113777412	1202113779329
32	1202114162954	1202114166174
32	1202114175246	1202114177684
32	1202114212722	1202114215940
32	1202114407125	1202114411265
32	1202115440244	1202115442212
32	1202115449999	1202115454594
32	1202115645107	1202115656435
32	1202115819951	1202115821869
32	1202115897315	1202115899221
32	1202115899543	1202115901700
32	1202115937658	1202115940632
32	1202117033142	1202117036662
32	1202117049203	1202117052494
32	1202117082677	1202117087277
32	1202117088992	1202117089392
32	1202117099295	1202117104152
32	1202117165688	1202117172269
32	1202117173314	1202117184342
32	1202117218981	1202117226765
32	1202117230535	1202117238132
32	1202117264273	1202117265546
32	1202117266980	1202117271454
32	1202117275983	1202117284451
32	1202117308313	1202117310505
32	1202117335718	1202117336985
32	1202117361665	1202117368489
32	1202117388365	1202117395363
32	1202117437538	1202117439495
32	1202117489105	1202117492553
32	1202117570185	1202117572227
32	1202117605187	1202117607273
32	1202117622457	1202117626985
32	1202117815823	1202117819366
32	1202117960493	1202117962407
32	1202118491242	1202118495170
32	1202118903268	1202118905408
32	1202118996638	1202118999892
32	1202119016179	1202119020209
32	1202119030209	1202119033538
32	1202119122353	1202119123601
32	1202119162384	1202119164334
32	1202119490856	1202119495992
32	1202119534470	1202119537162
32	1202119544559	1202119546527
32	1202119557960	1202119559230
32	1202119657445	1202119660673
32	1202119661330	1202119663916
32	1202119674966	1202119681295
32	1202119733838	1202119738263
32	1202120142894	1202120146344
32	1202120155897	1202120158349
32	1202120231732	1202120236666
32	1202122701470	1202122703541
32	1202122757430	1202122760742
32	1202123959503	1202123963392
32	1202130389738	1202130394724
32	1202130437216	1202130439696
32	1202130440992	1202130444914
32	1202130603449	1202130607742
32	1202132202880	1202132205864
32	1202132249563	1202132251744
32	1202132359337	1202132362742
32	1202132460486	1202132462546
32	1202135818503	1202135825141
32	1202136038758	1202136040223
32	1202136065966	1202136068163
32	1202136076445	1202136080512
32	1202136708808	1202136712727
32	1202137553725	1202137556280
32	1202137616232	1202137619561
32	1202137902601	1202137905564
32	1202139085763	1202139087904
32	1202139187630	1202139189866
32	1202139230211	1202139233760
32	1202139253688	1202139255820
32	1202139425192	1202139427642
32	1202139581107	1202139586548
32	1202139886181	1202139889879
32	1202139991280	1202139993729
32	1202159707540	1202159709378
33	1202099647259	1202099653888
33	1202113010691	1202113013775
33	1202113019377	1202113023155
33	1202113030526	1202113034290
33	1202113042966	1202113051679
33	1202113059965	1202113065394
33	1202113067412	1202113070513
33	1202113146981	1202113152876
33	1202113602673	1202113611568
33	1202113612727	1202113616806
33	1202113637442	1202113641618
33	1202113654570	1202113660426
33	1202113716874	1202113718324
33	1202113731825	1202113733522
33	1202113745263	1202113747966
33	1202113782410	1202113789567
33	1202113797415	1202113800848
33	1202113802242	1202113808915
33	1202113876156	1202113883244
33	1202113885372	1202113886624
33	1202113890282	1202113895858
33	1202113910882	1202113913591
33	1202114053304	1202114057337
33	1202114102575	1202114112516
33	1202114141433	1202114145357
33	1202114207843	1202114211667
33	1202114458970	1202114465874
33	1202117626555	1202117629356
33	1202117668764	1202117671805
33	1202117729163	1202117732489
33	1202117798938	1202117802259
33	1202117811619	1202117815323
33	1202119528166	1202119531260
33	1202119538848	1202119541925
33	1202121079287	1202121084838
33	1202121100817	1202121104906
33	1202121107311	1202121110514
33	1202121121550	1202121125714
33	1202121127494	1202121130671
33	1202121140998	1202121145174
33	1202121146489	1202121149167
33	1202121158581	1202121162515
33	1202121164503	1202121167536
33	1202121176715	1202121180669
33	1202121182367	1202121185256
33	1202121194928	1202121198911
33	1202121200745	1202121203625
33	1202121945694	1202121949427
33	1202121953263	1202121956156
33	1202122079772	1202122085949
33	1202122098433	1202122102905
33	1202122105386	1202122109378
33	1202122121619	1202122126265
33	1202122129141	1202122132863
33	1202122145465	1202122149267
33	1202122149966	1202122153335
33	1202122163762	1202122168292
33	1202139248111	1202139250830
33	1202139996709	1202140003412
33	1202146179118	1202146182713
33	1202146196198	1202146200578
33	1202146244845	1202146247674
33	1202146254267	1202146259534
33	1202146260420	1202146270784
33	1202146281997	1202146287199
33	1202146480928	1202146486393
33	1202149113839	1202149116705
33	1202149125448	1202149128160
33	1202149335406	1202149338984
33	1202149351227	1202149355568
34	1202099637587	1202099643844
34	1202099644662	1202099652947
34	1202113011299	1202113015214
34	1202113029352	1202113032204
34	1202113063322	1202113063857
34	1202113066307	1202113070160
34	1202114206871	1202114210318
34	1202117626983	1202117630408
34	1202117730215	1202117733392
34	1202117760717	1202117765410
34	1202117766728	1202117777399
34	1202117797442	1202117803999
34	1202117810205	1202117814152
34	1202119528796	1202119534444
34	1202119537485	1202119541290
34	1202121080117	1202121085159
34	1202121101601	1202121104791
34	1202121106365	1202121110657
34	1202121145574	1202121148809
34	1202121159373	1202121161204
34	1202121163125	1202121166519
34	1202121177523	1202121179827
34	1202121181383	1202121185401
34	1202121195626	1202121199378
34	1202121199837	1202121203776
34	1202121952421	1202121956254
34	1202122081268	1202122085357
34	1202122099465	1202122103338
34	1202122104289	1202122107150
34	1202122122516	1202122126591
34	1202122127657	1202122132329
34	1202122145926	1202122153819
34	1202122164141	1202122167590
34	1202139235832	1202139240296
34	1202139245998	1202139251437
34	1202146179637	1202146183375
34	1202146195105	1202146199946
34	1202146245816	1202146251198
34	1202146251453	1202146254835
34	1202146266472	1202146271644
34	1202146285784	1202146288651
34	1202146307557	1202146314972
34	1202146317912	1202146325727
34	1202146333928	1202146339276
34	1202146345342	1202146350161
34	1202146350599	1202146355301
34	1202146365153	1202146370167
34	1202146386425	1202146392397
34	1202146394605	1202146398503
34	1202146453756	1202146454897
34	1202146466270	1202146468303
34	1202146476221	1202146484522
34	1202149114750	1202149117598
34	1202149336562	1202149338784
34	1202149350531	0
36	1202099640425	1202099642196
36	1202113011816	1202113023374
36	1202113024391	1202113026410
36	1202113030648	1202113032900
36	1202113033412	1202113035344
36	1202113041878	1202113044369
36	1202113047186	1202113048364
36	1202113063993	1202113070278
36	1202113604355	1202113624312
36	1202113625656	1202113626834
36	1202113653570	1202113655366
36	1202113658944	1202113660114
36	1202113662762	1202113665596
36	1202113665996	1202113667195
36	1202113668885	1202113672258
36	1202113672581	1202113674428
36	1202113676157	1202113679534
36	1202113680260	1202113695764
36	1202113702702	1202113705551
36	1202113706571	1202113708442
36	1202113726648	1202113728768
36	1202113762803	1202113765364
36	1202113769962	1202113772836
36	1202113794268	1202113796535
36	1202113796778	1202113798843
36	1202113803888	1202113806189
36	1202113830625	1202113832615
36	1202113843306	1202113847479
36	1202113855763	1202113858129
36	1202113889260	1202113891528
36	1202113892905	1202113900855
36	1202113928709	1202113933529
36	1202113992993	1202113995249
36	1202114139742	1202114144741
36	1202114146988	1202114151212
36	1202114151349	1202114155137
36	1202114155736	1202114157825
36	1202114170807	1202114175444
36	1202114205232	1202114211424
36	1202114461117	1202114462616
36	1202117627326	1202117631101
36	1202117730627	1202117732233
36	1202117798381	1202117800193
36	1202121080671	1202121084483
36	1202121142253	1202121144948
36	1202121145767	1202121148648
36	1202121181705	1202121184489
36	1202121195960	1202121197953
36	1202121952551	1202121955343
36	1202122123308	1202122125705
36	1202122128425	1202122130297
36	1202122146314	1202122148442
36	1202122149140	1202122152940
36	1202139247390	1202139250341
36	1202146180520	1202146189791
36	1202146194736	1202146197792
36	1202146245680	1202146255504
36	1202146267366	1202146279771
36	1202146296696	1202146298158
36	1202146331128	1202146333589
36	1202146346361	1202146348265
36	1202146388300	1202146389190
36	1202146434920	1202146440528
36	1202146453314	1202146459287
36	1202146465594	1202146484938
36	1202149124920	1202149126660
36	1202149336404	1202149338170
36	1202149350228	1202149354287
37	1202099644946	1202099646848
37	1202113017371	1202113019733
37	1202113030146	1202113035426
37	1202117628362	1202117632864
37	1202117633766	1202117639745
37	1202117642413	1202117644689
37	1202117652852	1202117654974
37	1202117656374	1202117658947
37	1202117666675	1202117671137
37	1202117747577	1202117750568
37	1202117753311	1202117760204
37	1202121103200	1202121107869
37	1202121125495	1202121128476
37	1202121145332	1202121147558
37	1202121179706	1202121184192
37	1202121949575	1202121950635
37	1202121950762	1202121954995
37	1202122124789	1202122126811
37	1202146286937	1202146292933
37	1202146294538	1202146296746
37	1202146305797	1202146308357
37	1202149124512	1202149126542
37	1202149345922	1202149352967
