1	1206338451678	1206338457727
1	1206338667349	1206338670696
1	1206338671248	1206338674308
1	1206355531989	1206355533880
1	1206359781288	1206359785100
1	1206376752644	1206376755361
1	1206384387874	1206384389802
1	1206389173732	1206389175918
1	1206391693598	1206391695951
1	1206392575516	1206392577644
1	1206398254149	1206398255765
1	1206398326308	1206398328552
2	1206338460131	1206338462319
2	1206338462485	1206338469378
2	1206338663422	1206338668189
2	1206338678881	1206338682494
2	1206338691385	1206338695760
2	1206353542719	1206353544866
2	1206355545310	1206355549271
2	1206355550328	1206355551622
2	1206355553664	1206355556422
2	1206355579338	1206355585162
2	1206355587334	1206355589674
2	1206355993568	1206355995602
2	1206359764313	1206359767681
2	1206359787476	1206359792788
2	1206359806635	1206359808925
2	1206359809621	1206359811961
2	1206359812650	1206359815979
2	1206359825285	1206359832699
2	1206359841620	1206359845708
2	1206359855469	1206359858727
2	1206359859662	1206359862812
2	1206359866589	1206359869567
2	1206359887654	1206359891221
2	1206359892912	1206359895311
2	1206359895823	1206359902395
2	1206359905654	1206359908259
2	1206359965898	1206359967327
2	1206359972525	1206359974657
2	1206359975539	1206359978366
2	1206360004596	1206360007308
2	1206360008930	1206360011590
2	1206360020716	1206360023116
2	1206360054142	1206360057941
2	1206360137791	1206360140974
2	1206360167582	1206360169456
2	1206360177297	1206360178593
2	1206360187482	1206360190445
2	1206360231894	1206360234202
2	1206360235234	1206360237486
2	1206360259746	1206360261779
2	1206360286937	1206360289187
2	1206360313779	1206360315522
2	1206360316222	1206360319131
2	1206360319942	1206360324974
2	1206360345725	1206360349845
2	1206360358378	1206360365889
2	1206360387425	1206360389493
2	1206361252506	1206361257397
2	1206361575765	1206361577996
2	1206375088185	1206375090277
2	1206375116201	1206375118316
2	1206376749670	1206376751878
2	1206384442701	1206384451750
2	1206384486968	1206384489150
2	1206384510347	1206384512923
2	1206384515563	1206384517973
2	1206384534125	1206384536199
2	1206384540596	1206384546492
2	1206384565543	1206384567576
2	1206384574553	1206384576797
2	1206384588264	1206384594442
2	1206384596570	1206384598746
2	1206384604941	1206384607765
2	1206384617149	1206384620150
2	1206384621485	1206384626691
2	1206384650916	1206384654173
2	1206384696816	1206384698329
2	1206384707966	1206384712147
2	1206384731876	1206384735465
2	1206384736246	1206384738709
2	1206384825403	1206384829936
2	1206384918600	1206384920483
2	1206384998811	1206385002857
2	1206385208472	1206385210687
2	1206385323740	1206385324974
2	1206385455595	1206385460101
2	1206385649317	1206385651914
2	1206385913535	1206385917342
2	1206385929173	1206385931372
2	1206386097148	1206386099298
2	1206386112212	1206386114190
2	1206386116925	1206386118238
2	1206386277938	1206386279166
2	1206386279596	1206386282651
2	1206386400267	1206386405471
2	1206386407908	1206386412426
2	1206386412934	1206386415598
2	1206386418208	1206386423536
2	1206386436404	1206386441150
2	1206386441193	1206386447649
2	1206386448695	1206386457223
2	1206386469370	1206386471207
2	1206386512315	1206386514470
2	1206386564423	1206386569953
2	1206386767420	1206386767580
2	1206386908649	1206386909231
2	1206386996345	1206387000783
2	1206387010900	1206387013651
2	1206387246478	1206387251236
2	1206387281197	1206387284805
2	1206387331984	1206387333232
2	1206387333367	1206387335793
2	1206387337268	1206387339970
2	1206387454802	1206387457620
2	1206387548509	1206387552237
2	1206387597609	1206387599712
2	1206387706527	1206387707684
2	1206387784781	1206387789934
2	1206387809313	1206387812783
2	1206387974185	1206387975387
2	1206387976944	1206387978698
2	1206388021541	1206388024175
2	1206388067209	1206388072795
2	1206388075387	1206388076594
2	1206388089575	1206388090872
2	1206388293219	1206388295676
2	1206388387156	1206388389263
2	1206388500423	1206388504137
2	1206388519597	1206388524347
2	1206388551114	1206388558599
2	1206388687434	1206388691830
2	1206388692286	1206388696326
2	1206388707781	1206388710650
2	1206388980656	1206388981588
2	1206389067522	1206389069806
2	1206389072187	1206389074907
2	1206389175141	1206389176392
2	1206389214657	1206389216885
2	1206389227332	1206389228607
2	1206389311343	1206389313812
2	1206389416391	1206389420489
2	1206389459179	1206389462181
2	1206389524308	1206389526681
2	1206389658742	1206389661235
2	1206389670963	1206389673108
2	1206389788908	1206389791151
2	1206389838825	1206389842741
2	1206389908396	1206389910884
2	1206389973938	1206389976253
2	1206390034987	1206390037728
2	1206390131591	1206390133549
2	1206390138925	1206390140212
2	1206390149322	1206390151616
2	1206390153317	1206390155444
2	1206390159177	1206390161907
2	1206390198904	1206390201367
2	1206390210655	1206390213459
2	1206390228564	1206390229873
2	1206390233531	1206390235853
2	1206390248740	1206390251100
2	1206390269843	1206390271974
2	1206390275320	1206390277290
2	1206390293183	1206390296661
2	1206390383384	1206390385427
2	1206390387343	1206390389912
2	1206390390440	1206390392923
2	1206390395965	1206390398194
2	1206390404954	1206390408197
2	1206390408359	1206390410743
2	1206390423294	1206390425539
2	1206390463519	1206390467924
2	1206390472458	1206390474720
2	1206390487811	1206390491160
2	1206390583533	1206390586455
2	1206390595633	1206390598225
2	1206390612620	1206390617301
2	1206390738949	1206390741609
2	1206390782701	1206390786878
2	1206390874868	1206390876812
2	1206390877266	1206390879549
2	1206391282656	1206391285251
2	1206391297819	1206391300862
2	1206391404490	1206391408935
2	1206391723540	1206391725876
2	1206391770519	1206391772908
2	1206391832519	1206391835796
2	1206391836411	1206391838597
2	1206391994355	1206391998280
2	1206392021354	1206392023753
2	1206392105821	1206392112563
2	1206392185256	1206392186496
2	1206392188551	1206392190799
2	1206392234745	1206392236818
2	1206392244814	1206392247182
2	1206392247339	1206392250631
2	1206392571731	1206392573809
2	1206392580403	1206392582457
2	1206392584197	1206392586477
2	1206392622480	1206392626313
2	1206392660549	1206392664244
2	1206392677275	1206392678545
2	1206392679559	1206392681965
2	1206392683400	1206392686483
2	1206392706494	1206392710239
2	1206392727727	1206392731560
2	1206392796391	1206392800492
2	1206392813471	1206392816949
2	1206392823541	1206392825543
2	1206392837307	1206392839612
2	1206392845579	1206392848380
2	1206392854317	1206392859364
2	1206392868204	1206392870327
2	1206392921252	1206392923664
2	1206392998188	1206393002739
2	1206393019888	1206393022487
2	1206393028995	1206393031753
2	1206393053353	1206393055743
2	1206393061487	1206393063967
2	1206393064414	1206393066630
2	1206393081845	1206393084178
2	1206393085636	1206393087498
2	1206393088517	1206393091109
2	1206393098221	1206393103411
2	1206393111955	1206393114398
2	1206393133301	1206393135301
2	1206393152196	1206393156111
2	1206393160185	1206393163197
2	1206393176466	1206393181305
2	1206393217278	1206393219582
2	1206393221108	1206393223364
2	1206393244815	1206393247408
2	1206393262110	1206393263395
2	1206393268493	1206393271689
2	1206393272938	1206393274673
2	1206393276355	1206393279197
2	1206393280721	1206393282112
2	1206393319178	1206393325800
2	1206393401554	1206393404412
2	1206393404811	1206393407672
2	1206393413801	1206393417583
2	1206393430810	1206393435390
2	1206393436164	1206393442262
2	1206393445656	1206393448245
2	1206393449869	1206393455942
2	1206393458139	1206393459451
2	1206393463245	1206393465703
2	1206393466948	1206393472869
2	1206393480997	1206393482283
2	1206393491585	1206393494274
2	1206393526857	1206393528139
2	1206393564485	1206393569328
2	1206393574952	1206393578843
2	1206393579631	1206393580961
2	1206393581658	1206393587341
2	1206393688795	1206393690517
2	1206393692355	1206393695567
2	1206393710850	1206393715827
2	1206393717982	1206393722279
2	1206393732294	1206393736412
2	1206393736869	1206393738177
2	1206393744236	1206393747363
2	1206393749608	1206393755128
2	1206393773724	1206393775458
2	1206393782804	1206393789994
2	1206393809352	1206393811176
2	1206393849962	1206393851932
2	1206393916982	1206393919798
2	1206394383397	1206394387227
2	1206394389145	1206394391221
2	1206394393685	1206394396760
2	1206394676499	1206394680182
2	1206394746213	1206394748441
2	1206394854121	1206394856549
2	1206394865986	1206394868762
2	1206394993571	1206394995637
2	1206395018409	1206395027758
2	1206395032180	1206395035686
2	1206398193875	1206398195852
2	1206398196212	1206398200889
2	1206398211789	1206398219218
2	1206398227179	1206398230620
2	1206398247463	1206398249779
2	1206398256904	1206398261154
2	1206398273768	1206398276452
2	1206398292573	1206398294958
2	1206398297322	1206398299572
2	1206398301878	1206398303198
2	1206398307184	1206398311377
2	1206398323385	1206398328680
2	1206398341663	1206398345841
2	1206398356301	1206398358556
2	1206398364874	1206398367989
2	1206398372336	1206398381805
2	1206398381923	1206398393555
3	1206338678906	1206338681698
3	1206338687461	1206338691799
3	1206353498743	1206353505470
3	1206353508838	1206353510353
3	1206353517676	1206353522430
3	1206359784298	1206359789188
3	1206360362551	1206360373754
3	1206360376106	1206360378382
3	1206360382865	1206360384133
3	1206360385563	1206360392249
3	1206361566255	1206361575961
3	1206384456864	1206384465599
3	1206384468864	1206384481499
3	1206384484165	1206384491630
3	1206384503739	1206384505373
3	1206384505573	1206384508575
3	1206384509941	1206384535617
3	1206384574989	1206384581633
3	1206384583563	1206384594882
3	1206384609611	1206384615483
3	1206384617148	1206384624723
3	1206384627179	1206384629481
3	1206384650199	1206384661712
3	1206384749545	1206384751692
3	1206384756519	1206384758728
3	1206384760768	1206384762791
3	1206384809685	1206384812273
3	1206384816515	1206384821253
3	1206384876734	1206384883716
3	1206384999275	1206385000493
3	1206385055223	1206385057524
3	1206385073730	1206385075616
3	1206385085900	1206385087966
3	1206385124722	1206385126892
3	1206385261420	1206385263958
3	1206385268583	1206385270893
3	1206385398156	1206385400338
3	1206385402154	1206385404874
3	1206385413391	1206385419166
3	1206385515200	1206385519593
3	1206386097906	1206386099947
3	1206386191608	1206386196703
3	1206386613611	1206386616666
3	1206386645684	1206386646914
3	1206386647322	1206386649908
3	1206386780691	1206386784118
3	1206386786902	1206386794410
3	1206386814471	1206386816588
3	1206386885471	1206386886713
3	1206386891445	1206386894266
3	1206386930903	1206386935807
3	1206387030911	1206387036686
3	1206387168292	1206387170309
3	1206387216213	1206387218195
3	1206387233623	1206387236531
3	1206387328560	1206387330595
3	1206387341315	1206387344118
3	1206387344902	1206387347660
3	1206387348140	1206387350830
3	1206387352269	1206387354586
3	1206387656491	1206387660784
3	1206387861171	1206387866588
3	1206387922349	1206387925173
3	1206387927803	1206387930204
3	1206387933167	1206387935347
3	1206387983626	1206387986942
3	1206387997547	1206388001659
3	1206388004150	1206388012932
3	1206388015829	1206388018469
3	1206388095186	1206388097392
3	1206388115870	1206388118272
3	1206388291408	1206388293519
3	1206388501566	1206388503711
3	1206388955868	1206388958255
3	1206388984211	1206388986498
3	1206389126857	1206389128444
3	1206389227940	1206389230206
3	1206389361636	1206389363824
3	1206389477535	1206389482349
3	1206389492207	1206389494521
3	1206389558104	1206389560339
3	1206389658542	1206389660720
3	1206389874288	1206389876120
3	1206390472172	1206390474112
3	1206390553235	1206390555280
3	1206390596293	1206390598364
3	1206390738216	1206390740145
3	1206391658994	1206391661108
3	1206391700662	1206391702903
3	1206391714468	1206391716836
3	1206391928254	1206391930378
3	1206392191307	1206392194948
3	1206392312355	1206392314677
3	1206392436233	1206392440347
3	1206392507791	1206392511156
3	1206392649757	1206392651302
3	1206392701195	1206392703194
3	1206392704745	1206392705998
3	1206393784576	1206393787260
3	1206395026550	1206395029981
3	1206398228913	1206398253243
3	1206398257884	1206398261804
3	1206398262345	1206398287737
3	1206398292288	1206398296773
3	1206398296927	1206398305334
3	1206398306290	1206398310807
3	1206398358190	1206398365461
3	1206398374182	1206398379198
3	1206398394125	1206398400385
7	1206338439449	1206338444733
7	1206338664751	1206338673330
7	1206352130955	1206352133473
7	1206352136631	1206352139732
7	1206352140578	1206352162486
7	1206352164894	1206352171130
7	1206352172992	1206352178235
7	1206352183539	1206352191818
7	1206352220144	1206352220177
7	1206352224321	1206352225643
7	1206352235931	1206352238444
7	1206352245525	1206352249386
7	1206352250979	1206352253267
7	1206352264775	1206352266974
7	1206352415765	1206352431533
7	1206352756787	1206352762248
7	1206353490914	1206353496120
7	1206353508229	1206353511931
7	1206353521580	1206353531742
7	1206353545128	1206353555603
7	1206354102286	1206354103530
7	1206354122590	1206354124818
7	1206354135135	1206354137291
7	1206354138173	1206354140550
7	1206354447621	1206354449359
7	1206354452221	1206354459418
7	1206355242490	1206355246273
7	1206355249623	1206355253498
7	1206355253640	1206355256708
7	1206355257312	1206355263621
7	1206355266673	1206355271478
7	1206355299338	1206355304685
7	1206355351304	1206355356466
7	1206355528362	1206355535554
7	1206355548682	1206355554803
7	1206355558611	1206355560375
7	1206355578388	1206355583890
7	1206355584877	1206355590555
7	1206355951395	1206355956184
7	1206355986669	1206355994157
7	1206359766227	1206359768147
7	1206359771600	1206359775262
7	1206359783845	1206359786329
7	1206359787958	1206359791292
7	1206359791613	1206359795541
7	1206359997641	1206360001930
7	1206360356759	1206360363823
7	1206360392377	1206360396656
7	1206360433503	1206360440700
7	1206360442764	1206360445967
7	1206360481141	1206360482420
7	1206360547106	1206360549172
7	1206360571737	1206360576220
7	1206360616648	1206360618714
7	1206360696454	1206360698790
7	1206360707519	1206360711418
7	1206360721396	1206360723856
7	1206360732833	1206360734138
7	1206360769518	1206360771605
7	1206360798565	1206360799861
7	1206360865527	1206360873997
7	1206360879528	1206360882276
7	1206360887829	1206360892526
7	1206360899959	1206360904789
7	1206360915338	1206360921169
7	1206360950588	1206360952183
7	1206360952984	1206360955904
7	1206360972226	1206360977223
7	1206360989986	1206360992230
7	1206361005565	1206361007927
7	1206361018784	1206361021885
7	1206361022802	1206361025122
7	1206361069746	1206361071170
7	1206361074105	1206361076933
7	1206361080865	1206361084684
7	1206361087590	1206361095984
7	1206361139208	1206361142715
7	1206361143910	1206361146177
7	1206361146818	1206361150334
7	1206361197876	1206361207220
7	1206361228194	1206361230665
7	1206361238719	1206361241422
7	1206361245602	1206361248502
7	1206361565738	1206361568149
7	1206361948220	1206361955784
7	1206362165350	1206362172449
7	1206362535922	1206362541101
7	1206362549475	1206362552942
7	1206362689165	1206362691187
7	1206362696434	1206362698950
7	1206362699180	1206362701289
7	1206363027346	1206363040137
7	1206363170547	1206363173715
7	1206363185588	1206363187457
7	1206363472340	1206363475198
7	1206363477928	1206363479660
7	1206363513926	1206363516344
7	1206363520365	1206363524479
7	1206363525313	1206363527628
7	1206364729472	1206364740949
7	1206365235445	1206365241559
7	1206365248648	1206365252112
7	1206365254755	1206365257122
7	1206365596958	1206365599119
7	1206366183877	1206366187684
7	1206366188272	1206366193695
7	1206366195206	1206366197969
7	1206366224895	1206366226167
7	1206366227383	1206366230110
7	1206366237752	1206366239838
7	1206366241582	1206366244405
7	1206366247328	1206366249948
7	1206366728132	1206366729314
7	1206366731931	1206366734850
7	1206366736673	1206366741377
7	1206366742705	1206366746923
7	1206366747115	1206366755603
7	1206366772893	1206366777523
7	1206366781683	1206366783509
7	1206366790434	1206366793243
7	1206366959115	1206366961463
7	1206367019898	1206367024602
7	1206367037188	1206367039388
7	1206367215937	1206367217167
7	1206367218856	1206367222504
7	1206367241751	1206367250804
7	1206367405644	1206367408161
7	1206367409740	1206367414566
7	1206367415160	1206367417971
7	1206367440700	1206367442598
7	1206368057972	1206368065925
7	1206368076786	1206368084224
7	1206368090324	1206368096128
7	1206368436275	1206368443376
7	1206368484541	1206368487613
7	1206369189557	1206369190758
7	1206369625412	1206369632687
7	1206370099680	1206370101576
7	1206370634692	1206370639239
7	1206370739135	1206370743793
7	1206371184760	1206371190111
7	1206371701458	1206371706562
7	1206371711210	1206371713334
7	1206371750832	1206371753567
7	1206371857740	1206371860320
7	1206372266770	1206372268486
7	1206372325124	1206372329735
7	1206372545948	1206372547156
7	1206372548861	1206372552310
7	1206372594141	1206372596440
7	1206372827315	1206372829126
7	1206372830776	1206372833474
7	1206372843193	1206372845737
7	1206372860643	1206372864462
7	1206372910635	1206372912737
7	1206372916875	1206372922349
7	1206373231335	1206373233328
7	1206373234438	1206373237297
7	1206373241414	1206373241808
7	1206373245594	1206373250486
7	1206373506775	1206373508595
7	1206373514153	1206373516118
7	1206373945210	1206373949508
7	1206373949719	1206373952306
7	1206374207899	1206374212138
7	1206374313215	1206374315283
7	1206374355910	1206374361950
7	1206374363971	1206374367101
7	1206374367320	1206374371100
7	1206374378865	1206374381173
7	1206374400612	1206374404394
7	1206374466506	1206374469523
7	1206374506326	1206374509705
7	1206374559709	1206374562278
7	1206375084704	1206375090277
7	1206375118316	1206375125617
7	1206376709414	1206376712752
7	1206376715445	1206376720776
7	1206376724456	1206376730196
7	1206376731632	1206376735896
7	1206376753353	1206376757477
7	1206376757885	1206376762267
7	1206376775147	1206376777846
7	1206376784204	1206376787759
7	1206384498285	1206384500732
7	1206384564557	1206384566735
7	1206384568916	1206384571650
7	1206384779676	1206384784143
7	1206385637156	1206385641207
7	1206385641456	1206385644230
7	1206385645223	1206385650140
7	1206385931857	1206385938299
7	1206385938581	1206385944273
7	1206386093424	1206386098614
7	1206386114500	1206386119246
7	1206386134650	1206386138666
7	1206386405471	1206386408789
7	1206386609199	1206386618474
7	1206386776915	1206386779221
7	1206387217496	1206387223728
7	1206387257329	1206387259949
7	1206387473684	1206387478451
7	1206387914444	1206387916380
7	1206387977266	1206387981240
7	1206388093538	1206388096710
7	1206388096955	1206388113333
7	1206388194746	1206388196664
7	1206388199569	1206388209732
7	1206388213623	1206388216286
7	1206388221116	1206388223849
7	1206388224631	1206388226772
7	1206388792261	1206388794276
7	1206389164388	1206389167330
7	1206389168109	1206389180693
7	1206389233100	1206389235291
7	1206389235891	1206389239619
7	1206389378320	1206389380638
7	1206389494963	1206389497464
7	1206389503380	1206389507418
7	1206389522837	1206389525239
7	1206389545937	1206389548290
7	1206389554650	1206389555966
7	1206389689264	1206389691698
7	1206389787417	1206389789604
7	1206390072166	1206390075825
7	1206390091584	1206390097515
7	1206390103660	1206390106640
7	1206390107158	1206390112177
7	1206390173889	1206390179234
7	1206390179930	1206390182298
7	1206390182458	1206390184640
7	1206390189366	1206390196993
7	1206390254759	1206390258525
7	1206390291321	1206390294280
7	1206390470474	1206390471823
7	1206390521676	1206390524170
7	1206390806824	1206390808879
7	1206391042885	1206391047894
7	1206391052564	1206391057376
7	1206391073312	1206391075528
7	1206391081637	1206391086611
7	1206391086893	1206391090399
7	1206391293233	1206391295521
7	1206391362151	1206391364380
7	1206391466228	1206391471420
7	1206391479656	1206391481829
7	1206391643419	1206391648486
7	1206391649180	1206391653830
7	1206391686638	1206391702511
7	1206391706732	1206391709197
7	1206391710173	1206391714666
7	1206391718795	1206391725670
7	1206391834508	1206391841813
7	1206392102188	1206392106794
7	1206392185860	1206392188139
7	1206392203864	1206392210843
7	1206392232447	1206392234884
7	1206392283754	1206392285763
7	1206392288691	1206392291249
7	1206392325220	1206392327319
7	1206392349468	1206392352951
7	1206392377381	1206392378688
7	1206392493193	1206392497364
7	1206392527858	1206392530161
7	1206392548792	1206392551101
7	1206392555946	1206392558352
7	1206392563491	1206392580177
7	1206392680805	1206392684640
7	1206392731213	1206392733252
7	1206392772731	1206392774923
7	1206392813139	1206392818269
7	1206393092775	1206393094817
7	1206393100713	1206393103165
7	1206393103561	1206393107808
7	1206393144880	1206393148268
7	1206393148606	1206393153764
7	1206393153880	1206393156263
7	1206393240873	1206393242971
7	1206393250975	1206393256143
7	1206393261224	1206393265867
7	1206393273979	1206393276532
7	1206393380955	1206393382183
7	1206393511109	1206393519763
7	1206393761732	1206393763997
7	1206393764283	1206393766415
7	1206393767603	1206393769649
7	1206393771178	1206393774327
7	1206393813508	1206393815975
7	1206393816927	1206393821133
7	1206393851207	1206393855789
7	1206394465777	1206394467657
7	1206394536292	1206394537526
7	1206394569131	1206394575604
7	1206394577379	1206394580385
7	1206394599570	1206394602123
7	1206394606921	1206394612448
7	1206394621872	1206394623984
7	1206394981612	1206394983815
7	1206394985259	1206394987745
7	1206395010106	1206395014890
7	1206395018190	1206395020946
7	1206395025919	1206395031986
7	1206398200889	1206398203531
7	1206398223622	1206398225384
7	1206398250921	1206398259830
7	1206398285478	1206398293215
7	1206398304254	1206398312331
7	1206398316135	1206398323200
7	1206398323385	1206398328426
7	1206398333434	1206398337760
7	1206398339313	1206398342951
7	1206398344711	1206398347638
7	1206398347909	1206398351441
7	1206398352809	1206398357172
7	1206398366419	1206398369531
7	1206398369960	1206398373520
8	1206338434411	1206338439494
8	1206338459531	1206338470730
8	1206338662456	1206338668869
8	1206338672536	1206338681879
8	1206338688177	1206338696301
8	1206353460430	1206353464260
8	1206353481799	1206353484647
8	1206353529532	1206353534243
8	1206353542451	1206353546394
8	1206355524463	1206355528142
8	1206355549150	1206355557388
8	1206355580314	1206355585477
8	1206355587608	1206355593112
8	1206355949999	1206355953485
8	1206355993348	1206355996854
8	1206359760775	1206359768634
8	1206359776688	1206359785480
8	1206359789456	1206359790860
8	1206359791827	1206359794712
8	1206360345448	1206360350480
8	1206360360532	1206360366468
8	1206360387967	1206360393366
8	1206360614389	1206360618233
8	1206360849341	1206360853288
8	1206360919230	1206360921139
8	1206360991718	1206360993996
8	1206361252530	1206361259549
8	1206361563776	1206361567577
8	1206361571540	1206361578819
8	1206361580433	1206361585181
8	1206361946349	1206361949997
8	1206370637639	1206370641554
8	1206370737672	1206370741175
8	1206375087860	1206375092140
8	1206375115887	1206375120151
8	1206376733394	1206376737443
8	1206376747882	1206376753207
8	1206376762517	1206376764700
8	1206376772446	1206376774992
8	1206376775274	1206376780430
8	1206376782403	1206376784420
8	1206376787410	1206376790524
8	1206382482631	1206382484600
8	1206382485633	1206382489572
8	1206384366961	1206384368615
8	1206384393307	1206384396941
8	1206384442433	1206384448770
8	1206384449800	1206384453672
8	1206384454844	1206384458622
8	1206384485363	1206384494875
8	1206384495535	1206384499591
8	1206384566620	1206384570570
8	1206384712395	1206384716396
8	1206384720933	1206384722465
8	1206386096802	1206386101139
8	1206386111643	1206386115701
8	1206386650150	1206386653783
8	1206386883835	1206386886439
8	1206386893269	1206386896524
8	1206386928335	1206386931777
8	1206386940758	1206386944121
8	1206388555918	1206388559301
8	1206388687246	1206388690575
8	1206391723763	1206391727509
8	1206391832575	1206391836255
8	1206393773460	1206393779276
8	1206395020161	1206395022657
8	1206395022957	1206395028541
8	1206395032180	1206395036652
8	1206398193582	1206398198318
8	1206398248385	1206398251693
8	1206398351922	1206398355728
8	1206398377522	1206398389226
9	1206338433529	1206338435522
9	1206338693901	1206338698992
9	1206353458949	1206353466609
9	1206353480812	1206353484980
9	1206353520988	1206353525408
9	1206353528932	1206353534617
9	1206353542744	1206353544311
9	1206355524160	1206355526834
9	1206355552345	1206355555343
9	1206355588880	1206355593274
9	1206355949459	1206355951649
9	1206359762815	1206359766627
9	1206361253686	1206361255665
9	1206361256551	1206361260665
9	1206361563170	1206361568112
9	1206361577945	1206361583901
9	1206361945938	1206361948859
9	1206370638103	1206370641434
9	1206370736475	1206370738759
9	1206376767496	1206376772894
9	1206384484595	1206384488720
9	1206384491808	1206384498163
9	1206386097906	1206386100821
9	1206386111272	1206386113397
9	1206386644314	1206386648727
9	1206386649479	1206386654915
9	1206386882186	1206386889271
9	1206386892447	1206386898583
9	1206386927586	1206386932607
9	1206386940946	1206386945283
9	1206387230280	1206387234109
9	1206387234625	1206387237661
9	1206388686913	1206388689446
9	1206391724344	1206391728550
9	1206391831514	1206391833823
9	1206395032606	1206395037998
9	1206398193124	1206398197252
9	1206398398950	1206398402945
10	1206338182322	1206338184751
10	1206338265880	1206338268277
10	1206338366747	1206338368815
10	1206338472112	1206338476195
10	1206338495918	1206338498862
10	1206338704319	1206338709225
10	1206359934724	1206359937760
10	1206360390321	1206360395707
10	1206361266677	1206361270719
10	1206361273224	1206361280126
10	1206361334341	1206361336828
10	1206361379305	1206361381721
10	1206361381840	1206361385896
10	1206361391329	1206361393379
10	1206361398949	1206361405986
10	1206361421666	1206361425209
10	1206361437346	1206361443558
10	1206361444472	1206361446323
10	1206361454942	1206361461597
10	1206378390593	1206378393346
10	1206380746712	1206380749333
10	1206383562822	1206383565397
10	1206388845535	1206388852245
10	1206388867929	1206388870179
10	1206389005653	1206389008599
10	1206389030130	1206389033784
10	1206389720533	1206389721665
10	1206389945224	1206389949301
11	1206338101613	1206338106142
11	1206338119702	1206338122996
11	1206338265430	1206338267493
11	1206338269909	1206338273317
11	1206338361392	1206338369722
11	1206338497138	1206338500475
11	1206338739190	1206338741157
11	1206361416588	1206361418736
11	1206361434461	1206361437457
11	1206361442960	1206361445215
11	1206361453234	1206361456963
11	1206361475442	1206361477848
11	1206378408542	1206378414121
11	1206378471480	1206378475785
11	1206378478460	1206378484387
11	1206378486248	1206378488126
11	1206378491687	1206378496136
11	1206378504374	1206378507493
11	1206378612249	1206378617126
11	1206378627375	1206378632773
11	1206378661330	1206378663474
11	1206378667425	1206378671946
11	1206378683473	1206378688366
11	1206378710941	1206378718708
11	1206378753593	1206378755952
11	1206378756694	1206378759518
11	1206378776126	1206378778310
11	1206378779928	1206378784218
11	1206378787582	1206378789946
11	1206378841922	1206378847163
11	1206378863361	1206378867736
11	1206378881353	1206378886948
11	1206378927461	1206378944993
11	1206378946687	1206378954731
11	1206378957878	1206378960255
11	1206378967213	1206378971880
11	1206379001507	1206379008208
11	1206379010666	1206379012554
11	1206379012796	1206379015650
11	1206379018662	1206379026919
11	1206379027449	1206379036690
11	1206379038190	1206379040839
11	1206379190182	1206379196250
11	1206379217966	1206379220965
11	1206379263834	1206379278507
11	1206379279205	1206379281804
11	1206379307923	1206379313643
11	1206379317275	1206379320247
11	1206379371430	1206379372611
11	1206379373615	1206379375918
11	1206379379795	1206379381279
11	1206379397655	1206379399612
11	1206379411429	1206379430418
11	1206379433381	1206379434784
11	1206379435778	1206379439269
11	1206379441942	1206379445188
11	1206379484811	1206379486693
11	1206379518421	1206379521834
11	1206379534409	1206379545564
11	1206379547737	1206379549781
11	1206379551487	1206379556821
11	1206379563766	1206379569234
11	1206379575416	1206379576620
11	1206379581753	1206379585911
11	1206379623891	1206379626313
11	1206379681842	1206379684232
11	1206379691609	1206379693765
11	1206379791914	1206379793915
11	1206379795128	1206379798752
11	1206380133369	1206380135258
11	1206380137407	1206380138600
11	1206380263937	1206380267445
11	1206380322910	1206380324704
11	1206380331431	1206380333520
11	1206380486598	1206380487744
11	1206380508986	1206380512233
11	1206380718914	1206380720912
11	1206380732877	1206380736760
11	1206380744265	1206380749779
11	1206383563649	1206383565783
11	1206388844105	1206388849825
11	1206388954847	1206388957233
11	1206389006167	1206389008394
11	1206389014319	1206389016215
11	1206389019494	1206389020733
11	1206389021246	1206389023602
11	1206389030521	1206389038267
11	1206389529478	1206389536349
11	1206389537597	1206389539979
11	1206389838551	1206389841989
11	1206389895273	1206389897340
11	1206389938287	1206389941262
11	1206389947205	1206389954829
11	1206390142717	1206390143877
11	1206392914185	1206392918132
12	1206338363304	1206338366119
12	1206338399802	1206338401960
12	1206338403764	1206338408833
12	1206338500268	1206338502439
12	1206338738584	1206338740466
12	1206359973717	1206359993278
12	1206359996859	1206359999293
12	1206360000374	1206360012601
12	1206360018615	1206360022609
12	1206360024337	1206360026694
12	1206360032437	1206360034685
12	1206360035531	1206360037993
12	1206360068554	1206360072191
12	1206360072329	1206360073507
12	1206360076595	1206360076608
12	1206360116924	1206360121727
12	1206360122156	1206360134306
12	1206360136254	1206360151374
12	1206360151538	1206360153509
12	1206360155541	1206360157781
12	1206360158269	1206360160276
12	1206360160552	1206360168634
12	1206360171237	1206360173931
12	1206360184680	1206360191926
12	1206360197266	1206360208323
12	1206360213280	1206360215218
12	1206360215983	1206360219891
12	1206360226364	1206360226620
12	1206360241428	1206360250897
12	1206360251751	1206360268460
12	1206360271661	1206360285809
12	1206360286401	1206360300548
12	1206360300702	1206360312251
12	1206360312535	1206360321892
12	1206360338572	1206360340801
12	1206360363475	1206360365702
12	1206360373638	1206360380946
12	1206360388587	1206360396471
12	1206360404400	1206360406375
12	1206360412294	1206360417707
12	1206360422728	1206360428604
12	1206360436950	1206360438997
12	1206360443952	1206360464752
12	1206360467826	1206360497556
12	1206360499270	1206360510374
12	1206360535346	1206360540563
12	1206360564429	1206360566406
12	1206360579375	1206360586447
12	1206360599115	1206360601522
12	1206360614290	1206360616648
12	1206360627382	1206360631615
12	1206360651610	1206360654650
12	1206360694622	1206360695874
12	1206360705815	1206360708532
12	1206360750822	1206360751413
12	1206360798927	1206360801541
12	1206360887557	1206360889954
12	1206360892221	1206360894259
12	1206360895298	1206360897119
12	1206360910725	1206360913685
12	1206360942567	1206360943743
12	1206360964374	1206360965570
12	1206360965723	1206360968113
12	1206360968272	1206360970498
12	1206360970693	1206360972916
12	1206360973231	1206360980809
12	1206360997858	1206361002470
12	1206361004575	1206361006727
12	1206361015215	1206361015751
12	1206361028346	1206361029538
12	1206361060820	1206361064652
12	1206361070550	1206361072886
12	1206361088348	1206361093509
12	1206361096581	1206361103586
12	1206361116451	1206361121594
12	1206361124763	1206361129842
12	1206361131268	1206361133255
12	1206361133713	1206361136244
12	1206361151893	1206361153278
12	1206361154359	1206361162869
12	1206361167127	1206361169650
12	1206361190237	1206361197530
12	1206361200154	1206361200288
12	1206361206366	1206361212275
12	1206361225870	1206361227663
12	1206361232590	1206361233834
12	1206361256265	1206361268134
12	1206361270332	1206361274298
12	1206361333907	1206361336810
12	1206361337889	1206361339838
12	1206361344486	1206361346806
12	1206361371418	1206361380387
12	1206361381627	1206361383438
12	1206361388976	1206361391617
12	1206361394275	1206361396675
12	1206361398695	1206361400341
12	1206361401689	1206361447649
12	1206361448123	1206361458936
12	1206361459962	1206361480626
12	1206361480884	1206361484278
12	1206361486462	1206361487688
12	1206361493613	1206361498272
12	1206361503335	1206361525654
12	1206361527222	1206361531310
12	1206361536953	1206361540895
12	1206361551280	1206361555442
12	1206361556319	1206361564990
12	1206361565122	1206361569499
12	1206361572653	1206361580614
13	1206338398850	1206338401454
13	1206338402264	1206338407644
13	1206338501836	1206338505929
13	1206338507555	1206338512411
13	1206338727185	1206338734626
14	1206338086562	1206338089949
14	1206338095775	1206338100495
14	1206338428804	1206338430833
14	1206338661200	1206338665733
14	1206338695889	1206338698293
14	1206338701387	1206338703250
14	1206353435224	1206353437244
14	1206353457382	1206353460893
14	1206353472814	1206353474153
14	1206353527808	1206353529923
14	1206359759723	1206359761641
14	1206361254273	1206361256407
14	1206361561997	1206361564106
14	1206361582618	1206361587389
14	1206370638678	1206370640956
14	1206384395535	1206384397473
14	1206386098748	1206386100564
14	1206386643583	1206386645553
14	1206386651935	1206386655322
14	1206386879664	1206386883974
14	1206386895548	1206386897712
14	1206387229139	1206387231295
14	1206387236165	1206387238572
14	1206388557583	1206388559654
14	1206388625153	1206388629544
14	1206388631793	1206388633152
14	1206390437347	1206390441663
14	1206390451812	1206390461964
14	1206390473636	1206390480438
14	1206395034157	1206395038113
14	1206395736812	1206395739122
15	1206338086283	1206338088499
15	1206338096839	1206338102377
15	1206338426265	1206338429922
15	1206338469220	1206338471864
15	1206338659821	1206338664503
15	1206338697802	1206338699827
15	1206338699965	1206338706316
15	1206353434840	1206353438204
15	1206353457515	1206353461162
15	1206353463893	1206353467616
15	1206353470393	1206353474583
15	1206353479915	1206353482108
15	1206353522199	1206353524348
15	1206353528148	1206353530583
15	1206353532442	1206353536326
15	1206355590272	1206355594292
15	1206355948673	1206355950575
15	1206359759236	1206359762305
15	1206361254529	1206361257718
15	1206361258603	1206361261999
15	1206361561361	1206361564609
15	1206361583365	1206361589943
15	1206361945761	1206361947593
15	1206370638930	1206370642911
15	1206370735344	1206370738371
15	1206375089182	1206375091190
15	1206375114639	1206375116610
15	1206376734699	1206376737841
15	1206376745943	1206376750538
15	1206376764275	1206376766309
15	1206376778178	1206376780198
15	1206382482503	1206382482615
15	1206382494352	1206382496148
15	1206384440206	1206384442555
15	1206384483236	1206384485856
15	1206386099201	1206386102502
15	1206386110584	1206386113616
15	1206386643308	1206386647507
15	1206386653195	1206386656563
15	1206386879409	1206386883481
15	1206386895880	1206386900305
15	1206386918126	1206386920465
15	1206386924727	1206386928940
15	1206386942930	1206386947222
15	1206387236376	1206387238441
15	1206388557864	1206388560117
15	1206388615733	1206388631274
15	1206388631657	1206388633872
15	1206388685870	1206388688803
15	1206390436567	1206390440913
15	1206390452819	1206390464145
15	1206390473497	1206390484194
15	1206390489283	1206390492934
15	1206390496444	1206390501962
15	1206390510233	1206390514869
15	1206390529952	1206390533229
15	1206390548208	1206390551460
15	1206391725406	1206391729434
15	1206391830362	1206391833124
15	1206392959596	1206392961939
15	1206392970236	1206392972527
15	1206392978881	1206392982914
15	1206392998601	1206393001863
15	1206393039904	1206393045450
15	1206393179446	1206393181144
15	1206393594591	1206393596395
15	1206395033849	1206395038238
15	1206395736446	1206395738968
15	1206395744777	1206395746801
15	1206398192475	1206398196832
15	1206398400924	1206398403774
16	1206338099294	1206338102704
16	1206338425795	1206338429276
16	1206338470122	1206338473243
16	1206338702476	1206338705525
16	1206349498631	1206349502327
16	1206353470956	1206353471947
16	1206353531743	1206353535995
16	1206353540941	1206353543234
16	1206355523266	1206355524463
16	1206355591282	1206355594628
16	1206355948418	1206355950357
16	1206359759273	1206359763725
16	1206359933512	1206359936200
16	1206361259207	1206361262123
16	1206361279130	1206361286336
16	1206361315546	1206361321458
16	1206361321576	1206361324139
16	1206361332758	1206361335613
16	1206361406943	1206361409974
16	1206361410863	1206361414994
16	1206361418867	1206361421133
16	1206361507832	1206361511250
16	1206361560701	1206361563638
16	1206361586760	1206361589227
16	1206361944810	1206361946814
16	1206370639590	1206370641674
16	1206376746866	1206376750268
16	1206378392174	1206378394125
16	1206378406521	1206378409106
16	1206386099484	1206386101300
16	1206386109762	1206386111482
16	1206386911223	1206386913473
16	1206386915441	1206386921323
16	1206388685596	1206388686777
16	1206389004909	1206389006787
16	1206390480438	1206390486251
16	1206390488643	1206390493827
16	1206390511725	1206390518411
16	1206390521808	1206390526511
16	1206390529480	1206390534846
16	1206390548563	1206390551960
16	1206391726321	1206391729305
16	1206391829978	1206391833346
16	1206392956693	1206392959185
16	1206393175529	1206393180216
16	1206393591229	1206393593700
16	1206393726634	1206393728591
16	1206393730889	1206393732781
16	1206393796192	1206393798292
16	1206398191783	1206398193428
16	1206398193875	1206398195852
17	1206338100637	1206338104309
17	1206338119451	1206338120310
17	1206338183722	1206338186538
17	1206338264715	1206338266597
17	1206338270883	1206338273197
17	1206338355210	1206338358484
17	1206338407395	1206338409447
17	1206338513201	1206338516209
17	1206338740730	1206338744452
17	1206358624218	1206358626416
17	1206359170363	1206359172729
17	1206359973299	1206359975899
17	1206376849430	1206376851111
17	1206378407994	1206378410218
17	1206378626343	1206378627567
17	1206383564876	1206383567113
17	1206388842856	1206388845852
17	1206389036591	1206389042374
17	1206389530211	1206389532183
17	1206389949523	1206389954193
17	1206390141825	1206390147244
18	1206338355518	1206338358794
18	1206338730399	1206338732233
18	1206338734791	1206338738370
18	1206359972261	1206359976444
18	1206359978518	1206359979708
18	1206360504448	1206360507193
18	1206360527941	1206360529109
18	1206360584102	1206360586687
18	1206360907151	1206360908991
18	1206361024111	1206361026389
18	1206361061832	1206361063692
18	1206361084296	1206361086132
18	1206361402240	1206361405250
18	1206361406476	1206361408758
18	1206361409120	1206361412714
18	1206361418546	1206361422365
18	1206361426798	1206361434319
18	1206361439188	1206361445877
18	1206361448288	1206361451909
18	1206361460208	1206361463671
18	1206361465899	1206361467509
18	1206361470354	1206361472935
18	1206361473866	1206361475908
18	1206361476849	1206361480314
18	1206361481665	1206361485182
18	1206361505418	1206361507281
18	1206361509353	1206361511476
18	1206361551956	1206361554114
18	1206361555442	1206361557683
18	1206361559961	1206361564106
18	1206361564745	1206361566609
18	1206361572796	1206361575403
18	1206361576179	1206361580592
18	1206389529809	1206389531988
19	1206338076418	1206338084937
19	1206338651906	1206338655707
19	1206362152682	1206362156589
19	1206364953364	1206364954952
19	1206371244796	1206371248523
19	1206390357372	1206390371253
19	1206390376451	1206390386364
19	1206390396342	1206390406222
19	1206390413313	1206390416705
19	1206390418311	1206390423882
19	1206390430333	1206390437634
20	1206338082292	1206338082901
20	1206338649385	1206338657543
20	1206348386192	1206348388403
20	1206348390360	1206348395292
20	1206348397127	1206348406831
20	1206350915342	1206350916988
20	1206350917110	1206350922150
20	1206350928727	1206350938797
20	1206350941598	1206350943967
20	1206350944158	1206350946404
20	1206350955962	1206350963125
20	1206350963732	1206350966505
20	1206350970570	1206350976394
20	1206350980752	1206350983147
20	1206350984887	1206350993554
20	1206351001711	1206351006391
20	1206351012212	1206351012497
20	1206351016621	1206351019374
20	1206351046417	1206351048327
20	1206351052706	1206351054698
20	1206351060422	1206351062363
20	1206351316527	1206351319905
20	1206351322317	1206351329210
20	1206351329876	1206351332652
20	1206351335190	1206351338746
20	1206351342925	1206351346583
20	1206351402332	1206351407426
20	1206351525307	1206351528154
20	1206351530332	1206351537408
20	1206351540460	1206351543162
20	1206351545303	1206351547906
20	1206351549983	1206351555184
20	1206351771477	1206351776871
20	1206351779852	1206351784931
20	1206351797638	1206351799679
20	1206351827833	1206351830109
20	1206351841297	1206351845337
20	1206351868914	1206351873647
20	1206352758620	1206352760932
20	1206352783329	1206352785685
20	1206352870505	1206352879861
20	1206353409740	1206353411750
20	1206353412234	1206353413502
20	1206353423493	1206353424757
20	1206353431118	1206353437858
20	1206353443309	1206353458814
20	1206353473687	1206353480953
20	1206353523648	1206353529276
20	1206356763651	1206356771366
20	1206356785907	1206356787233
20	1206357124842	1206357126869
20	1206357651372	1206357657243
20	1206357676260	1206357678410
20	1206357680276	1206357681568
20	1206357685266	1206357687562
20	1206357712816	1206357715170
20	1206357739270	1206357741546
20	1206357806465	1206357808961
20	1206357839485	1206357841488
20	1206357854362	1206357857565
20	1206357886493	1206357888474
20	1206357941638	1206357944195
20	1206357961317	1206357963662
20	1206357972693	1206357975289
20	1206357993516	1206357997524
20	1206358004539	1206358008693
20	1206358019654	1206358023284
20	1206358228610	1206358230862
20	1206358238817	1206358241124
20	1206358249809	1206358257828
20	1206358473139	1206358478586
20	1206358482114	1206358488614
20	1206358560707	1206358563594
20	1206359223988	1206359229601
20	1206359247526	1206359250889
20	1206359257845	1206359263590
20	1206359301227	1206359305701
20	1206359382666	1206359387720
20	1206359685598	1206359691205
20	1206359796330	1206359798107
20	1206359889376	1206359891576
20	1206359896875	1206359899155
20	1206359923845	1206359926249
20	1206359928685	1206359937372
20	1206361623998	1206361632915
20	1206361691795	1206361695712
20	1206361697207	1206361703879
20	1206361995147	1206362000133
20	1206362066328	1206362070557
20	1206362125213	1206362130367
20	1206362133595	1206362137757
20	1206362144620	1206362154641
20	1206364949893	1206364951612
20	1206364955653	1206364955925
20	1206364972730	1206364980885
20	1206365050203	1206365052240
20	1206365055440	1206365057974
20	1206365100957	1206365106527
20	1206365407559	1206365411537
20	1206365484545	1206365488829
20	1206365505804	1206365505999
20	1206365603688	1206365605648
20	1206365702447	1206365704535
20	1206365788704	1206365791417
20	1206365848963	1206365852850
20	1206365859725	1206365864354
20	1206366229848	1206366231983
20	1206366239342	1206366241714
20	1206366417634	1206366418838
20	1206366421890	1206366424453
20	1206366477113	1206366479292
20	1206366861107	1206366862920
20	1206366866152	1206366871538
20	1206366946360	1206366949170
20	1206367209321	1206367211893
20	1206367224429	1206367227185
20	1206367274547	1206367275787
20	1206367289727	1206367292762
20	1206367350830	1206367353325
20	1206367741755	1206367744137
20	1206367752194	1206367754754
20	1206367813420	1206367816780
20	1206367961877	1206367967692
20	1206367979284	1206367986446
20	1206367987346	1206367995429
20	1206368002517	1206368005711
20	1206368098934	1206368100944
20	1206368217282	1206368219202
20	1206368219606	1206368222121
20	1206368222445	1206368227581
20	1206368331586	1206368334823
20	1206368334977	1206368337492
20	1206368339689	1206368342173
20	1206368371270	1206368376526
20	1206368444878	1206368447539
20	1206368452361	1206368458437
20	1206368459587	1206368466188
20	1206368471578	1206368475348
20	1206368475916	1206368481347
20	1206368537618	1206368541822
20	1206368543510	1206368546561
20	1206368556453	1206368565550
20	1206368566475	1206368568723
20	1206368571534	1206368574653
20	1206368610547	1206368612603
20	1206368620853	1206368626930
20	1206368650165	1206368654949
20	1206368656210	1206368658778
20	1206368751267	1206368752510
20	1206368757471	1206368761585
20	1206368767838	1206368770533
20	1206368771122	1206368776187
20	1206368792236	1206368794591
20	1206368795362	1206368798236
20	1206368806965	1206368808233
20	1206368816360	1206368817629
20	1206368818642	1206368825404
20	1206368836876	1206368839683
20	1206368848683	1206368850698
20	1206368867361	1206368869461
20	1206368872217	1206368874999
20	1206368880694	1206368883318
20	1206368933456	1206368937469
20	1206368981977	1206368984824
20	1206369049295	1206369051617
20	1206369052738	1206369055419
20	1206369522832	1206369527854
20	1206369587195	1206369589562
20	1206369641587	1206369644319
20	1206369650708	1206369653414
20	1206369655557	1206369662893
20	1206369675877	1206369682511
20	1206369692398	1206369696708
20	1206369803208	1206369807152
20	1206369808320	1206369810846
20	1206369883744	1206369884231
20	1206369885275	1206369890312
20	1206369895894	1206369898720
20	1206369901655	1206369905870
20	1206369908519	1206369920248
20	1206369921559	1206369926150
20	1206369936781	1206369941252
20	1206369990864	1206369996783
20	1206370040824	1206370044838
20	1206370055267	1206370057978
20	1206370061352	1206370062645
20	1206370067365	1206370071818
20	1206370146634	1206370149185
20	1206370153335	1206370154592
20	1206370245488	1206370251160
20	1206370495208	1206370496411
20	1206370501474	1206370505519
20	1206370580455	1206370582727
20	1206370588388	1206370590602
20	1206370646707	1206370649375
20	1206370649943	1206370652583
20	1206370653595	1206370658774
20	1206370815756	1206370818370
20	1206370819588	1206370822213
20	1206370878170	1206370880765
20	1206370882590	1206370887263
20	1206370897738	1206370900410
20	1206370900958	1206370903698
20	1206370904987	1206370910476
20	1206370916292	1206370918702
20	1206370920350	1206370922817
20	1206370959872	1206370962467
20	1206370964495	1206370966951
20	1206370972922	1206370975964
20	1206370995107	1206371000329
20	1206371034662	1206371044607
20	1206371047758	1206371052511
20	1206371070759	1206371075468
20	1206371076600	1206371079225
20	1206371082545	1206371088558
20	1206371092472	1206371095144
20	1206371115392	1206371118866
20	1206371119996	1206371122772
20	1206371124590	1206371127640
20	1206371152258	1206371154891
20	1206371157542	1206371174301
20	1206371179712	1206371184295
20	1206371189652	1206371196778
20	1206371200125	1206371215156
20	1206371219789	1206371251601
20	1206371255546	1206371262743
20	1206376850218	1206376853616
20	1206376854501	1206376855779
20	1206376857740	1206376861292
20	1206376861591	1206376864632
20	1206376864900	1206376884371
20	1206376884978	1206376892383
20	1206376901621	1206376910954
20	1206376912222	1206376917820
20	1206376964857	1206376967861
20	1206376969569	1206376977549
20	1206376981137	1206376984288
20	1206377288598	1206377291395
20	1206377292792	1206377296674
20	1206377525766	1206377531523
20	1206383122961	1206383128694
20	1206383134307	1206383138160
20	1206383145641	1206383148403
20	1206383150290	1206383155627
20	1206383286511	1206383287715
20	1206383309945	1206383311185
20	1206383312497	1206383322220
20	1206383322355	1206383332294
20	1206383332467	1206383334868
20	1206383337764	1206383351327
20	1206383353313	1206383358349
20	1206383419378	1206383421643
20	1206383425916	1206383427463
20	1206383431753	1206383436288
20	1206383448418	1206383453660
20	1206383555642	1206383558278
20	1206383559979	1206383564423
20	1206383564731	1206383568214
20	1206383571574	1206383576444
20	1206383586441	1206383588988
20	1206383650832	1206383654383
20	1206383690516	1206383692760
20	1206383707354	1206383712962
20	1206383851962	1206383854525
20	1206383854972	1206383857326
20	1206383977766	1206383979992
20	1206383983154	1206383988242
20	1206383988578	1206383989880
20	1206384015128	1206384016447
20	1206384091869	1206384094531
20	1206384109368	1206384112310
20	1206384274518	1206384276785
20	1206384295678	1206384298369
20	1206384303587	1206384306119
20	1206384323339	1206384329863
20	1206384392863	1206384395535
20	1206384471218	1206384473467
20	1206384511663	1206384523346
20	1206384524172	1206384526662
20	1206384526894	1206384528164
20	1206384585407	1206384589688
20	1206384661560	1206384666457
20	1206384859960	1206384873470
20	1206384879269	1206384893943
20	1206384971732	1206384977110
20	1206384977278	1206384979622
20	1206384982732	1206384985320
20	1206384997516	1206385003968
20	1206385009950	1206385012304
20	1206385013504	1206385015745
20	1206385068153	1206385070817
20	1206385364651	1206385367159
20	1206385423509	1206385424761
20	1206385457289	1206385459669
20	1206385925782	1206385929881
20	1206386457223	1206386462688
20	1206386474489	1206386477790
20	1206386485306	1206386489854
20	1206386520509	1206386524498
20	1206386561350	1206386566723
20	1206386581187	1206386593673
20	1206386594420	1206386598130
20	1206386611623	1206386620305
20	1206386625594	1206386628190
20	1206386629899	1206386631171
20	1206386631945	1206386633919
20	1206386640820	1206386643858
20	1206386645179	1206386657530
20	1206386682417	1206386689106
20	1206386777555	1206386780233
20	1206386852837	1206386855281
20	1206386855632	1206386858321
20	1206386875649	1206386881879
20	1206386882790	1206386894776
20	1206387224668	1206387226787
20	1206387249583	1206387257198
20	1206387397569	1206387399989
20	1206387402397	1206387403649
20	1206387434592	1206387435822
20	1206387571150	1206387575687
20	1206387613715	1206387616153
20	1206387616729	1206387619131
20	1206387652580	1206387655569
20	1206387656134	1206387658474
20	1206387670243	1206387671550
20	1206387672187	1206387674530
20	1206387675378	1206387677701
20	1206387683462	1206387687411
20	1206387698589	1206387699848
20	1206387700510	1206387703182
20	1206387708844	1206387713550
20	1206387721711	1206387723607
20	1206387731797	1206387733886
20	1206387735477	1206387741208
20	1206387769718	1206387772142
20	1206387773232	1206387775320
20	1206387791322	1206387794310
20	1206387795888	1206387800715
20	1206387801814	1206387806230
20	1206387806607	1206387810631
20	1206387817215	1206387819656
20	1206387824433	1206387827229
20	1206387830612	1206387833562
20	1206387868973	1206387875801
20	1206387878908	1206387881611
20	1206387882764	1206387885329
20	1206387885765	1206387888592
20	1206387890713	1206387893155
20	1206387900775	1206387907414
20	1206387908626	1206387911314
20	1206387911471	1206387912764
20	1206387913242	1206387915372
20	1206387917959	1206387920349
20	1206387934703	1206387938652
20	1206387939559	1206387942303
20	1206387975869	1206387977802
20	1206387978948	1206387980236
20	1206388026451	1206388030309
20	1206388051211	1206388055770
20	1206388056756	1206388058280
20	1206388071213	1206388075251
20	1206388078705	1206388080927
20	1206388081823	1206388097230
20	1206388099110	1206388101785
20	1206388103305	1206388106621
20	1206388107700	1206388109977
20	1206388119178	1206388123470
20	1206388124740	1206388128471
20	1206388141374	1206388143697
20	1206388148731	1206388153959
20	1206388165262	1206388167531
20	1206388182419	1206388187144
20	1206388200451	1206388201696
20	1206388277719	1206388279911
20	1206388300212	1206388302430
20	1206388339393	1206388343747
20	1206388360387	1206388362715
20	1206388383919	1206388386420
20	1206388405126	1206388408978
20	1206388440342	1206388442575
20	1206388445616	1206388447502
20	1206388466341	1206388469939
20	1206388470578	1206388474262
20	1206388474622	1206388478631
20	1206388486185	1206388488639
20	1206388490814	1206388492739
20	1206388497596	1206388500771
20	1206388510203	1206388512294
20	1206388528629	1206388531166
20	1206388541366	1206388543417
20	1206388679653	1206388682110
20	1206388763844	1206388766409
20	1206388784577	1206388785850
20	1206388900975	1206388902199
20	1206389021109	1206389023313
20	1206389084111	1206389085261
20	1206389212408	1206389214784
20	1206389399689	1206389401652
20	1206389509723	1206389512651
20	1206389515527	1206389518698
20	1206389526111	1206389528824
20	1206389564398	1206389566927
20	1206389623580	1206389625424
20	1206389663650	1206389668170
20	1206389695659	1206389698189
20	1206389708825	1206389710986
20	1206389719365	1206389723650
20	1206389762246	1206389767343
20	1206389774141	1206389776430
20	1206389787378	1206389789191
20	1206389966368	1206389968940
20	1206389973800	1206389977902
20	1206389994899	1206389997293
20	1206390041974	1206390044575
20	1206390058852	1206390063499
20	1206390076457	1206390078676
20	1206390079242	1206390081934
20	1206390092274	1206390092656
20	1206390101351	1206390104207
20	1206390104486	1206390107288
20	1206390128960	1206390130405
20	1206390130790	1206390133320
20	1206390139344	1206390141705
20	1206390145507	1206390146350
20	1206390186499	1206390194140
20	1206390221758	1206390224960
20	1206390245564	1206390247564
20	1206390255710	1206390257617
20	1206390258819	1206390263324
20	1206390263705	1206390266446
20	1206390273941	1206390276104
20	1206390317129	1206390318364
20	1206390321241	1206390323203
20	1206390332319	1206390334868
20	1206390377527	1206390379834
20	1206390383723	1206390386165
20	1206390386607	1206390387898
20	1206390388839	1206390391249
20	1206390399465	1206390401715
20	1206390426694	1206390428402
20	1206390430928	1206390433268
20	1206390462767	1206390465111
20	1206390478873	1206390481276
20	1206390485791	1206390487665
20	1206390559638	1206390561930
20	1206390563127	1206390565545
20	1206390570525	1206390572231
20	1206390579235	1206390582273
20	1206390607235	1206390609769
20	1206390616778	1206390619217
20	1206390619525	1206390621901
20	1206390626193	1206390627927
20	1206390628855	1206390630865
20	1206390648989	1206390651621
20	1206390669878	1206390672251
20	1206390684181	1206390686748
20	1206390693681	1206390696871
20	1206390700424	1206390702440
20	1206390712777	1206390716506
20	1206390733204	1206390735145
20	1206390742904	1206390745186
20	1206390753257	1206390755307
20	1206390755814	1206390760895
20	1206390773634	1206390776102
20	1206390784377	1206390787156
20	1206390815526	1206390817281
20	1206390833467	1206390838544
20	1206390892966	1206390895562
20	1206390926157	1206390928423
20	1206390938102	1206390941934
20	1206390949427	1206390952578
20	1206390962214	1206390964657
20	1206390980770	1206390982926
20	1206391033395	1206391037955
20	1206391091889	1206391094390
20	1206391136305	1206391137263
20	1206391170275	1206391172781
20	1206391198880	1206391200132
20	1206391205929	1206391208296
20	1206391208512	1206391210887
20	1206391231535	1206391234685
20	1206391236448	1206391238804
20	1206391240538	1206391242510
20	1206391262652	1206391263936
20	1206391265862	1206391268591
20	1206391272515	1206391273789
20	1206391302596	1206391305206
20	1206391315589	1206391318514
20	1206391319449	1206391321795
20	1206391332588	1206391334968
20	1206391339563	1206391342125
20	1206391367371	1206391369465
20	1206391371892	1206391376226
20	1206391382429	1206391384985
20	1206391396796	1206391401711
20	1206391408527	1206391410710
20	1206391415706	1206391418333
20	1206391437846	1206391439867
20	1206391457757	1206391459965
20	1206391474104	1206391476666
20	1206391488952	1206391493947
20	1206391499186	1206391501270
20	1206391519268	1206391521897
20	1206391535714	1206391537900
20	1206391538108	1206391540844
20	1206391555475	1206391557663
20	1206391563182	1206391565179
20	1206391572275	1206391574729
20	1206391598523	1206391600699
20	1206391607486	1206391609730
20	1206391638215	1206391641434
20	1206391650570	1206391653106
20	1206391675223	1206391676943
20	1206391681359	1206391685426
20	1206391720541	1206391723337
20	1206391727384	1206391729793
20	1206391740739	1206391745154
20	1206391772771	1206391774248
20	1206391774704	1206391777265
20	1206391797554	1206391801679
20	1206391827252	1206391829623
20	1206391863328	1206391865944
20	1206391904358	1206391906716
20	1206391964883	1206391967288
20	1206391967459	1206391969846
20	1206391996181	1206391998407
20	1206392007698	1206392010986
20	1206392035344	1206392037391
20	1206392073644	1206392076221
20	1206392076817	1206392079412
20	1206392115153	1206392117668
20	1206392139220	1206392141608
20	1206392183868	1206392186296
20	1206392193197	1206392195428
20	1206392242967	1206392245510
20	1206392256284	1206392258455
20	1206392347988	1206392350580
20	1206392406601	1206392408875
20	1206392445420	1206392447951
20	1206392453509	1206392455743
20	1206392483880	1206392486446
20	1206392486780	1206392489380
20	1206392519256	1206392522511
20	1206392529660	1206392531938
20	1206392543111	1206392545447
20	1206392572652	1206392574676
20	1206392634519	1206392637108
20	1206392651920	1206392654129
20	1206392687756	1206392689995
20	1206392725974	1206392728517
20	1206392734126	1206392735388
20	1206392762136	1206392771797
20	1206392792920	1206392797237
20	1206392873240	1206392877112
20	1206392914247	1206392919564
20	1206392919790	1206392921769
20	1206392922843	1206392925491
20	1206392925649	1206392927646
20	1206392927862	1206392931922
20	1206393043716	1206393045980
20	1206393054204	1206393059124
20	1206393122711	1206393125595
20	1206393135419	1206393141313
20	1206393148578	1206393150310
20	1206393172813	1206393176329
20	1206393205583	1206393210723
20	1206393321877	1206393324172
20	1206393329276	1206393331650
20	1206393367684	1206393370859
20	1206393379520	1206393385648
20	1206393413605	1206393416187
20	1206393438191	1206393440948
20	1206393500480	1206393502548
20	1206393504161	1206393506198
20	1206393514284	1206393516688
20	1206393530570	1206393532551
20	1206393534553	1206393536595
20	1206393585481	1206393589889
20	1206393613498	1206393615456
20	1206393616924	1206393618209
20	1206393623406	1206393628585
20	1206393642469	1206393644986
20	1206393676753	1206393680998
20	1206393727781	1206393729757
20	1206393729952	1206393731222
20	1206393784417	1206393787713
20	1206393851744	1206393856437
20	1206393880568	1206393882609
20	1206393887604	1206393889924
20	1206394005609	1206394007677
20	1206394130900	1206394132133
20	1206394143523	1206394145833
20	1206394146606	1206394150225
20	1206394194166	1206394203483
20	1206394886159	1206394894389
20	1206395190121	1206395194557
20	1206395426375	1206395428464
20	1206395475691	1206395477691
20	1206395649452	1206395651629
20	1206395704854	1206395707104
20	1206395736140	1206395737384
20	1206395825341	1206395827489
20	1206395839305	1206395840288
20	1206395955368	1206395957637
20	1206395958269	1206395960573
20	1206395963401	1206395965688
20	1206396095881	1206396097411
20	1206396120900	1206396125179
20	1206396196204	1206396198582
20	1206396199740	1206396203776
20	1206396221291	1206396222546
20	1206396227567	1206396230490
20	1206396307767	1206396310253
20	1206396319541	1206396320786
20	1206396356805	1206396359251
20	1206396359652	1206396363196
20	1206396383327	1206396384730
20	1206396409998	1206396414702
20	1206396457138	1206396459156
20	1206396554402	1206396556660
20	1206396582841	1206396586433
20	1206396617539	1206396624161
20	1206396679365	1206396683650
20	1206396700269	1206396702965
20	1206396756561	1206396759135
20	1206396817660	1206396820109
20	1206397110305	1206397122219
20	1206397138767	1206397151338
20	1206397154893	1206397162685
20	1206397166697	1206397170532
20	1206397172532	1206397177246
20	1206397180835	1206397191243
21	1206338063595	1206338068556
21	1206338083272	1206338086952
21	1206338647943	1206338651398
21	1206338653301	1206338660422
21	1206348385441	1206348387829
21	1206348405296	1206348409950
21	1206348415219	1206348424501
21	1206350894510	1206350897104
21	1206350900851	1206350903897
21	1206350914312	1206350920237
21	1206350941447	1206350947228
21	1206350959122	1206350962835
21	1206350967761	1206350969875
21	1206350990710	1206350994399
21	1206351000606	1206351003835
21	1206352874227	1206352878992
21	1206353408208	1206353411262
21	1206353436166	1206353436460
21	1206353443555	1206353445405
21	1206353455777	1206353459229
21	1206353473684	1206353475680
21	1206353478540	1206353481958
21	1206353523520	1206353525643
21	1206353526556	1206353529532
21	1206356762909	1206356765627
21	1206358255219	1206358257696
21	1206358261205	1206358263373
21	1206358278308	1206358287987
21	1206358291127	1206358295127
21	1206358302664	1206358306733
21	1206358345394	1206358347650
21	1206358348686	1206358352124
21	1206358355304	1206358360831
21	1206358472150	1206358476368
21	1206358560457	1206358562873
21	1206358563867	1206358569537
21	1206359220951	1206359224898
21	1206359248848	1206359251512
21	1206359256662	1206359260379
21	1206359930865	1206359935106
21	1206361611374	1206361613327
21	1206361615484	1206361617690
21	1206361623302	1206361625958
21	1206361627496	1206361630876
21	1206361690616	1206361693858
21	1206362153804	1206362158485
21	1206362162395	1206362168415
21	1206364944690	1206364948879
21	1206364949293	1206364963304
21	1206364970780	1206364974518
21	1206367962640	1206367968887
21	1206367977504	1206367981498
21	1206368453846	1206368456711
21	1206368459138	1206368465109
21	1206369658423	1206369662725
21	1206369673687	1206369677145
21	1206371260832	1206371263600
21	1206376849709	1206376851404
21	1206376913282	1206376918366
21	1206376963407	1206376966833
21	1206376982735	1206376986542
21	1206376990412	1206376993139
21	1206377286396	1206377289603
21	1206377293819	1206377297282
21	1206377524805	1206377527847
21	1206377528759	1206377533533
21	1206383122511	1206383124614
21	1206384397207	1206384401994
21	1206385927339	1206385932760
21	1206386456302	1206386459313
21	1206386459841	1206386466445
21	1206386468245	1206386470967
21	1206386476270	1206386481126
21	1206386486972	1206386493571
21	1206386494733	1206386498733
21	1206386501192	1206386503640
21	1206386503773	1206386510175
21	1206386513943	1206386525811
21	1206386561188	1206386568483
21	1206386568767	1206386573489
21	1206386582190	1206386586297
21	1206386589256	1206386591854
21	1206386620957	1206386624904
21	1206386628942	1206386636403
21	1206386637461	1206386640382
21	1206386641121	1206386645819
21	1206386647186	1206386652979
21	1206386655482	1206386657825
21	1206386658126	1206386660618
21	1206386672969	1206386675109
21	1206386682642	1206386691796
21	1206386703161	1206386705935
21	1206386706275	1206386707568
21	1206386737494	1206386739990
21	1206386747683	1206386752485
21	1206386807111	1206386810281
21	1206386871809	1206386885905
21	1206386892569	1206386903682
21	1206387223402	1206387230917
21	1206387237418	1206387241182
21	1206387248807	1206387252196
21	1206390345191	1206390362220
21	1206390377731	1206390387598
21	1206390431251	1206390434513
21	1206390436567	1206390439376
21	1206391032172	1206391038609
21	1206392768892	1206392770821
21	1206393368224	1206393370236
21	1206393381383	1206393383699
21	1206393782523	1206393784857
21	1206394192706	1206394200114
21	1206394884934	1206394888307
21	1206396105392	1206396108180
21	1206396118297	1206396122674
21	1206397160827	1206397164963
21	1206397188616	1206397191402
21	1206398507167	1206398511532
22	1206338647325	1206338651127
22	1206338700425	1206338704319
22	1206348384338	1206348386505
22	1206348406716	1206348409488
22	1206348414105	1206348416901
22	1206348421564	1206348424271
22	1206350893791	1206350896640
22	1206350902577	1206350905104
22	1206350913440	1206350916106
22	1206350940876	1206350943494
22	1206350943835	1206350947104
22	1206350991840	1206350994555
22	1206350999755	1206351002201
22	1206352875486	1206352878427
22	1206353407473	1206353410214
22	1206353436338	1206353439476
22	1206353441746	1206353444367
22	1206356762109	1206356764702
22	1206358292437	1206358295527
22	1206358301486	1206358304844
22	1206358344452	1206358347431
22	1206358357634	1206358362756
22	1206358470745	1206358474225
22	1206358565572	1206358570215
22	1206359184538	1206359185768
22	1206359186200	1206359188544
22	1206359194575	1206359199568
22	1206359200356	1206359202798
22	1206359205356	1206359207163
22	1206359212630	1206359219360
22	1206359249209	1206359252211
22	1206359255928	1206359258636
22	1206361524780	1206361527448
22	1206361535713	1206361537755
22	1206361556511	1206361561361
22	1206361583901	1206361591518
22	1206361608606	1206361612134
22	1206361628688	1206361631788
22	1206361690435	1206361691306
22	1206362155150	1206362158614
22	1206362161559	1206362164547
22	1206362166248	1206362169154
22	1206364943810	1206364946308
22	1206364961385	1206364964114
22	1206364969772	1206364973512
22	1206367965446	1206367968526
22	1206367976552	1206367979928
22	1206369672831	1206369675724
22	1206371262476	1206371265572
22	1206375089973	1206375093742
22	1206375113204	1206375117250
22	1206376848242	1206376850486
22	1206376915403	1206376918604
22	1206376941483	1206376945311
22	1206376962514	1206376965185
22	1206376991532	1206376995728
22	1206377275883	1206377281159
22	1206377285197	1206377288167
22	1206377295293	1206377298537
22	1206377523509	1206377526569
22	1206377530269	1206377533722
22	1206377684463	1206377688668
22	1206378393346	1206378395333
22	1206378404737	1206378408258
22	1206383121184	1206383123560
22	1206384399179	1206384402425
22	1206385929366	1206385932378
22	1206386455208	1206386458133
22	1206386458605	1206386462310
22	1206386494858	1206386504584
22	1206386519353	1206386523717
22	1206386554294	1206386558286
22	1206386561967	1206386565219
22	1206386635759	1206386638945
22	1206386902850	1206386907317
22	1206386941937	1206386947450
22	1206387221892	1206387224571
22	1206387239372	1206387242330
22	1206387248824	1206387250406
22	1206390307547	1206390314126
22	1206390320633	1206390325947
22	1206390330779	1206390335176
22	1206390341426	1206390350183
22	1206390935190	1206390937166
22	1206391031300	1206391034305
22	1206391036393	1206391039377
22	1206393797251	1206393799278
22	1206393849414	1206393851474
22	1206394191688	1206394193844
22	1206394195294	1206394200580
22	1206394884301	1206394886717
22	1206395724778	1206395727747
22	1206395728754	1206395731709
22	1206395745825	1206395748232
22	1206396100571	1206396104875
22	1206396123639	1206396126935
22	1206397189659	1206397191785
22	1206398506141	1206398513936
22	1206398516432	1206398519620
23	1206348383124	1206348385788
23	1206348422511	1206348426607
23	1206350893127	1206350895225
23	1206350903193	1206350906135
23	1206350939688	1206350942328
23	1206350944574	1206350947680
23	1206350992756	1206350995175
23	1206350998595	1206351001349
23	1206352876241	1206352880523
23	1206353406758	1206353409651
23	1206355591620	1206355593592
23	1206356761189	1206356763959
23	1206358294127	1206358296385
23	1206358301795	1206358303125
23	1206358337202	1206358340188
23	1206358359301	1206358362892
23	1206358366863	1206358369456
23	1206358469693	1206358473395
23	1206358582383	1206358587888
23	1206358588265	1206358598246
23	1206358599342	1206358600750
23	1206358606511	1206358606768
23	1206358613350	1206358617306
23	1206358618982	1206358622796
23	1206358623182	1206358625344
23	1206358627329	1206358632700
23	1206358637591	1206358643393
23	1206358646411	1206358651152
23	1206358654738	1206358656761
23	1206358658999	1206358661719
23	1206358662589	1206358664861
23	1206358674196	1206358676848
23	1206358677747	1206358681577
23	1206358682277	1206358687248
23	1206358690208	1206358692312
23	1206358700215	1206358702626
23	1206358706749	1206358709914
23	1206358717607	1206358719153
23	1206358719696	1206358724291
23	1206358729209	1206358731321
23	1206358733815	1206358735780
23	1206358739280	1206358742491
23	1206358743489	1206358745721
23	1206358748199	1206358750611
23	1206358752221	1206358754965
23	1206358755154	1206358756452
23	1206358762838	1206358770829
23	1206358772717	1206358774286
23	1206358776600	1206358780371
23	1206358781160	1206358783475
23	1206358783937	1206358791443
23	1206358793238	1206358795340
23	1206358801546	1206358802884
23	1206358804318	1206358806436
23	1206358811887	1206358813992
23	1206358818899	1206358820923
23	1206358841157	1206358842309
23	1206358844342	1206358846895
23	1206358856756	1206358861223
23	1206358864804	1206358867480
23	1206358867706	1206358869128
23	1206358873997	1206358875998
23	1206358877278	1206358882459
23	1206358888215	1206358894819
23	1206358898332	1206358900796
23	1206358902983	1206358904742
23	1206358912600	1206358916352
23	1206358918265	1206358920772
23	1206358927778	1206358929722
23	1206358933632	1206358937426
23	1206358939468	1206358944266
23	1206358944590	1206358945906
23	1206358946206	1206358948938
23	1206358970896	1206358974462
23	1206358975795	1206358978192
23	1206358994115	1206358996665
23	1206359072492	1206359074934
23	1206359127326	1206359129755
23	1206359173897	1206359176344
23	1206359183172	1206359185172
23	1206359208347	1206359210491
23	1206359210915	1206359212779
23	1206359249996	1206359252566
23	1206359255301	1206359257845
23	1206359757941	1206359761209
23	1206361255805	1206361259207
23	1206361510459	1206361515731
23	1206361523152	1206361527522
23	1206361558878	1206361564106
23	1206361578107	1206361590132
23	1206361591223	1206361593224
23	1206361607239	1206361610551
23	1206361629757	1206361632652
23	1206361688388	1206361690801
23	1206362156323	1206362159495
23	1206362160823	1206362163511
23	1206362167353	1206362169690
23	1206364942927	1206364945426
23	1206364961969	1206364964846
23	1206364968886	1206364971840
23	1206367966809	1206367970215
23	1206367975790	1206367978605
23	1206371263334	1206371266450
23	1206376735611	1206376737308
23	1206376847358	1206376849980
23	1206376916678	1206376921711
23	1206376936473	1206376941342
23	1206376945651	1206376949693
23	1206376960160	1206376963965
23	1206376994560	1206376996635
23	1206377223550	1206377228231
23	1206377245153	1206377263200
23	1206377267872	1206377274233
23	1206377277705	1206377286644
23	1206377296269	1206377298175
23	1206377522319	1206377525525
23	1206377533259	1206377534232
23	1206377570222	1206377576575
23	1206377600550	1206377609693
23	1206377625732	1206377629677
23	1206377654744	1206377656891
23	1206377659958	1206377665342
23	1206377686256	1206377686369
23	1206377698307	1206377703225
23	1206377718842	1206377723224
23	1206377729119	1206377738225
23	1206377745119	1206377750463
23	1206377759378	1206377765517
23	1206377779917	1206377789328
23	1206377796801	1206377805826
23	1206377819484	1206377824648
23	1206377854808	1206377856534
23	1206377868719	1206377892136
23	1206377892418	1206377908273
23	1206377908595	1206377912877
23	1206377917953	1206377926736
23	1206377930370	1206377934868
23	1206377940921	1206377948460
23	1206377954885	1206377963671
23	1206377966214	1206377976801
23	1206377982411	1206377987981
23	1206377992387	1206377997744
23	1206378005433	1206378010913
23	1206378053630	1206378058591
23	1206378074566	1206378085470
23	1206378086355	1206378094889
23	1206378095418	1206378101698
23	1206378393700	1206378395333
23	1206383120390	1206383122793
23	1206384400795	1206384403499
23	1206385930366	1206385932958
23	1206386108898	1206386110866
23	1206386454248	1206386457223
23	1206386457856	1206386461731
23	1206386520319	1206386529652
23	1206386534215	1206386539534
23	1206386549794	1206386552562
23	1206386559887	1206386564906
23	1206386897966	1206386900856
23	1206386932241	1206386935668
23	1206386945163	1206386948608
23	1206387221663	1206387223346
23	1206387240303	1206387242507
23	1206387247524	1206387249710
23	1206388614749	1206388616536
23	1206388633459	1206388637356
23	1206390936729	1206390938875
23	1206391030514	1206391033539
23	1206391037837	1206391040291
23	1206393642601	1206393646575
23	1206393658283	1206393660415
23	1206393663706	1206393671831
23	1206393673314	1206393676635
23	1206393677950	1206393679878
23	1206393680512	1206393682731
23	1206393694325	1206393703129
23	1206393705767	1206393720223
23	1206393720887	1206393723258
23	1206393724839	1206393731824
23	1206393732125	1206393733450
23	1206393735517	1206393739552
23	1206393764919	1206393768586
23	1206393805199	1206393808763
23	1206393849808	1206393852843
23	1206394190129	1206394193201
23	1206394196869	1206394198399
23	1206394198647	1206394202460
23	1206394883275	1206394885967
23	1206395035942	1206395040442
23	1206395723283	1206395726968
23	1206395746559	1206395749438
23	1206396097999	1206396101359
23	1206396124648	1206396127232
23	1206396134680	1206396140950
23	1206397190670	1206397192827
23	1206398505250	1206398508948
23	1206398512346	1206398514316
24	1206338184893	1206338187134
24	1206338408229	1206338411213
24	1206338424144	1206338426531
24	1206338515960	1206338520193
24	1206338525456	1206338529871
24	1206338741426	1206338743272
24	1206338766368	1206338768702
24	1206348382283	1206348384812
24	1206349496724	1206349499453
24	1206349500978	1206349504121
24	1206350938174	1206350941316
24	1206350997784	1206350999539
24	1206352877300	1206352878732
24	1206353406458	1206353407747
24	1206353465549	1206353470683
24	1206353533602	1206353536492
24	1206353539856	1206353543234
24	1206355521565	1206355524225
24	1206355592975	1206355595831
24	1206355946801	1206355949237
24	1206356760261	1206356761989
24	1206358468771	1206358472293
24	1206358589179	1206358594643
24	1206359173622	1206359178525
24	1206359180853	1206359184845
24	1206359756875	1206359760107
24	1206361256551	1206361259928
24	1206361260791	1206361263673
24	1206361516927	1206361521366
24	1206361558138	1206361562273
24	1206361588714	1206361591846
24	1206361606277	1206361608222
24	1206361687494	1206361691404
24	1206361943544	1206361945522
24	1206364967758	1206364970333
24	1206367967415	1206367971326
24	1206370641180	1206370644224
24	1206370733385	1206370736880
24	1206376736882	1206376738895
24	1206376743705	1206376746746
24	1206376779292	1206376781128
24	1206376788862	1206376793106
24	1206376920843	1206376923950
24	1206376934476	1206376938791
24	1206377663405	1206377665187
24	1206377679504	1206377683920
24	1206377703506	1206377713656
24	1206377714346	1206377720733
24	1206377736705	1206377744387
24	1206377822869	1206377827567
24	1206378037509	1206378039591
24	1206378046751	1206378054494
24	1206378099787	1206378102349
24	1206382478715	1206382480345
24	1206382496828	1206382498820
24	1206384438303	1206384440795
24	1206384481222	1206384483236
24	1206386100858	1206386104497
24	1206386456888	1206386458741
24	1206386899415	1206386907652
24	1206386907937	1206386910317
24	1206386931171	1206386932384
24	1206386946982	1206386952659
24	1206388559380	1206388562543
24	1206388613942	1206388617580
24	1206388683858	1206388686478
24	1206389003151	1206389006417
24	1206389086792	1206389092405
24	1206389523836	1206389527701
24	1206389951725	1206389956311
24	1206390139685	1206390148272
24	1206390550349	1206390553509
24	1206390941462	1206390943547
24	1206391038489	1206391041265
24	1206391727794	1206391730677
24	1206391827688	1206391830580
24	1206393641313	1206393645113
24	1206393731599	1206393734114
24	1206393795788	1206393796972
24	1206393797115	1206393799915
24	1206393851802	1206393852978
24	1206394189788	1206394192828
24	1206394199623	1206394202320
24	1206394882377	1206394884691
24	1206395037185	1206395040720
24	1206395722219	1206395725877
24	1206396096224	1206396100852
24	1206396138861	1206396142321
24	1206397191402	1206397194539
24	1206398190586	1206398194550
24	1206398357771	1206398360188
24	1206398403353	1206398405916
24	1206398504546	1206398506240
24	1206398850227	1206398852159
25	1206338105862	1206338109142
25	1206338117538	1206338119516
25	1206338263377	1206338266139
25	1206338272914	1206338275347
25	1206338323895	1206338327654
25	1206338332176	1206338339326
25	1206338344932	1206338346585
25	1206338349252	1206338351564
25	1206338353906	1206338357164
25	1206338741847	1206338749400
25	1206338768491	1206338770490
25	1206349496245	1206349497492
25	1206355594783	1206355597202
25	1206356709825	1206356711684
25	1206358566453	1206358571446
25	1206358579130	1206358581213
25	1206358583669	1206358588799
25	1206358589784	1206358594301
25	1206358857431	1206358859493
25	1206358868272	1206358876118
25	1206358882998	1206358884455
25	1206358891730	1206358899910
25	1206358908265	1206358914245
25	1206358953415	1206358954663
25	1206358955256	1206358967839
25	1206358982389	1206358983743
25	1206358984481	1206358987402
25	1206358997950	1206359002807
25	1206359003441	1206359010100
25	1206359016852	1206359019206
25	1206359020839	1206359030835
25	1206359036712	1206359037997
25	1206359041873	1206359058350
25	1206359058608	1206359059897
25	1206359061253	1206359064117
25	1206359064316	1206359067975
25	1206359071852	1206359078535
25	1206359082944	1206359086833
25	1206359090508	1206359093729
25	1206359094453	1206359096576
25	1206359101377	1206359104130
25	1206359105320	1206359107430
25	1206359108843	1206359117993
25	1206359118293	1206359150554
25	1206359152670	1206359155252
25	1206359158945	1206359160213
25	1206359162419	1206359165691
25	1206359165999	1206359174502
25	1206359176344	1206359183352
25	1206359756383	1206359757363
25	1206359970669	1206359972705
25	1206361558388	1206361560266
25	1206361578657	1206361582738
25	1206376743995	1206376747615
25	1206378614277	1206378617964
25	1206378624415	1206378628740
25	1206383565521	1206383569352
25	1206386951743	1206386953947
25	1206388823479	1206388828521
25	1206388828927	1206388833671
25	1206388841509	1206388845351
25	1206389951980	1206389955979
25	1206390140161	1206390143993
25	1206390550853	1206390552805
25	1206395039155	1206395042147
25	1206398191516	1206398193303
25	1206398849581	1206398853578
26	1206338332299	1206338334373
26	1206338336363	1206338343130
26	1206338352547	1206338354408
26	1206338745874	1206338749238
26	1206338759529	1206338759813
26	1206347803410	1206347805538
26	1206347834835	1206347838845
26	1206347912477	1206347914562
26	1206347976713	1206347980909
26	1206352040547	1206352042463
26	1206352043943	1206352045165
26	1206352047812	1206352052360
26	1206356713242	1206356714413
26	1206356908383	1206356910780
26	1206356911394	1206356913616
26	1206356964383	1206356966863
26	1206356968301	1206356970937
26	1206357036497	1206357041730
26	1206357045198	1206357048677
26	1206357048758	1206357049970
26	1206357131483	1206357134215
26	1206357261204	1206357263490
26	1206357426763	1206357429108
26	1206357434563	1206357436695
26	1206357607445	1206357609430
26	1206357629990	1206357632947
26	1206357913427	1206357917535
26	1206357945689	1206357948284
26	1206357984434	1206357987201
26	1206357992256	1206357995788
26	1206358158934	1206358160673
26	1206358274728	1206358276943
26	1206358278625	1206358286171
26	1206358304214	1206358306724
26	1206358307935	1206358311405
26	1206358315718	1206358321282
26	1206358370659	1206358375883
26	1206358452397	1206358454255
26	1206358553246	1206358558414
26	1206359187259	1206359190608
26	1206359202398	1206359208866
26	1206359211432	1206359213310
26	1206359216884	1206359220832
26	1206359251690	1206359253711
26	1206359257656	1206359260214
26	1206359361833	1206359364736
26	1206359405241	1206359407789
26	1206359451858	1206359453496
26	1206359477410	1206359478983
26	1206359524655	1206359528373
26	1206359696313	1206359698251
26	1206359744521	1206359746503
26	1206359860837	1206359866453
26	1206359966635	1206359971953
27	1206338016607	1206338020100
27	1206338060429	1206338065372
27	1206338634174	1206338638150
27	1206338645929	1206338650490
27	1206369661601	1206369665444
27	1206369671703	1206369676143
27	1206375090516	1206375094308
27	1206375112108	1206375116347
27	1206377273851	1206377276901
27	1206378393741	1206378397361
27	1206378403499	1206378407269
27	1206386906616	1206386912555
27	1206386919517	1206386925311
27	1206389092914	1206389097935
27	1206389163986	1206389169546
27	1206390146966	1206390150308
27	1206390254529	1206390260418
27	1206390273941	1206390283688
27	1206390289284	1206390290303
27	1206390300989	1206390312548
27	1206390320366	1206390322716
27	1206390323579	1206390328276
27	1206390927667	1206390936234
27	1206390937567	1206390941744
27	1206393798490	1206393803791
28	1206338015440	1206338017857
28	1206338315607	1206338317708
28	1206338318843	1206338320660
28	1206338632484	1206338635940
28	1206348408904	1206348417342
28	1206348791381	1206348793110
28	1206353437458	1206353443775
28	1206358299872	1206358302878
28	1206358342605	1206358344208
28	1206358366103	1206358368494
28	1206361592742	1206361594680
28	1206367973604	1206367978878
28	1206376995418	1206376997812
28	1206377223410	1206377225379
28	1206377263333	1206377267705
28	1206377271612	1206377276739
28	1206377297400	1206377299599
28	1206377532860	1206377534874
28	1206377569617	1206377571999
28	1206377574458	1206377579862
28	1206377598496	1206377602642
28	1206377607774	1206377610375
28	1206377624446	1206377626666
28	1206386922307	1206386926324
28	1206386946793	1206386952217
28	1206389090797	1206389096259
28	1206389166682	1206389169106
28	1206390145532	1206390149322
28	1206390927556	1206390929841
28	1206390939158	1206390942985
28	1206393801129	1206393804476
28	1206394197563	1206394198786
29	1206338006831	1206338008549
29	1206338010903	1206338014162
29	1206338288574	1206338288822
29	1206338307531	1206338317108
29	1206338321388	1206338324562
29	1206338630274	1206338633424
29	1206338765722	1206338767666
29	1206350946730	1206350948460
29	1206353535563	1206353537462
29	1206353537601	1206353538842
29	1206358299947	1206358301214
29	1206358339566	1206358345266
29	1206358368254	1206358370279
29	1206358583368	1206358585122
29	1206358588265	1206358592837
29	1206358601958	1206358604118
29	1206359176416	1206359181401
29	1206359181589	1206359182873
29	1206359251828	1206359253711
29	1206361588964	1206361591116
29	1206361594258	1206361597226
29	1206367970721	1206367975990
29	1206376948895	1206376950832
29	1206376958602	1206376961571
29	1206376996635	1206377000810
29	1206377001841	1206377003939
29	1206377010233	1206377012577
29	1206377038652	1206377042404
29	1206377042766	1206377044627
29	1206377092767	1206377094728
29	1206377105990	1206377109263
29	1206377109835	1206377111963
29	1206377118965	1206377122569
29	1206377123729	1206377126180
29	1206377126557	1206377128796
29	1206377184346	1206377185591
29	1206377187123	1206377189986
29	1206377216933	1206377218669
29	1206377221116	1206377224976
29	1206377298300	1206377304398
29	1206377316565	1206377318606
29	1206377329147	1206377331916
29	1206377381347	1206377385857
29	1206377449194	1206377452865
29	1206377515706	1206377520453
29	1206377533937	1206377540533
29	1206377541341	1206377544204
29	1206377565876	1206377570631
29	1206377664499	1206377669178
29	1206377676486	1206377680901
29	1206377848569	1206377852928
29	1206378101203	1206378108541
29	1206378112804	1206378116577
29	1206378134654	1206378136720
29	1206378137702	1206378138970
29	1206378141306	1206378144144
29	1206378172637	1206378173886
29	1206378174526	1206378177470
29	1206378185649	1206378187487
29	1206378199272	1206378202908
29	1206378275800	1206378278190
29	1206378284285	1206378286243
29	1206378322952	1206378327285
29	1206378342700	1206378345326
29	1206378368765	1206378371708
29	1206378417945	1206378421300
29	1206378469293	1206378471355
29	1206378508667	1206378510966
29	1206378551866	1206378553109
29	1206378612192	1206378614780
29	1206378629578	1206378634387
29	1206378642329	1206378644201
29	1206378650805	1206378655969
29	1206378726919	1206378728964
29	1206378730186	1206378733162
29	1206378744318	1206378748619
29	1206378859697	1206378863111
29	1206378867125	1206378870414
29	1206378873298	1206378876208
29	1206378905115	1206378906623
29	1206378980494	1206378982281
29	1206379012624	1206379013310
29	1206379019781	1206379021518
29	1206379025829	1206379028612
29	1206379030152	1206379032872
29	1206379037247	1206379041839
29	1206379057258	1206379060151
29	1206379070677	1206379071937
29	1206379072341	1206379074530
29	1206379085272	1206379087490
29	1206379107634	1206379108893
29	1206379109276	1206379110576
29	1206379112765	1206379114864
29	1206379117665	1206379118932
29	1206379119647	1206379122328
29	1206379128492	1206379131697
29	1206379132858	1206379136773
29	1206379137955	1206379139705
29	1206379142915	1206379145981
29	1206379151464	1206379153428
29	1206379158791	1206379161519
29	1206379166784	1206379168336
29	1206379168496	1206379170359
29	1206379224720	1206379228382
29	1206379231587	1206379233941
29	1206379268142	1206379269379
29	1206379287841	1206379293658
29	1206379304964	1206379306236
29	1206379525556	1206379529682
29	1206379562858	1206379569522
29	1206379569890	1206379571938
29	1206379592718	1206379594879
29	1206379635784	1206379638542
29	1206379641752	1206379643571
29	1206379662965	1206379666606
29	1206379823380	1206379826979
29	1206379865793	1206379867792
29	1206379912780	1206379915367
29	1206379939625	1206379943466
29	1206379944534	1206379946277
29	1206380036829	1206380046139
29	1206380059652	1206380061787
29	1206380066887	1206380070991
29	1206380114239	1206380116337
29	1206380123737	1206380125935
29	1206380153137	1206380155176
29	1206380162216	1206380163482
29	1206380169654	1206380171602
29	1206380173391	1206380174673
29	1206380237204	1206380239794
29	1206380322776	1206380324404
29	1206380345226	1206380349191
29	1206380461144	1206380462376
29	1206380482852	1206380483933
29	1206380484147	1206380488119
29	1206380492213	1206380496256
29	1206380527218	1206380529694
29	1206380529935	1206380545821
29	1206380558984	1206380561201
29	1206380680717	1206380682918
29	1206380683521	1206380687559
29	1206380687746	1206380690396
29	1206380703719	1206380710563
29	1206380710728	1206380713108
29	1206380716396	1206380720496
29	1206380744947	1206380747373
29	1206386107394	1206386109922
29	1206386456246	1206386457996
29	1206386924757	1206386927451
29	1206386949659	1206386951389
29	1206386955445	1206386956705
29	1206386956983	1206386963182
29	1206386972524	1206386978376
29	1206388635740	1206388638791
29	1206388644304	1206388645570
29	1206388647373	1206388651604
29	1206389167521	1206389169893
29	1206389520726	1206389523415
29	1206389954534	1206389964300
29	1206389965311	1206389967387
29	1206389999953	1206390001792
29	1206390011626	1206390018519
29	1206390027285	1206390029651
29	1206390071131	1206390075377
29	1206390087161	1206390089563
29	1206390092569	1206390097361
29	1206390131117	1206390133586
29	1206390134836	1206390142499
29	1206390925874	1206390928558
29	1206391029180	1206391031241
29	1206393802164	1206393805565
29	1206394198902	1206394199977
29	1206395681525	1206395690677
29	1206395720713	1206395722457
29	1206395748927	1206395750941
30	1206338004598	1206338008778
30	1206338185953	1206338189851
30	1206338283647	1206338286774
30	1206338290992	1206338295773
30	1206338410292	1206338412322
30	1206338423485	1206338424890
30	1206338527454	1206338531157
30	1206338627696	1206338631236
30	1206338765668	1206338767948
30	1206338768828	1206338770854
30	1206348427730	1206348430189
30	1206348436886	1206348441753
30	1206349495391	1206349498991
30	1206349502434	1206349504845
30	1206350891401	1206350894781
30	1206350907630	1206350913322
30	1206350936739	1206350940750
30	1206350946595	1206350949579
30	1206352878112	1206352881593
30	1206353404569	1206353408751
30	1206353466764	1206353470393
30	1206353534753	1206353536770
30	1206353536907	1206353540233
30	1206355593744	1206355597714
30	1206355945850	1206355948301
30	1206355997566	1206356000753
30	1206356706967	1206356710396
30	1206358296858	1206358301348
30	1206358339566	1206358342478
30	1206358368254	1206358369591
30	1206358466427	1206358470913
30	1206358559427	1206358562265
30	1206358581715	1206358586836
30	1206358588718	1206358598162
30	1206358856890	1206358860568
30	1206359180440	1206359186649
30	1206359251963	1206359256909
30	1206359756131	1206359759575
30	1206361257519	1206361260437
30	1206361261693	1206361265797
30	1206361556743	1206361561867
30	1206361579907	1206361583482
30	1206361584285	1206361594378
30	1206361595166	1206361598802
30	1206361601291	1206361607861
30	1206361632350	1206361636731
30	1206361685319	1206361688696
30	1206361942662	1206361944684
30	1206362169291	1206362172613
30	1206364941183	1206364944409
30	1206364963787	1206364970556
30	1206367969467	1206367974272
30	1206370642625	1206370645934
30	1206370731921	1206370735559
30	1206376736775	1206376740759
30	1206376742358	1206376744845
30	1206376790254	1206376791655
30	1206376845254	1206376848513
30	1206377825930	1206377829557
30	1206377846997	1206377852490
30	1206378614985	1206378618930
30	1206378619975	1206378627877
30	1206380746987	1206380751592
30	1206382477996	1206382479957
30	1206383118238	1206383120721
30	1206384403220	1206384406238
30	1206384436891	1206384438850
30	1206384479983	1206384483744
30	1206385932129	1206385935499
30	1206386102126	1206386110493
30	1206386451967	1206386454746
30	1206386455485	1206386459456
30	1206386926196	1206386933128
30	1206386949239	1206386958728
30	1206386976540	1206386979966
30	1206387219355	1206387222145
30	1206387242888	1206387244127
30	1206388560465	1206388564735
30	1206388612448	1206388615231
30	1206388636956	1206388638193
30	1206388639699	1206388642345
30	1206388648600	1206388652400
30	1206388821176	1206388825998
30	1206388830477	1206388834662
30	1206388840497	1206388844421
30	1206389002257	1206389005475
30	1206389167817	1206389171208
30	1206389512651	1206389524148
30	1206390555737	1206390555813
30	1206390908906	1206390912265
30	1206390917192	1206390920260
30	1206390920390	1206390922707
30	1206390923459	1206390929516
30	1206390942370	1206390949287
30	1206390949561	1206390956727
30	1206391028564	1206391032426
30	1206391039526	1206391042603
30	1206391729379	1206391732701
30	1206391826714	1206391830170
30	1206393640334	1206393643447
30	1206393802928	1206393809281
30	1206393852631	1206393854633
30	1206394188309	1206394190690
30	1206394198399	1206394204659
30	1206394881912	1206394883739
30	1206395038752	1206395042267
30	1206395678614	1206395681371
30	1206395681999	1206395685284
30	1206395688647	1206395693522
30	1206395718814	1206395724178
30	1206395748798	1206395753273
30	1206396094364	1206396098788
30	1206396140831	1206396146323
30	1206397193387	1206397196893
30	1206397197380	1206397199886
30	1206398188700	1206398192318
30	1206398405340	1206398407518
30	1206398503292	1206398506818
30	1206398520177	1206398522974
31	1206337821352	1206337821570
31	1206337826262	1206337828911
31	1206337839448	1206337842408
31	1206337858533	1206337861185
31	1206337916490	1206337917901
31	1206337923504	1206337924783
31	1206337942694	1206337945254
31	1206338107338	1206338109336
31	1206338115995	1206338118340
31	1206338186850	1206338188845
31	1206338261932	1206338263185
31	1206338273539	1206338275517
31	1206338282152	1206338284823
31	1206338410548	1206338412438
31	1206338421724	1206338424444
31	1206338531488	1206338534166
31	1206338544377	1206338546669
31	1206338552582	1206338564590
31	1206338582521	1206338584781
31	1206338769712	1206338777814
31	1206338786875	1206338786894
31	1206338792825	1206338795379
31	1206342925364	1206342936709
31	1206347797977	1206347807627
31	1206347979969	1206347983725
31	1206348376510	1206348379139
31	1206348460295	1206348463845
31	1206349493414	1206349497371
31	1206350883737	1206350888684
31	1206350890409	1206350892723
31	1206350904940	1206350906933
31	1206350960594	1206350964251
31	1206350986666	1206350990180
31	1206352037191	1206352039532
31	1206352732489	1206352734391
31	1206352755925	1206352759132
31	1206352879717	1206352882394
31	1206353027895	1206353031952
31	1206353402854	1206353407141
31	1206353535563	1206353542316
31	1206355519767	1206355522206
31	1206355595127	1206355598930
31	1206355944996	1206355947468
31	1206355998639	1206356001161
31	1206356705930	1206356708158
31	1206356891695	1206356894805
31	1206356905261	1206356907446
31	1206358369750	1206358373302
31	1206358463967	1206358469183
31	1206358555724	1206358557944
31	1206358559295	1206358570542
31	1206358579482	1206358582673
31	1206358583109	1206358586681
31	1206358595840	1206358600630
31	1206358771183	1206358776412
31	1206358849345	1206358857191
31	1206359039484	1206359044425
31	1206359172453	1206359175210
31	1206359177752	1206359186959
31	1206359751848	1206359757665
31	1206361258927	1206361262405
31	1206361263285	1206361267488
31	1206361555442	1206361559131
31	1206361590529	1206361596896
31	1206361608479	1206361608933
31	1206361615898	1206361623437
31	1206361623729	1206361628510
31	1206361634701	1206361638790
31	1206361683708	1206361687728
31	1206361941886	1206361943832
31	1206362170237	1206362175637
31	1206362259610	1206362262430
31	1206362335800	1206362338427
31	1206362341505	1206362354352
31	1206364939832	1206364942205
31	1206365811362	1206365813584
31	1206365824560	1206365827283
31	1206365937415	1206365939903
31	1206367893815	1206367897150
31	1206370103660	1206370106396
31	1206370643579	1206370646527
31	1206370730538	1206370733523
31	1206371269202	1206371272985
31	1206371516291	1206371519513
31	1206374279516	1206374285834
31	1206374353874	1206374356125
31	1206374362620	1206374363971
31	1206374466635	1206374469276
31	1206376092850	1206376098153
31	1206376217726	1206376220738
31	1206376246360	1206376251307
31	1206376623810	1206376628698
31	1206376740976	1206376744651
31	1206376782115	1206376784420
31	1206376791268	1206376799297
31	1206376842463	1206376846446
31	1206377829557	1206377832273
31	1206377846453	1206377851449
31	1206380750352	1206380752695
31	1206380754350	1206380763532
31	1206380766412	1206380769559
31	1206380770192	1206380776835
31	1206382474638	1206382478260
31	1206382498955	1206382502251
31	1206382615192	1206382618777
31	1206383117209	1206383119694
31	1206383567146	1206383570191
31	1206384356578	1206384361553
31	1206384404198	1206384406893
31	1206384433885	1206384437845
31	1206384478783	1206384481361
31	1206385364375	1206385368801
31	1206385461287	1206385464224
31	1206386953117	1206386962213
31	1206387218401	1206387220324
31	1206388561517	1206388564294
31	1206388679860	1206388685236
31	1206389001412	1206389003747
31	1206391730309	1206391733191
31	1206391825130	1206391827827
31	1206393806916	1206393810779
31	1206395040588	1206395044936
31	1206395676132	1206395681791
31	1206398187584	1206398192444
31	1206398325611	1206398327340
31	1206398358594	1206398360785
31	1206398360927	1206398363519
31	1206398409780	1206398412707
31	1206398611147	1206398621152
31	1206398629714	1206398633337
31	1206398846111	1206398851595
31	1206398854714	1206398856916
32	1206337819745	1206337823414
32	1206337860675	1206337865508
32	1206337867726	1206337873424
32	1206337879283	1206337885803
32	1206337890807	1206337899825
32	1206337915734	1206337917744
32	1206337924905	1206337925811
32	1206337931137	1206337934636
32	1206337943542	1206337946994
32	1206338002374	1206338006616
32	1206338552323	1206338556290
32	1206338625700	1206338630848
32	1206338770702	1206338781314
32	1206338788622	1206338794508
32	1206342931785	1206342934594
32	1206350883378	1206350886172
32	1206350905321	1206350908544
32	1206350934872	1206350937203
32	1206350947548	1206350951290
32	1206350960970	1206350963164
32	1206352054846	1206352058419
32	1206352076914	1206352079399
32	1206352732877	1206352735909
32	1206352755751	1206352759408
32	1206353026615	1206353029705
32	1206353539719	1206353542744
32	1206356892784	1206356896157
32	1206356904855	1206356906782
32	1206358560189	1206358564158
32	1206358566319	1206358570909
32	1206358583533	1206358585485
32	1206358588554	1206358593184
32	1206358597174	1206358598914
32	1206358609149	1206358612312
32	1206358617845	1206358621860
32	1206358638468	1206358641203
32	1206358643251	1206358646553
32	1206358665214	1206358667252
32	1206358674408	1206358680231
32	1206358683471	1206358685490
32	1206358686472	1206358687766
32	1206358690526	1206358693571
32	1206358717491	1206358721121
32	1206358725334	1206358729574
32	1206358746515	1206358749575
32	1206358769408	1206358779852
32	1206358780156	1206358783149
32	1206358786659	1206358789887
32	1206358803808	1206358808192
32	1206358848745	1206358850983
32	1206358852640	1206358857566
32	1206358858205	1206358862331
32	1206358896774	1206358898662
32	1206358915964	1206358919666
32	1206358921484	1206358922751
32	1206358923209	1206358925599
32	1206358942498	1206358946614
32	1206358956285	1206358960487
32	1206358980235	1206358983606
32	1206358987923	1206358990180
32	1206358999514	1206359000786
32	1206359004830	1206359005374
32	1206359017416	1206359023385
32	1206359037268	1206359039350
32	1206359047795	1206359050494
32	1206359111563	1206359115968
32	1206359147114	1206359149771
32	1206359164571	1206359169826
32	1206359172241	1206359176584
32	1206359179246	1206359180304
32	1206359184321	1206359188448
32	1206362260195	1206362262414
32	1206362335395	1206362337374
32	1206362345581	1206362350244
32	1206365812392	1206365814347
32	1206365824305	1206365826481
32	1206365938718	1206365941211
32	1206365961821	1206365966643
32	1206367892905	1206367894787
32	1206370104310	1206370107460
32	1206371516400	1206371518409
32	1206374467230	1206374469668
32	1206376091963	1206376096369
32	1206376218934	1206376222215
32	1206376245770	1206376248234
32	1206376479839	1206376481821
32	1206376623587	1206376625402
32	1206377828400	1206377831673
32	1206380772768	1206380775265
32	1206382615802	1206382618877
32	1206385364460	1206385367378
32	1206385461665	1206385464736
32	1206385466155	1206385469626
32	1206385933128	1206385936725
32	1206386451318	1206386458468
32	1206386978104	1206386982101
32	1206388611764	1206388613394
32	1206388817560	1206388821784
32	1206388832351	1206388835918
32	1206388839714	1206388842348
32	1206389169270	1206389171323
32	1206389177321	1206389183592
32	1206389510995	1206389514585
32	1206389515661	1206389520410
32	1206390556795	1206390559856
32	1206390739981	1206390745498
32	1206390905407	1206390910170
32	1206390910660	1206390912808
32	1206390952376	1206390956207
32	1206391027801	1206391030184
32	1206393639636	1206393641678
32	1206394187297	1206394190846
32	1206394199458	1206394205276
32	1206394870995	1206394875561
32	1206394880235	1206394881966
32	1206395669756	1206395680724
32	1206395691949	1206395694848
32	1206395715433	1206395720518
32	1206395752613	1206395756839
32	1206396092713	1206396097545
32	1206396144563	1206396147857
32	1206397197598	1206397201221
32	1206397935112	1206397936906
32	1206398502142	1206398505504
32	1206398521984	1206398524357
32	1206398536212	1206398539948
32	1206398542534	1206398543355
32	1206398573141	1206398575804
32	1206398608290	1206398612118
32	1206398845423	1206398849383
33	1206338018215	1206338020649
33	1206338058392	1206338062825
33	1206338635275	1206338638488
33	1206338643743	1206338649246
33	1206369662247	1206369666260
33	1206369670976	1206369673305
33	1206375091433	1206375094133
33	1206375110968	1206375113730
33	1206378394718	1206378396559
33	1206378401999	1206378405431
33	1206389103697	1206389104357
33	1206389104494	1206389111194
33	1206389113515	1206389123624
33	1206389127934	1206389136352
33	1206389150991	1206389153329
33	1206389157484	1206389162405
33	1206390146990	1206390162891
33	1206390163434	1206390166239
33	1206390172213	1206390185456
33	1206390189623	1206390201715
33	1206390213176	1206390214408
33	1206390219430	1206390222784
33	1206390226291	1206390227537
33	1206390229873	1206390236312
33	1206390236887	1206390239390
33	1206390240966	1206390257483
33	1206390258686	1206390263233
33	1206390264832	1206390268483
33	1206390270710	1206390275938
33	1206390278357	1206390281356
33	1206390291103	1206390292958
33	1206390930888	1206390933511
34	1206338019413	1206338022917
34	1206338041728	1206338049764
34	1206338051722	1206338061509
34	1206338636278	1206338639862
34	1206338640157	1206338647325
34	1206369663117	1206369666694
34	1206369669982	1206369673452
34	1206375091842	1206375094776
34	1206375110240	1206375113988
34	1206378395538	1206378397615
34	1206378401690	1206378405201
34	1206390177520	1206390179445
36	1206338019679	1206338025373
36	1206338040174	1206338048575
36	1206338057446	1206338060309
36	1206338636626	1206338638651
36	1206338642191	1206338647165
36	1206369663797	1206369667478
36	1206369669823	1206369673146
36	1206375092140	1206375095288
36	1206375110393	1206375113530
36	1206378395579	1206378398796
36	1206378401305	1206378403757
37	1206338021427	1206338027544
37	1206338030727	1206338037144
37	1206338037876	1206338043842
37	1206338636899	1206338640407
37	1206338641744	1206338643875
37	1206369664461	1206369672309
37	1206375093293	1206375097371
37	1206375109408	1206375112762
37	1206378400859	1206378402621
38	1206378396918	1206378404609
