1	1203757282131	1203757286563
1	1203757326407	1203757330211
1	1203763392183	1203763395527
1	1203772298638	1203772304974
1	1203776251502	1203776253731
1	1203779695657	1203779697443
1	1203781726668	1203781735286
1	1203781744131	1203781747701
1	1203781748173	1203781750862
1	1203798409546	1203798413269
1	1203798424859	1203798427195
1	1203798440936	1203798448174
1	1203798451451	1203798452734
1	1203798453972	1203798456937
1	1203798458749	1203798465471
1	1203798968428	1203798970340
2	1203757276947	1203757279427
2	1203757279997	1203757281952
2	1203757294692	1203757296651
2	1203757298828	1203757300909
2	1203757343824	1203757345830
2	1203757384498	1203757385758
2	1203757397393	1203757399225
2	1203757402175	1203757407630
2	1203757407836	1203757409644
2	1203757481243	1203757483989
2	1203757511602	1203757512888
2	1203757513192	1203757515447
2	1203757526816	1203757528135
2	1203757537618	1203757540206
2	1203757545886	1203757551153
2	1203757554945	1203757560690
2	1203757658832	1203757663515
2	1203757686147	1203757690367
2	1203757708284	1203757709573
2	1203757797423	1203757798656
2	1203757820553	1203757827904
2	1203757857342	1203757861827
2	1203757879981	1203757884657
2	1203757898410	1203757900388
2	1203757910192	1203757911493
2	1203758094566	1203758096306
2	1203758146961	1203758151429
2	1203758250193	1203758254266
2	1203758280111	1203758284159
2	1203758328645	1203758333328
2	1203758339194	1203758339202
2	1203758769981	1203758774748
2	1203758776246	1203758785940
2	1203758797892	1203758803917
2	1203758844509	1203758846897
2	1203758878943	1203758889274
2	1203758970788	1203758973979
2	1203758979906	1203758984145
2	1203759322804	1203759331670
2	1203759495913	1203759498433
2	1203759499225	1203759505182
2	1203759580777	1203759587233
2	1203759628920	1203759633152
2	1203759656581	1203759662103
2	1203759702355	1203759704579
2	1203760163383	1203760168942
2	1203760171970	1203760174779
2	1203760203505	1203760206163
2	1203760262180	1203760264280
2	1203760275333	1203760280222
2	1203761019786	1203761024549
2	1203761030885	1203761032396
2	1203761056643	1203761058907
2	1203761322244	1203761324225
2	1203761349486	1203761351556
2	1203761353658	1203761356398
2	1203761356760	1203761359246
2	1203761361990	1203761364373
2	1203761813256	1203761817827
2	1203762168388	1203762174324
2	1203762244591	1203762246315
2	1203762248564	1203762249873
2	1203762252889	1203762255649
2	1203762540419	1203762543839
2	1203763059121	1203763062438
2	1203763065588	1203763068572
2	1203763252150	1203763254816
2	1203763390547	1203763392731
2	1203763432435	1203763434894
2	1203763703432	1203763707563
2	1203763760381	1203763762580
2	1203763763128	1203763766754
2	1203763786147	1203763790886
2	1203763874216	1203763875461
2	1203763886194	1203763888885
2	1203764110620	1203764116721
2	1203764389622	1203764399972
2	1203764873291	1203764878810
2	1203764902771	1203764908832
2	1203764989114	1203764991504
2	1203765195608	1203765201664
2	1203765217248	1203765218672
2	1203765220984	1203765225223
2	1203765244493	1203765246898
2	1203765286581	1203765288736
2	1203765292601	1203765297100
2	1203765314195	1203765317964
2	1203765321431	1203765326389
2	1203765337950	1203765342601
2	1203765344871	1203765356786
2	1203765365985	1203765368990
2	1203765369194	1203765372175
2	1203765372463	1203765380129
2	1203765381141	1203765383337
2	1203765386201	1203765386659
2	1203772265960	1203772268405
2	1203772268778	1203772270911
2	1203772297942	1203772299212
2	1203772302690	1203772306843
2	1203772313985	1203772324292
2	1203772463244	1203772472429
2	1203772481526	1203772487218
2	1203772488399	1203772490538
2	1203772491610	1203772495697
2	1203772496242	1203772501730
2	1203772575507	1203772581788
2	1203772936648	1203772939683
2	1203773276126	1203773285346
2	1203773292191	1203773294224
2	1203773311245	1203773318139
2	1203773324639	1203773329607
2	1203773339850	1203773342337
2	1203773342378	1203773345344
2	1203773347310	1203773357186
2	1203773457580	1203773464767
2	1203773471341	1203773478609
2	1203773479229	1203773483816
2	1203773486867	1203773491926
2	1203773599659	1203773604289
2	1203773627741	1203773633564
2	1203773653107	1203773656322
2	1203773657745	1203773660106
2	1203773663198	1203773665408
2	1203773666710	1203773668143
2	1203773679261	1203773681855
2	1203773693970	1203773696264
2	1203773718993	1203773723321
2	1203773759851	1203773761873
2	1203773802732	1203773804740
2	1203773838737	1203773841504
2	1203773940788	1203773946969
2	1203773948737	1203773951172
2	1203773968632	1203773971344
2	1203773975985	1203773979453
2	1203774003335	1203774005983
2	1203774020895	1203774026238
2	1203774077278	1203774078536
2	1203774118311	1203774120220
2	1203774132226	1203774134735
2	1203774139609	1203774142150
2	1203774186469	1203774190669
2	1203774201938	1203774203233
2	1203774205643	1203774208296
2	1203774219960	1203774223692
2	1203774231585	1203774235536
2	1203774244930	1203774247373
2	1203774284112	1203774289862
2	1203774292647	1203774294762
2	1203774401570	1203774404632
2	1203774525236	1203774527428
2	1203774622271	1203774624654
2	1203774625195	1203774626961
2	1203774634713	1203774637174
2	1203774690381	1203774693212
2	1203774709226	1203774711875
2	1203774738649	1203774744344
2	1203774758474	1203774759755
2	1203774803699	1203774809287
2	1203774811842	1203774813347
2	1203774831785	1203774834396
2	1203774836949	1203774838937
2	1203774886284	1203774888810
2	1203774978863	1203774980139
2	1203775020103	1203775025898
2	1203775330813	1203775332803
2	1203775337286	1203775339611
2	1203775353272	1203775356128
2	1203775391258	1203775398121
2	1203775405355	1203775408836
2	1203775483800	1203775485845
2	1203775632946	1203775634138
2	1203775639308	1203775644118
2	1203775653481	1203775655526
2	1203775687390	1203775688663
2	1203775689429	1203775692583
2	1203775768299	1203775772532
2	1203775785438	1203775787886
2	1203775899655	1203775901831
2	1203775903385	1203775911369
2	1203775981335	1203775983222
2	1203775983992	1203775992181
2	1203776002976	1203776019115
2	1203776024183	1203776026747
2	1203776029114	1203776031192
2	1203776035814	1203776039831
2	1203776047160	1203776049496
2	1203776054103	1203776058809
2	1203776093623	1203776100620
2	1203776101578	1203776104646
2	1203776116983	1203776119505
2	1203776130344	1203776132427
2	1203776134682	1203776137255
2	1203776219250	1203776223433
2	1203776237818	1203776243412
2	1203776245672	1203776247853
2	1203776270333	1203776271593
2	1203776285471	1203776290685
2	1203776290986	1203776293855
2	1203776298957	1203776301465
2	1203776380519	1203776382573
2	1203776430631	1203776434933
2	1203776448798	1203776451381
2	1203776463267	1203776463775
2	1203776529268	1203776533301
2	1203776549955	1203776554388
2	1203776638980	1203776647235
2	1203776654713	1203776657748
2	1203776738779	1203776740898
2	1203776808554	1203776810484
2	1203776817247	1203776820819
2	1203776821531	1203776824259
2	1203776921348	1203776926881
2	1203776978476	1203776983851
2	1203776987443	1203776991722
2	1203777013854	1203777016158
2	1203777017883	1203777020234
2	1203777025949	1203777029194
2	1203777033648	1203777036680
2	1203777106409	1203777107669
2	1203777112513	1203777117710
2	1203777217690	1203777221285
2	1203777232443	1203777234890
2	1203777335356	1203777337599
2	1203777403515	1203777406382
2	1203777426272	1203777432132
2	1203777443195	1203777446763
2	1203777453436	1203777456100
2	1203777456844	1203777459666
2	1203777469463	1203777473517
2	1203777487532	1203777488823
2	1203777489380	1203777491207
2	1203777515576	1203777520248
2	1203777532289	1203777539761
2	1203777644501	1203777646559
2	1203777647445	1203777649650
2	1203777655530	1203777661564
2	1203777666666	1203777669455
2	1203777671965	1203777676420
2	1203778083880	1203778087498
2	1203778090260	1203778092527
2	1203778110512	1203778114521
2	1203778190108	1203778192688
2	1203778525702	1203778529672
2	1203778638615	1203778640782
2	1203778715393	1203778717363
2	1203778913582	1203778918717
2	1203778939326	1203778943688
2	1203778960891	1203778963441
2	1203779007224	1203779009520
2	1203779104144	1203779107567
2	1203779108384	1203779111781
2	1203779444427	1203779448354
2	1203779487777	1203779490869
2	1203779491375	1203779493911
2	1203779500602	1203779504406
2	1203779555686	1203779557727
2	1203779576256	1203779578843
2	1203779606920	1203779610666
2	1203779612776	1203779615223
2	1203779628913	1203779630197
2	1203779705720	1203779715151
2	1203779715511	1203779718423
2	1203779718969	1203779723579
2	1203779749523	1203779752143
2	1203779824513	1203779827793
2	1203779927136	1203779944622
2	1203779950721	1203779952337
2	1203779952694	1203779957263
2	1203779957883	1203779960201
2	1203780056546	1203780058658
2	1203780180945	1203780182441
2	1203780185211	1203780190908
2	1203780315725	1203780317985
2	1203780569208	1203780571392
2	1203780702893	1203780707388
2	1203780739787	1203780743342
2	1203780905962	1203780907174
2	1203780921246	1203780923614
2	1203780925856	1203780927176
2	1203780931582	1203780936353
2	1203781029207	1203781033690
2	1203781231517	1203781233562
2	1203781236497	1203781239305
2	1203781423685	1203781426346
2	1203781677577	1203781678781
2	1203781681915	1203781684598
2	1203781691599	1203781697434
2	1203781711515	1203781713394
2	1203781743453	1203781746905
2	1203781749670	1203781751800
2	1203798405150	1203798408943
2	1203798410516	1203798412936
2	1203798421780	1203798425612
2	1203798431636	1203798431997
2	1203798438638	1203798441946
2	1203798465616	1203798467679
2	1203798573711	1203798577387
2	1203798588717	1203798590577
2	1203798614760	1203798616803
2	1203798635541	1203798637834
2	1203798646289	1203798648539
2	1203798653789	1203798662420
2	1203798675168	1203798678187
2	1203798707684	1203798714327
2	1203798715645	1203798720956
2	1203798742121	1203798748805
2	1203798787470	1203798791501
2	1203798805102	1203798807610
2	1203798957485	1203798963781
2	1203798971829	1203798976913
2	1203798979719	1203798981488
2	1203798983739	1203798989534
2	1203798994567	1203798996903
2	1203799091624	1203799094461
2	1203799119723	1203799123346
2	1203799124720	1203799126833
2	1203799128184	1203799134141
2	1203799153222	1203799157834
2	1203799162704	1203799165197
2	1203799165747	1203799168339
2	1203799241903	1203799244613
2	1203799330681	1203799334190
2	1203799346116	1203799351828
2	1203799417142	1203799419560
2	1203799462516	1203799464838
2	1203799470655	1203799473289
2	1203799473653	1203799476747
2	1203799482168	1203799484372
2	1203799485452	1203799489942
2	1203799490200	1203799491521
2	1203799494853	1203799500321
2	1203799501905	1203799504247
2	1203799509182	1203799511619
2	1203799584137	1203799587930
2	1203799607228	1203799611974
2	1203799636262	1203799636388
2	1203799639533	1203799641949
2	1203799810316	1203799812642
2	1203799816942	1203799819151
2	1203799845201	1203799847838
2	1203799877279	1203799879568
2	1203799892246	1203799894373
2	1203800012393	1203800013921
2	1203800014238	1203800017141
2	1203800063218	1203800067122
2	1203800073556	1203800078161
2	1203800078374	1203800083736
2	1203800103850	1203800111381
2	1203800157793	1203800162173
2	1203800252122	1203800254283
2	1203800311573	1203800314843
2	1203800327593	1203800330989
2	1203800337973	1203800342186
2	1203800373577	1203800374835
2	1203800375877	1203800379925
2	1203800389961	1203800392385
2	1203800394634	1203800395918
2	1203800411222	1203800413590
2	1203800423587	1203800425943
2	1203800438982	1203800441994
2	1203800442929	1203800445237
2	1203800445521	1203800448137
2	1203800472318	1203800476803
2	1203800484593	1203800488186
2	1203800488511	1203800493291
2	1203800494449	1203800496801
2	1203800498995	1203800506951
2	1203800533417	1203800534793
2	1203800543325	1203800547561
2	1203800547698	1203800550589
2	1203800562854	1203800565379
2	1203800575859	1203800578192
2	1203800587812	1203800589128
2	1203800590374	1203800592585
2	1203800602887	1203800605561
2	1203800615612	1203800621290
2	1203800628780	1203800630664
2	1203800634204	1203800642396
2	1203800657356	1203800659460
2	1203800670873	1203800672919
2	1203800719894	1203800721917
2	1203800768534	1203800770930
2	1203800791539	1203800793790
2	1203800911779	1203800914515
2	1203800962403	1203800965861
2	1203800976513	1203800977795
2	1203800985435	1203800988243
2	1203801004422	1203801006347
2	1203801062176	1203801069767
2	1203801091289	1203801093567
2	1203801128295	1203801132549
2	1203801134748	1203801136918
2	1203801144344	1203801146382
2	1203801203301	1203801207210
2	1203801207473	1203801220302
2	1203801220773	1203801224210
2	1203801272393	1203801274988
2	1203801282269	1203801285131
2	1203801297857	1203801300452
2	1203801300847	1203801302927
2	1203801393505	1203801396809
2	1203801398100	1203801400490
2	1203801400824	1203801403636
2	1203801403866	1203801408840
2	1203801464467	1203801467112
2	1203801498231	1203801500440
2	1203801527466	1203801530408
2	1203801539721	1203801542894
2	1203801600448	1203801603119
2	1203801609145	1203801611639
2	1203801629952	1203801634150
2	1203801643599	1203801648518
2	1203801689716	1203801692917
2	1203801697117	1203801703816
2	1203801704714	1203801707727
2	1203801711645	1203801713127
2	1203801784446	1203801786636
2	1203801805136	1203801807420
2	1203801816614	1203801818904
2	1203801826241	1203801829847
2	1203801894703	1203801896778
2	1203801950666	1203801951938
2	1203802036807	1203802039627
2	1203802040831	1203802043134
2	1203802177635	1203802179657
2	1203802207900	1203802210908
2	1203802210938	1203802216116
2	1203802645857	1203802651667
2	1203802655808	1203802660403
2	1203802661652	1203802662970
2	1203802664681	1203802667253
2	1203802711571	1203802715926
2	1203802717430	1203802719361
2	1203802719667	1203802723395
2	1203802736324	1203802738783
2	1203802783309	1203802784573
2	1203802839536	1203802842249
2	1203802848983	1203802853835
2	1203802860568	1203802866456
2	1203802878538	1203802881693
2	1203802883969	1203802886553
2	1203802887388	1203802890673
2	1203802935593	1203802937636
2	1203802949952	1203802953917
2	1203802966793	1203802969518
2	1203803163663	1203803164857
2	1203803178751	1203803180911
2	1203803307795	1203803311516
2	1203803313872	1203803316480
2	1203803326712	1203803330554
2	1203803470407	1203803473986
2	1203803476792	1203803479120
2	1203803502230	1203803504616
2	1203803507832	1203803509814
2	1203803560989	1203803563380
2	1203803582941	1203803585443
2	1203803594248	1203803596639
2	1203803614762	1203803617340
2	1203803618691	1203803621212
2	1203803636788	1203803638780
2	1203803640256	1203803642979
2	1203803650847	1203803653783
2	1203803704130	1203803706119
2	1203803713380	1203803716934
2	1203803719665	1203803724616
2	1203803726117	1203803730647
2	1203803731132	1203803735216
2	1203803739383	1203803741519
2	1203803743935	1203803746714
2	1203803774584	1203803780490
2	1203803807380	1203803812465
2	1203803814822	1203803816756
2	1203803824906	1203803827175
2	1203803865615	1203803867749
2	1203803872911	1203803874208
2	1203803874722	1203803878142
2	1203803878281	1203803883969
2	1203803904360	1203803911831
2	1203803912138	1203803915194
2	1203803962284	1203803964706
2	1203804172767	1203804178725
2	1203804198945	1203804203931
2	1203804217523	1203804219317
2	1203804219932	1203804222749
2	1203804227316	1203804229702
2	1203804253320	1203804255732
2	1203804257128	1203804259282
2	1203804262736	1203804265521
2	1203804303472	1203804305568
2	1203804342643	1203804344675
2	1203804352144	1203804357489
2	1203804409486	1203804414188
2	1203804419511	1203804422142
2	1203804455752	1203804457418
2	1203804464983	1203804467367
2	1203804613220	1203804622567
2	1203804655503	1203804658692
2	1203804661580	1203804663632
2	1203804708120	1203804718354
2	1203804720207	1203804725296
2	1203804727831	1203804733431
2	1203804736471	1203804739300
2	1203804811539	1203804813650
2	1203805596140	1203805598526
2	1203805659495	1203805665412
2	1203806113481	1203806115560
2	1203806128276	1203806134191
2	1203806134962	1203806137714
2	1203806478265	1203806480421
2	1203806519290	1203806521667
2	1203806621468	1203806623851
2	1203806733540	1203806735325
2	1203806842685	1203806844890
2	1203806868786	1203806870943
2	1203806937350	1203806940765
2	1203806952986	1203806956329
2	1203806960539	1203806961809
2	1203806962615	1203806964599
2	1203806986577	1203806990476
2	1203807035951	1203807045808
2	1203807101679	1203807104789
2	1203807114146	1203807117769
2	1203807118494	1203807121362
2	1203807121705	1203807131551
2	1203807131793	1203807134152
2	1203807136336	1203807138410
2	1203807140440	1203807141764
2	1203807145838	1203807148225
2	1203807150276	1203807152787
2	1203807153995	1203807158239
2	1203807158813	1203807162146
2	1203807258774	1203807262293
3	1203757266955	1203757276262
3	1203757295601	1203757300627
3	1203757330817	1203757342656
3	1203757347626	1203757373597
3	1203757376117	1203757388666
3	1203757397273	1203757400597
3	1203757400723	1203757408994
3	1203757515374	1203757527575
3	1203757535712	1203757537954
3	1203757680296	1203757688769
3	1203757820219	1203757825433
3	1203761030222	1203761037373
3	1203761055909	1203761060287
3	1203761315515	1203761317990
3	1203761319424	1203761321328
3	1203761321709	1203761323726
3	1203761329533	1203761332920
3	1203761333642	1203761338887
3	1203761351797	1203761354403
3	1203761354582	1203761357356
3	1203761656282	1203761658840
3	1203762255367	1203762260189
3	1203763388851	1203763391456
3	1203763431336	1203763433275
3	1203764830684	1203764834307
3	1203765351353	1203765359406
3	1203772267214	1203772269390
3	1203772318531	1203772325827
3	1203772466388	1203772471285
3	1203772480224	1203772489439
3	1203772493665	1203772501730
3	1203773312955	1203773318124
3	1203773474384	1203773476392
3	1203773480138	1203773482178
3	1203773484741	1203773487623
3	1203776549644	1203776553565
3	1203777666393	1203777675359
3	1203779445358	1203779447179
3	1203781700742	1203781703220
3	1203781729724	1203781734865
3	1203781735165	1203781748920
3	1203798412671	1203798416547
3	1203798420828	1203798423612
3	1203798429454	1203798435281
3	1203798438778	1203798440430
3	1203798579111	1203798581425
3	1203798586738	1203798590842
3	1203798636813	1203798639440
3	1203798639819	1203798642123
3	1203798642830	1203798645640
3	1203798645776	1203798648699
3	1203798739689	1203798744217
3	1203799127876	1203799130915
3	1203799151590	1203799156311
3	1203799349440	1203799352572
3	1203799363570	1203799367398
3	1203799371840	1203799374890
3	1203799399476	1203799407356
3	1203799417840	1203799422865
3	1203799424237	1203799426565
3	1203799467855	1203799470127
3	1203799470871	1203799473413
3	1203799473531	1203799475929
3	1203799485992	1203799489138
3	1203799493784	1203799498379
3	1203799502892	1203799504376
3	1203799817294	1203799820931
3	1203799845326	1203799847547
3	1203799892595	1203799894673
3	1203799895464	1203799899567
3	1203799899771	1203799902259
3	1203799923967	1203799928407
3	1203799967911	1203799970219
3	1203799974913	1203799976156
3	1203800062169	1203800066368
3	1203800106839	1203800112277
3	1203800154465	1203800156611
3	1203800328110	1203800331455
3	1203800332605	1203800335841
3	1203800357150	1203800362106
3	1203800364696	1203800368220
3	1203800393255	1203800394284
3	1203800480166	1203800485353
3	1203800536438	1203800538745
3	1203800538966	1203800543519
3	1203800546730	1203800550455
3	1203800587965	1203800593865
3	1203800594313	1203800597567
3	1203800601456	1203800606245
3	1203800616754	1203800620323
3	1203800627166	1203800631952
3	1203800634322	1203800641111
3	1203800647813	1203800654303
3	1203800658218	1203800660684
3	1203800684253	1203800692606
3	1203800701792	1203800704279
3	1203800707108	1203800709360
3	1203800717615	1203800721687
3	1203800730300	1203800733101
3	1203800766376	1203800770930
3	1203800777892	1203800780332
3	1203800799614	1203800804638
3	1203800818719	1203800821145
3	1203800840919	1203800845492
3	1203800849705	1203800851833
3	1203800852527	1203800855408
3	1203800865547	1203800870366
3	1203800873312	1203800877247
3	1203800883562	1203800888913
3	1203800911921	1203800916356
3	1203800923177	1203800925362
3	1203800941276	1203800941872
3	1203800946360	1203800948952
3	1203800960318	1203800965376
3	1203800970528	1203800974287
3	1203800974609	1203800979519
3	1203800993795	1203800995832
3	1203801028375	1203801032466
3	1203801040564	1203801044262
3	1203801061555	1203801069897
3	1203801076711	1203801081108
3	1203801084954	1203801086463
3	1203801087267	1203801092274
3	1203801118212	1203801122779
3	1203801125481	1203801132848
3	1203801284390	1203801286359
3	1203801287896	1203801294701
3	1203801711361	1203801713588
3	1203801805265	1203801809628
3	1203801810148	1203801815502
3	1203801823398	1203801830551
3	1203801950200	1203801956966
3	1203801957322	1203801959578
3	1203802863785	1203802865977
3	1203802888934	1203802891217
3	1203802924450	1203802926809
3	1203802943175	1203802945201
3	1203802966638	1203802968898
3	1203803056511	1203803058910
3	1203803254861	1203803256563
3	1203803258471	1203803260595
3	1203803309833	1203803316158
3	1203803347541	1203803349657
3	1203803366803	1203803368668
3	1203803463210	1203803465509
3	1203803567462	1203803570292
3	1203803704253	1203803708130
3	1203803713792	1203803715921
3	1203803957271	1203803961897
3	1203803962206	1203803966782
3	1203807037581	1203807046576
3	1203807049870	1203807054670
3	1203807061795	1203807066632
3	1203807069814	1203807079233
3	1203807082996	1203807094470
3	1203807097554	1203807098840
3	1203807101958	1203807105715
3	1203807114944	1203807126730
3	1203807140633	1203807143244
3	1203807146601	1203807148919
3	1203807153176	1203807155435
7	1203757271147	1203757292579
7	1203757293690	1203757295981
7	1203757300106	1203757307940
7	1203757308963	1203757318680
7	1203757321138	1203757329829
7	1203757330334	1203757360531
7	1203757365917	1203757372853
7	1203757378659	1203757381166
7	1203757387636	1203757393707
7	1203757394107	1203757396675
7	1203757431229	1203757433609
7	1203757435618	1203757437704
7	1203757493732	1203757496589
7	1203757502835	1203757504816
7	1203757509262	1203757511235
7	1203757539300	1203757545756
7	1203757552856	1203757554811
7	1203757838447	1203757841152
7	1203757847153	1203757853227
7	1203757853479	1203757858812
7	1203757861503	1203757869310
7	1203758578127	1203758584662
7	1203758663710	1203758666627
7	1203759224375	1203759227411
7	1203759229590	1203759231934
7	1203759497121	1203759499551
7	1203759506955	1203759508928
7	1203759570888	1203759578294
7	1203759583526	1203759589891
7	1203759590593	1203759593684
7	1203759618775	1203759625982
7	1203759626597	1203759630387
7	1203759649194	1203759657407
7	1203759661595	1203759665814
7	1203759668513	1203759669828
7	1203759698149	1203759703273
7	1203760101780	1203760108817
7	1203760108927	1203760114775
7	1203760116193	1203760120336
7	1203760151531	1203760156395
7	1203760876656	1203760880404
7	1203761030693	1203761034709
7	1203761327266	1203761329728
7	1203761387494	1203761390467
7	1203761393645	1203761398834
7	1203761520331	1203761523320
7	1203761525404	1203761531427
7	1203761535501	1203761541755
7	1203761860616	1203761865777
7	1203761869113	1203761871342
7	1203762222260	1203762224442
7	1203762231552	1203762232876
7	1203762240493	1203762242941
7	1203762280734	1203762282425
7	1203762282723	1203762288298
7	1203762343414	1203762344684
7	1203762384954	1203762388554
7	1203762405329	1203762409754
7	1203762527927	1203762538341
7	1203763061688	1203763066861
7	1203763461635	1203763467629
7	1203763471804	1203763475699
7	1203763734749	1203763739663
7	1203764045321	1203764051675
7	1203764172289	1203764178101
7	1203764179654	1203764184842
7	1203764232316	1203764234987
7	1203764420806	1203764423460
7	1203764423597	1203764426689
7	1203764464569	1203764469472
7	1203764482665	1203764485815
7	1203764486691	1203764489381
7	1203765087697	1203765091853
7	1203765149281	1203765153405
7	1203765198919	1203765203657
7	1203765205911	1203765210160
7	1203765213968	1203765216322
7	1203765279477	1203765287975
7	1203765326648	1203765331154
7	1203765331882	1203765337326
7	1203765338772	1203765339300
7	1203765340686	1203765343423
7	1203765346449	1203765352233
7	1203765368136	1203765373878
7	1203772304246	1203772316930
7	1203772467341	1203772472944
7	1203772474611	1203772480498
7	1203773275762	1203773277138
7	1203773311435	1203773315620
7	1203773323832	1203773328215
7	1203774743945	1203774752335
7	1203774760794	1203774767262
7	1203774769566	1203774771981
7	1203775297479	1203775301573
7	1203775624937	1203775627363
7	1203775629843	1203775635172
7	1203775673306	1203775676962
7	1203775745842	1203775752984
7	1203775982249	1203775988562
7	1203776013117	1203776017283
7	1203776242630	1203776250731
7	1203776251171	1203776259323
7	1203776367106	1203776369716
7	1203776418886	1203776426958
7	1203776439492	1203776445939
7	1203776686761	1203776688364
7	1203776831582	1203776836410
7	1203776845530	1203776847829
7	1203777120954	1203777122903
7	1203777123886	1203777126932
7	1203777135782	1203777137835
7	1203777309555	1203777311565
7	1203777501546	1203777509943
7	1203777514993	1203777518696
7	1203777541134	1203777548258
7	1203777548898	1203777553642
7	1203777565548	1203777571871
7	1203777575883	1203777578891
7	1203777604593	1203777609252
7	1203777625405	1203777627492
7	1203777674895	1203777678404
7	1203778572615	1203778573829
7	1203778955123	1203778959983
7	1203779039542	1203779043628
7	1203779684851	1203779698858
7	1203779698979	1203779702689
7	1203780433216	1203780435306
7	1203780436581	1203780442428
7	1203780447337	1203780452358
7	1203780458760	1203780463893
7	1203780471989	1203780476297
7	1203780478430	1203780483197
7	1203780488814	1203780499721
7	1203780528871	1203780539279
7	1203780546532	1203780555807
7	1203780564100	1203780571896
7	1203780577946	1203780580245
7	1203780619439	1203780621797
7	1203780763993	1203780766531
7	1203780767937	1203780769256
7	1203781390173	1203781392324
7	1203781396645	1203781397949
7	1203781672796	1203781679163
7	1203781685300	1203781703485
7	1203781720603	1203781730287
7	1203781748301	1203781750581
7	1203781761585	1203781765182
7	1203798411704	1203798414308
7	1203798415295	1203798426567
7	1203798632335	1203798635969
7	1203798648514	1203798650531
7	1203798651107	1203798654428
7	1203798709504	1203798716576
7	1203798747353	1203798750927
7	1203798766970	1203798769468
7	1203798960493	1203798962423
7	1203799013822	1203799015730
7	1203799016870	1203799018160
7	1203799019752	1203799022519
7	1203799082160	1203799090926
7	1203802188218	1203802194399
7	1203802197737	1203802199826
7	1203802589104	1203802590231
7	1203802791727	1203802794343
7	1203802803114	1203802805300
7	1203802807550	1203802809874
7	1203802979416	1203802980652
7	1203803429676	1203803430868
7	1203803432543	1203803434364
7	1203803437321	1203803441351
7	1203803561443	1203803572616
7	1203803607303	1203803609961
7	1203803610189	1203803612382
7	1203803794823	1203803797102
7	1203803798377	1203803802904
7	1203803803202	1203803810862
7	1203803913484	1203803917362
7	1203804626865	1203804630787
7	1203804635199	1203804637452
7	1203804703231	1203804704282
7	1203804714613	1203804716730
7	1203804737327	1203804739480
7	1203804777317	1203804781645
7	1203804912661	1203804913895
7	1203804915109	1203804917521
7	1203804946886	1203804951689
7	1203804960890	1203804963513
7	1203804969248	1203804973561
7	1203804994975	1203804998500
7	1203805427175	1203805429567
7	1203805454836	1203805457140
7	1203805460901	1203805463601
7	1203805739542	1203805741510
7	1203805792481	1203805799830
7	1203805945273	1203805947621
7	1203805962960	1203805964266
7	1203806190499	1203806191733
7	1203806589112	1203806591589
7	1203806743704	1203806744941
7	1203806821647	1203806822906
7	1203806836443	1203806837767
7	1203807049995	1203807054832
7	1203807055251	1203807058205
7	1203807100531	1203807102284
7	1203807116862	1203807121178
7	1203807156460	1203807167458
7	1203807257275	1203807260212
8	1203757265261	1203757267435
8	1203757279831	1203757283732
8	1203757408272	1203757410810
8	1203757481116	1203757483765
8	1203757661343	1203757663635
8	1203757679499	1203757681983
8	1203759501153	1203759506520
8	1203759580622	1203759584381
8	1203759702163	1203759706161
8	1203760095860	1203760099416
8	1203761057208	1203761060121
8	1203761322727	1203761326396
8	1203761328738	1203761332306
8	1203761335809	1203761339369
8	1203761349969	1203761354273
8	1203762540139	1203762543437
8	1203763058258	1203763063526
8	1203763066203	1203763069973
8	1203763389634	1203763394130
8	1203763397491	1203763401708
8	1203763431878	1203763437173
8	1203763456624	1203763460912
8	1203764114173	1203764117560
8	1203764387979	1203764391440
8	1203765286947	1203765290654
8	1203765313815	1203765318763
8	1203765346985	1203765351443
8	1203765361296	1203765363825
8	1203765365732	1203765392682
8	1203772257186	1203772261758
8	1203772265739	1203772271546
8	1203772294956	1203772306479
8	1203772307985	1203772311210
8	1203772311851	1203772319749
8	1203772320893	1203772324884
8	1203772462958	1203772469519
8	1203773325569	1203773329846
8	1203774741863	1203774745149
8	1203777643882	1203777646177
8	1203777647301	1203777651734
8	1203777655212	1203777658534
8	1203777678829	1203777682816
8	1203778083614	1203778086820
8	1203781747878	1203781752498
8	1203781752780	1203781757569
8	1203781765629	1203781769384
8	1203798411238	1203798411881
8	1203798421404	1203798431501
8	1203798439373	1203798443172
8	1203798465933	1203798471248
8	1203798573520	1203798576255
8	1203798589565	1203798591674
8	1203798608368	1203798610951
8	1203798615278	1203798618607
8	1203798626558	1203798629466
8	1203798706475	1203798710422
8	1203798743778	1203798749219
8	1203798768146	1203798771631
8	1203798787145	1203798790353
8	1203799129692	1203799133460
8	1203799147951	1203799152484
8	1203800615154	1203800621131
8	1203802208933	1203802210938
8	1203802211598	1203802218118
8	1203802645580	1203802648610
8	1203803809594	1203803814644
8	1203803905574	1203803909581
8	1203803916116	1203803922563
8	1203804616525	1203804624549
8	1203807102414	1203807105198
8	1203807113834	1203807116734
8	1203807120708	1203807125768
8	1203807147527	1203807156739
8	1203807159565	1203807162573
8	1203807258958	1203807263524
9	1203757264761	1203757268651
9	1203757408842	1203757412493
9	1203757661489	1203757663395
9	1203757679138	1203757681263
9	1203759702941	1203759705217
9	1203761058594	1203761060287
9	1203761314418	1203761318141
9	1203762541436	1203762545267
9	1203762545459	1203762558436
9	1203762572929	1203762575516
9	1203762708493	1203762711620
9	1203762735106	1203762737398
9	1203762892969	1203762895459
9	1203762903642	1203762906460
9	1203762951772	1203762954266
9	1203762957849	1203762964692
9	1203762978955	1203762981622
9	1203762982869	1203762984684
9	1203763001293	1203763003989
9	1203763016772	1203763019505
9	1203763041625	1203763044137
9	1203763057606	1203763062176
9	1203763066529	1203763071484
9	1203763081865	1203763087179
9	1203763137960	1203763143218
9	1203763143353	1203763148610
9	1203763221549	1203763228196
9	1203763235298	1203763239385
9	1203763242311	1203763248707
9	1203763271293	1203763277920
9	1203763281216	1203763284964
9	1203763289548	1203763294947
9	1203763296806	1203763299995
9	1203763302347	1203763308110
9	1203763340762	1203763365614
9	1203763367573	1203763377832
9	1203763378158	1203763392501
9	1203763398711	1203763403688
9	1203765312675	1203765314946
9	1203765364980	1203765367148
9	1203772256384	1203772258545
9	1203772290475	1203772292267
9	1203772321594	1203772326342
9	1203772462486	1203772464560
9	1203777648759	1203777650672
9	1203798608103	1203798610407
9	1203798705947	1203798708126
9	1203803811253	1203803814206
9	1203803904233	1203803907745
9	1203803919308	1203803922976
9	1203804613499	1203804615895
9	1203807103193	1203807105350
9	1203807113367	1203807116989
9	1203807149225	1203807157805
9	1203807160304	1203807163743
9	1203807259972	1203807263524
10	1203770177477	1203770179422
10	1203780572744	1203780574586
10	1203780575720	1203780578959
10	1203780594296	1203780597256
10	1203780691209	1203780694127
10	1203780716782	1203780718687
10	1203782145183	1203782148134
10	1203782206231	1203782209241
10	1203782209595	1203782212257
10	1203782220188	1203782224220
10	1203786178727	1203786181799
10	1203786233439	1203786236501
10	1203786250917	1203786255824
10	1203786256761	1203786263234
10	1203786269231	1203786275879
10	1203786315847	1203786317500
10	1203786389829	1203786392839
10	1203786465385	1203786474609
10	1203803814339	1203803818938
10	1203803900323	1203803903806
10	1203803922380	1203803927490
11	1203770176895	1203770178884
11	1203780576849	1203780581381
11	1203780593518	1203780595876
11	1203786406119	1203786409301
12	1203770357953	1203770360867
12	1203770406476	1203770409120
12	1203773855735	1203773867531
12	1203773888815	1203773889858
12	1203780579424	1203780580569
12	1203780592282	1203780594631
12	1203786393900	1203786395452
12	1203786395996	1203786397967
12	1203804604989	1203804608339
13	1203770357676	1203770359710
13	1203770391974	1203770394121
13	1203770406181	1203770408265
13	1203773863364	1203773867347
13	1203773887214	1203773887746
13	1203780580691	1203780582612
13	1203780587917	1203780593908
13	1203786498309	1203786500255
13	1203786502746	1203786505494
13	1203804604407	1203804607934
14	1203757662533	1203757664762
14	1203757678231	1203757681649
14	1203764115957	1203764117889
14	1203764386675	1203764388683
14	1203765288446	1203765290502
14	1203765311565	1203765313679
14	1203765322298	1203765324764
14	1203765326819	1203765330430
14	1203765336273	1203765341733
14	1203765352111	1203765354543
14	1203765354893	1203765360496
14	1203765360756	1203765369320
14	1203772270343	1203772272459
14	1203772291976	1203772295916
14	1203772323832	1203772326467
14	1203772461675	1203772463923
14	1203773329979	1203773332294
14	1203777649375	1203777651306
14	1203777653634	1203777655986
14	1203781757569	1203781759705
14	1203798404886	1203798406848
14	1203798467553	1203798469481
14	1203798590263	1203798592337
14	1203798617227	1203798619421
14	1203798705404	1203798707286
14	1203798769181	1203798771137
14	1203798786356	1203798788782
14	1203799131749	1203799133894
14	1203799145417	1203799148667
14	1203802214960	1203802217153
14	1203807103885	1203807106714
14	1203807112751	1203807114664
14	1203807161358	1203807163566
14	1203807260958	1203807263364
15	1203757263903	1203757265683
15	1203757662463	1203757664427
15	1203757677894	1203757680695
15	1203759704675	1203759706161
15	1203760093872	1203760096169
15	1203761313347	1203761315376
15	1203764116207	1203764118631
15	1203764386224	1203764388459
15	1203765288182	1203765291222
15	1203765310512	1203765314588
15	1203765319547	1203765320835
15	1203765327602	1203765328930
15	1203765354667	1203765357196
15	1203765379270	1203765386686
15	1203765390632	1203765394372
15	1203772254938	1203772257525
15	1203772270599	1203772273360
15	1203772288767	1203772291646
15	1203772291841	1203772296230
15	1203772322461	1203772326342
15	1203772461121	1203772463612
15	1203772463923	1203772466551
15	1203773330251	1203773333304
15	1203774740153	1203774742209
15	1203777653202	1203777656728
15	1203777680688	1203777683550
15	1203778081948	1203778084280
15	1203781757274	1203781759574
15	1203781768193	1203781770275
15	1203798401948	1203798406976
15	1203798467829	1203798473907
15	1203798571810	1203798573905
15	1203798590447	1203798592532
15	1203798607407	1203798609351
15	1203798617952	1203798619232
15	1203798625171	1203798627179
15	1203798704724	1203798707545
15	1203798769341	1203798771337
15	1203798785934	1203798789700
15	1203799131998	1203799134570
15	1203799142565	1203799148869
15	1203802215222	1203802218272
15	1203802643970	1203802646352
15	1203803812179	1203803814822
15	1203803902845	1203803904677
15	1203804609575	1203804612775
15	1203807104142	1203807106745
15	1203807112790	1203807115174
15	1203807161504	1203807164172
15	1203807261116	1203807265105
16	1203759704325	1203759706367
16	1203765310931	1203765314810
16	1203765393220	1203765394511
16	1203772322968	1203772326342
16	1203772460870	1203772462342
16	1203772463756	1203772465781
16	1203777681344	1203777684566
16	1203780692763	1203780694127
16	1203780714612	1203780717278
16	1203781769286	1203781771965
16	1203782146866	1203782149848
16	1203782205383	1203782207545
16	1203782210959	1203782213197
16	1203786180384	1203786182694
16	1203786408515	1203786410264
16	1203798468655	1203798473216
16	1203803812836	1203803815939
16	1203803902313	1203803905748
16	1203803921126	1203803924276
16	1203804607523	1203804612323
17	1203770176151	1203770178376
17	1203770407919	1203770410563
17	1203773854693	1203773856711
17	1203773889581	1203773892108
17	1203781773480	1203781774751
17	1203781789170	1203781792387
17	1203781792614	1203781796598
17	1203781808770	1203781810111
17	1203782147123	1203782148956
17	1203782204980	1203782207665
17	1203782211814	1203782214381
17	1203782218818	1203782222564
17	1203786180660	1203786183842
17	1203786231512	1203786234618
17	1203786396855	1203786399198
17	1203786462899	1203786465601
17	1203804607616	1203804609707
18	1203770359375	1203770362262
18	1203770390549	1203770392644
18	1203770407596	1203770409501
18	1203773855235	1203773858243
18	1203773889406	1203773890851
18	1203781778261	1203781783526
18	1203781790756	1203781797128
18	1203781808240	1203781811819
18	1203786396360	1203786399474
18	1203786505175	1203786508231
18	1203804606387	1203804608473
21	1203757662947	1203757666296
21	1203765370492	1203765376807
21	1203765381628	1203765385930
22	1203757478782	1203757481973
22	1203757663200	1203757666876
22	1203757676812	1203757681391
22	1203765382761	1203765386525
22	1203765386846	1203765389371
22	1203772290773	1203772293119
22	1203798591282	1203798595296
22	1203798606435	1203798609503
22	1203798769983	1203798773832
22	1203798784991	1203798788934
23	1203757261577	1203757263336
23	1203757411378	1203757413122
23	1203761060287	1203761062377
23	1203764117307	1203764119421
23	1203764385274	1203764387181
23	1203765289953	1203765291948
23	1203765393504	1203765397111
23	1203770409120	1203770412785
23	1203772267555	1203772270719
23	1203772284883	1203772290651
23	1203773853452	1203773856969
23	1203773890714	1203773894861
23	1203777651548	1203777655408
23	1203780693826	1203780695779
23	1203780713778	1203780715670
23	1203781758904	1203781762143
23	1203786398920	1203786401851
23	1203786403310	1203786405571
23	1203786411315	1203786415330
23	1203798618333	1203798621778
23	1203798703561	1203798706785
23	1203799133180	1203799135170
23	1203799141449	1203799143489
23	1203802216864	1203802220710
23	1203807105350	1203807108835
23	1203807111691	1203807113242
23	1203807163108	1203807166436
23	1203807262990	1203807266265
24	1203757260935	1203757263815
24	1203757412362	1203757413535
24	1203759705727	1203759708317
24	1203760092116	1203760094180
24	1203761311384	1203761313851
24	1203764384269	1203764386365
24	1203765290654	1203765294182
24	1203765306940	1203765311400
24	1203765395727	1203765399834
24	1203772252611	1203772258686
24	1203772265222	1203772268405
24	1203772276872	1203772282343
24	1203772324588	1203772328414
24	1203772459166	1203772461397
24	1203772461839	1203772464705
24	1203773332434	1203773335849
24	1203774737899	1203774740411
24	1203777683272	1203777685434
24	1203778080987	1203778082553
24	1203781775352	1203781778871
24	1203781808363	1203781816568
24	1203782147694	1203782151242
24	1203782204221	1203782206405
24	1203782211823	1203782215283
24	1203782217527	1203782221450
24	1203786181524	1203786185135
24	1203798401120	1203798403896
24	1203798470574	1203798475175
24	1203798569988	1203798571983
24	1203798623419	1203798625171
24	1203798702805	1203798704584
24	1203799134134	1203799136861
24	1203799140267	1203799143610
24	1203802217590	1203802220946
24	1203802642873	1203802644594
24	1203807110283	1203807112387
24	1203807263764	1203807267625
25	1203759707395	1203759709438
25	1203765308113	1203765310376
25	1203770175192	1203770177151
25	1203770360178	1203770363905
25	1203770389127	1203770392126
25	1203772252942	1203772254143
25	1203772254279	1203772256663
25	1203772264176	1203772266283
25	1203772277566	1203772278819
25	1203772279767	1203772282418
25	1203780566769	1203780570285
25	1203781777380	1203781780347
25	1203781812309	1203781816568
25	1203782203707	1203782207423
25	1203782217665	1203782218953
25	1203786181934	1203786184995
25	1203786229789	1203786233764
25	1203786494848	1203786496661
27	1203757478210	1203757479227
27	1203757663937	1203757667150
27	1203757676223	1203757679908
27	1203770410861	1203770413644
27	1203772280927	1203772285861
27	1203772287812	1203772292399
27	1203773852322	1203773855996
27	1203773891644	1203773895268
27	1203776814607	1203776816504
27	1203776960969	1203776963178
27	1203780694735	1203780698525
27	1203780712468	1203780716252
27	1203786401892	1203786405219
27	1203798770623	1203798773693
28	1203757460701	1203757463563
28	1203765389591	1203765392824
28	1203770410861	1203770411123
28	1203773853160	1203773856119
28	1203776814893	1203776817420
28	1203776827686	1203776830401
28	1203776961709	1203776964202
28	1203786415444	1203786418689
28	1203786487288	1203786489296
29	1203757459597	1203757462115
29	1203765292100	1203765294572
29	1203765397517	1203765400170
29	1203772458423	1203772460291
29	1203776815534	1203776818268
29	1203776826694	1203776829513
29	1203781761200	1203781763109
29	1203781765829	1203781768566
29	1203786433401	1203786438214
29	1203786489982	1203786493642
29	1203798702105	1203798703726
29	1203799139283	1203799141305
29	1203807107452	1203807109197
29	1203807109323	1203807111457
30	1203757259439	1203757261324
30	1203757458987	1203757460955
30	1203759707647	1203759710313
30	1203760091700	1203760094336
30	1203761062691	1203761065516
30	1203761310513	1203761312236
30	1203764119167	1203764122275
30	1203764383378	1203764386558
30	1203765292100	1203765295350
30	1203765302797	1203765309505
30	1203765396793	1203765402298
30	1203765403937	1203765406448
30	1203770361750	1203770363487
30	1203770387963	1203770390262
30	1203772251392	1203772253867
30	1203772325688	1203772330121
30	1203772457839	1203772464342
30	1203773334491	1203773338315
30	1203774736833	1203774738185
30	1203776816213	1203776819598
30	1203776826161	1203776828954
30	1203777684700	1203777686592
30	1203781809593	1203781816568
30	1203782148672	1203782152300
30	1203782203119	1203782206577
30	1203782212923	1203782220446
30	1203786182830	1203786186864
30	1203786227976	1203786232930
30	1203786436675	1203786439473
30	1203786460522	1203786462761
30	1203786494462	1203786496732
30	1203798397751	1203798401380
30	1203798472547	1203798477252
30	1203798568855	1203798572123
30	1203798620330	1203798625701
30	1203798701373	1203798704934
30	1203799134870	1203799137763
30	1203799138362	1203799141747
30	1203802218790	1203802222653
30	1203802641234	1203802644410
30	1203807107185	1203807112234
30	1203807165254	1203807168896
30	1203807265696	1203807269854
30	1203807599744	0
31	1203757255837	1203757260143
31	1203757415299	1203757419488
31	1203757456127	1203757460167
31	1203759708627	1203759718970
31	1203760089627	1203760092401
31	1203761063245	1203761069349
31	1203761308236	1203761311958
31	1203761735897	1203761738550
31	1203761846867	1203761853554
31	1203761902865	1203761906999
31	1203764120163	1203764126319
31	1203764380630	1203764386803
31	1203765293528	1203765309201
31	1203765399166	1203765407658
31	1203770172128	1203770174367
31	1203772247722	1203772253223
31	1203772326964	1203772333105
31	1203772456262	1203772463412
31	1203773337787	1203773341240
31	1203774732351	1203774739217
31	1203776964933	1203776967644
31	1203777685597	1203777687794
31	1203778077123	1203778081690
31	1203780564288	1203780566531
31	1203781813614	1203781818317
31	1203782150677	1203782155230
31	1203782202170	1203782204630
31	1203786183483	1203786185951
31	1203786224698	1203786227644
31	1203786512934	1203786517424
31	1203798394941	1203798398553
31	1203798473344	1203798477903
31	1203798567548	1203798570148
31	1203798700447	1203798703855
31	1203802220741	1203802226909
31	1203802638976	1203802643540
31	1203807169270	1203807175283
31	1203807267250	1203807270578
31	1203807597789	0
32	1203761736694	1203761739628
32	1203761846733	1203761849983
32	1203761851834	1203761856444
32	1203761902500	1203761904104
32	1203770361861	1203770365258
32	1203770387393	1203770389643
32	1203772249155	1203772253628
32	1203776816962	1203776820463
32	1203776825655	1203776829990
32	1203786441891	1203786444187
32	1203786459574	1203786461801
32	1203799138245	1203799140851
33	1203757462235	1203757464805
33	1203757476849	1203757480291
33	1203757665150	1203757668496
33	1203757674860	1203757677303
33	1203770411392	1203770415889
33	1203772283697	1203772287689
33	1203773851286	1203773854281
33	1203773892931	1203773896489
33	1203776813218	1203776816457
33	1203776829990	1203776832397
33	1203776959567	1203776962487
33	1203780695159	1203780699298
33	1203780711190	1203780713894
33	1203798593362	1203798595572
33	1203798604560	1203798607253
33	1203798771471	1203798774940
33	1203798782919	1203798785934
34	1203757463314	1203757465521
34	1203757665363	1203757667634
34	1203757674843	1203757677586
34	1203770412505	1203770417504
34	1203770418676	1203770421322
34	1203770423858	1203770428868
34	1203770431204	1203770432375
34	1203770493382	1203770499921
34	1203770522797	1203770523963
34	1203770524661	1203770526635
34	1203770566312	1203770568504
34	1203770599977	1203770602283
34	1203770602411	1203770606158
34	1203770653499	1203770657850
34	1203770659531	1203770662963
34	1203770669185	1203770671408
34	1203770682443	1203770686576
34	1203770700155	1203770702123
34	1203770740125	1203770742291
34	1203770747123	1203770751487
34	1203770754670	1203770756741
34	1203770828901	1203770830998
34	1203770926549	1203770929344
34	1203770929807	1203770934653
34	1203771027426	1203771029550
34	1203771031292	1203771034616
34	1203771052263	1203771054138
34	1203771063435	1203771065111
34	1203771069890	1203771074799
34	1203771164287	1203771166439
34	1203771180915	1203771183394
34	1203771281509	1203771282260
34	1203771288917	1203771295471
34	1203771303484	1203771306931
34	1203771327515	1203771329557
34	1203771330416	1203771333300
34	1203771343492	1203771348961
34	1203771349134	1203771351625
34	1203771365508	1203771369209
34	1203771414470	1203771419396
34	1203771428767	1203771433155
34	1203771544514	1203771546428
34	1203771547748	1203771548916
34	1203771577454	1203771582612
34	1203771596343	1203771601707
34	1203771605129	1203771608972
34	1203771668167	1203771670596
34	1203771758739	1203771764322
34	1203771767947	1203771773373
34	1203771782866	1203771784760
34	1203771785859	1203771788327
34	1203771881794	1203771891504
34	1203771904650	1203771908724
34	1203771912462	1203771914593
34	1203771956363	1203771958466
34	1203772072209	1203772074483
34	1203772074599	1203772081965
34	1203772167742	1203772172927
34	1203772245563	1203772248444
34	1203772253491	1203772255298
34	1203772264867	1203772266542
34	1203772267555	1203772269232
34	1203772269786	1203772272578
34	1203772274962	1203772277998
34	1203772283109	1203772286191
34	1203772320110	1203772322601
34	1203772326467	1203772328555
34	1203772337859	1203772348470
34	1203772401627	1203772407257
34	1203772683664	1203772689265
34	1203773002190	1203773003898
34	1203773163985	1203773165968
34	1203773214188	1203773216289
34	1203773228249	1203773230741
34	1203773409748	1203773413580
34	1203773432570	1203773439757
34	1203773527108	1203773531610
34	1203773545763	1203773548151
34	1203773606481	1203773607609
34	1203773690118	1203773698762
34	1203773847633	1203773854693
34	1203773893949	1203773895802
34	1203773896180	1203773902917
34	1203773903288	1203773907393
34	1203773909953	1203773914656
34	1203773937743	1203773943316
34	1203774024624	1203774028407
34	1203774111327	1203774113389
34	1203774295631	1203774297661
34	1203774349744	1203774350218
34	1203774373940	1203774376905
34	1203774420541	1203774421157
34	1203774573771	1203774576265
34	1203774576487	1203774578943
34	1203774748288	1203774750344
34	1203775242200	1203775244402
34	1203775276430	1203775278396
34	1203776283629	1203776285357
34	1203776346846	1203776348853
34	1203776362501	1203776364513
34	1203776444345	1203776446131
34	1203776732663	1203776738645
34	1203776748653	1203776749868
34	1203776750157	1203776751873
34	1203776752598	1203776770887
34	1203776772302	1203776775231
34	1203776776109	1203776779845
34	1203776780225	1203776784511
34	1203776787221	1203776794997
34	1203776807700	1203776809884
34	1203776812374	1203776815227
34	1203776829972	1203776837854
34	1203776867122	1203776893396
34	1203776893532	1203776902789
34	1203776903956	1203776911309
34	1203776914781	1203776918157
34	1203776922687	1203776946330
34	1203776948248	1203776957370
34	1203776958681	1203776961237
34	1203780695913	1203780698951
34	1203780710450	1203780714664
34	1203798593605	1203798596498
34	1203798604333	1203798606435
34	1203798771817	1203798774693
34	1203798782281	1203798785934
36	1203757463309	1203757465161
36	1203757476337	1203757478542
36	1203757665765	1203757667755
36	1203757674217	1203757677714
36	1203773893667	1203773901890
36	1203776873695	1203776875487
36	1203776899590	1203776902432
36	1203776902631	1203776906741
36	1203776941831	1203776942153
36	1203780696289	1203780699137
36	1203780709240	1203780714210
36	1203798594102	1203798596952
36	1203798603899	1203798606236
36	1203798772334	1203798775595
36	1203798782150	1203798785710
37	1203757464289	1203757465907
37	1203757475929	1203757478210
37	1203757666732	1203757668748
37	1203757672665	1203757676529
37	1203780697467	1203780699695
37	1203780700482	1203780702774
37	1203780708602	1203780711674
37	1203798595441	1203798596952
37	1203798603103	1203798605899
37	1203798773395	1203798775457
37	1203798780686	1203798784181
