1	1202280641468	1202280642670
1	1202280642900	1202280645649
1	1202280648617	1202280651833
1	1202280654327	1202280657239
1	1202280675655	1202280677785
1	1202280678594	1202280680722
1	1202280695720	1202280701514
1	1202280701632	1202280703550
1	1202280707654	1202280709910
1	1202280710658	1202280728908
1	1202280729260	1202280731305
1	1202280733593	1202280735828
1	1202280736263	1202280738170
1	1202280740518	1202280744368
1	1202280754170	1202280759458
1	1202280966125	1202280970744
1	1202280984993	1202280986575
1	1202285986378	1202285987568
1	1202285988317	1202285991172
1	1202295394856	1202295403386
1	1202295413604	1202295416753
1	1202295422499	1202295428704
1	1202295429111	1202295437456
1	1202295521162	1202295523617
1	1202295526695	1202295532797
1	1202295535779	1202295537773
1	1202295538600	1202295542580
1	1202295544658	1202295552208
1	1202295553898	1202295557389
1	1202295558220	1202295566574
1	1202295571272	1202295573787
1	1202295581573	1202295584388
1	1202295595568	1202295601155
1	1202295602937	1202295608873
1	1202295609287	1202295613967
1	1202295614239	1202295627629
1	1202295646209	1202295646916
1	1202295649787	1202295653180
1	1202295654754	1202295659557
1	1202295661436	1202295665892
1	1202295672351	1202295681701
1	1202295709530	1202295724573
1	1202295734366	1202295737662
1	1202295743628	1202295746709
1	1202295756696	1202295757959
1	1202295764267	1202295768470
1	1202295770928	1202295776414
1	1202295779849	1202295782246
1	1202295783465	1202295785570
1	1202295788176	1202295790513
1	1202295790913	1202295793283
1	1202295812960	1202295814223
1	1202295815389	1202295820495
1	1202295821855	1202295823882
1	1202295824287	1202295826554
1	1202295826998	1202295832849
1	1202295836749	1202295840764
1	1202295842214	1202295844352
1	1202295845285	1202295848224
1	1202295849357	1202295850665
1	1202295851440	1202295855144
1	1202295858601	1202295858659
1	1202295865221	1202295870923
1	1202295875342	1202295878966
1	1202295879974	1202295885158
1	1202295899563	1202295902635
1	1202295906577	1202295910139
1	1202295910414	1202295913495
1	1202295916354	1202295918751
1	1202295927762	1202295940339
1	1202295942535	1202295947432
1	1202295953296	1202295955194
1	1202295956779	1202295963969
1	1202295968970	1202295973413
1	1202295980416	1202295980785
1	1202295984813	1202295986141
1	1202295992588	1202295996284
1	1202296003106	1202296005607
1	1202296007207	1202296009861
1	1202296020168	1202296022486
1	1202296028232	1202296036380
1	1202296039336	1202296042341
1	1202296045917	1202296050273
1	1202296052370	1202296054895
1	1202296055207	1202296058316
1	1202296070200	1202296074153
1	1202296093247	1202296098600
1	1202296109416	1202296115643
1	1202296116794	1202296121606
1	1202296127525	1202296127973
1	1202296141732	1202296143624
1	1202296158395	1202296159647
1	1202296185512	1202296188384
1	1202296200915	1202296211116
1	1202296212800	1202296216226
1	1202296219257	1202296221531
1	1202296223285	1202296226615
1	1202296237587	1202296240100
1	1202296257419	1202296260629
1	1202296273253	1202296275607
1	1202296277485	1202296282114
1	1202296295225	1202296297694
1	1202296317807	1202296321219
1	1202296322300	1202296324537
1	1202296334373	1202296342934
1	1202296347874	1202296351956
1	1202296361771	1202296364738
1	1202296365720	1202296368415
1	1202296369339	1202296370650
1	1202296378402	1202296378458
1	1202296379957	1202296381888
1	1202296382156	1202296386249
1	1202296390321	1202296392314
1	1202296399518	1202296401897
1	1202296404731	1202296407123
1	1202296419780	1202296421506
1	1202296430450	1202296432495
1	1202296457333	1202296460161
1	1202296461372	1202296464167
1	1202296479527	1202296484145
1	1202296489507	1202296496128
1	1202296496966	1202296499859
1	1202296500937	1202296503696
1	1202296504340	1202296507212
1	1202296508271	1202296513187
1	1202296513484	1202296515942
1	1202296682469	1202296700164
1	1202298754656	1202298758928
1	1202298761530	1202298767344
1	1202298768567	1202298772619
1	1202298773372	1202298777311
1	1202298781901	1202298785893
1	1202298822984	1202298827315
1	1202298905884	1202298908196
1	1202298926912	1202298929888
1	1202299189669	1202299191507
1	1202299197160	1202299199177
1	1202299236942	1202299239186
1	1202299317504	1202299319917
1	1202299399762	1202299402107
1	1202299402544	1202299404972
1	1202299491193	1202299493132
1	1202299533817	1202299536115
1	1202299538889	1202299540754
1	1202299546642	1202299549200
1	1202299652137	1202299658106
1	1202299679974	1202299681916
1	1202299686666	1202299688688
1	1202299962490	1202299965565
1	1202299980167	1202299981402
1	1202299986674	1202299988649
1	1202299994898	1202299999336
1	1202300002530	1202300005578
1	1202300005876	1202300012626
1	1202300023466	1202300028624
1	1202300033752	1202300036453
1	1202300040598	1202300043287
1	1202300064292	1202300066481
1	1202300076594	1202300078763
1	1202300107259	1202300115582
1	1202300116221	1202300130967
1	1202300154619	1202300157112
1	1202300168442	1202300188575
1	1202300193766	1202300198385
1	1202301568352	1202301569219
1	1202302252517	1202302257331
1	1202302260188	1202302266216
1	1202302266483	1202302268774
1	1202302282836	1202302284848
1	1202302290119	1202302292565
1	1202302301666	1202302304118
1	1202302309201	1202302309852
1	1202302311236	1202302313293
1	1202302339881	1202302341127
1	1202302342137	1202302344430
1	1202302345629	1202302346911
1	1202302369568	1202302373891
1	1202302379140	1202302381860
1	1202302392409	1202302397332
1	1202302398464	1202302401509
1	1202302415917	1202302418677
1	1202302419772	1202302424938
1	1202302427500	1202302432695
1	1202302445795	1202302449869
1	1202302450659	1202302455581
1	1202302456267	1202302464910
1	1202302466550	1202302470466
1	1202302470930	1202302473783
1	1202302475928	1202302481176
1	1202302494616	1202302498984
1	1202302514221	1202302518543
1	1202302520267	1202302522589
1	1202302683938	1202302688101
1	1202302721704	1202302723765
1	1202302739967	1202302747440
1	1202302789241	1202302794109
1	1202302795115	1202302798147
1	1202302800831	1202302810776
1	1202304279776	1202304285302
1	1202304288431	1202304294459
1	1202304297686	1202304301777
1	1202304321471	1202304325731
1	1202304335418	1202304336677
1	1202304363953	1202304365947
1	1202304444910	1202304447317
1	1202304469537	1202304471806
1	1202304520246	1202304522356
1	1202304524546	1202304527211
1	1202304535362	1202304537571
1	1202304560596	1202304562894
1	1202304616639	1202304618788
1	1202304641402	1202304647989
1	1202304711109	1202304713235
1	1202304759556	1202304763304
1	1202304817418	1202304819360
1	1202304828535	1202304831118
1	1202304839296	1202304845743
1	1202304869705	1202304872159
1	1202304878529	1202304880729
1	1202304882942	1202304886835
1	1202304947435	1202304949395
1	1202305028798	1202305031284
1	1202305079523	1202305081925
1	1202305086206	1202305088274
1	1202305088530	1202305090834
1	1202305222250	1202305226690
1	1202305232356	1202305237667
1	1202305245350	1202305247730
1	1202305250376	1202305252806
1	1202305253138	1202305258714
1	1202305259385	1202305261535
1	1202305268266	1202305273221
1	1202305313171	1202305315518
1	1202305316212	1202305317474
1	1202305374480	1202305376938
1	1202305394202	1202305394522
1	1202305445869	1202305449729
1	1202305483255	1202305488235
1	1202305489442	1202305494169
1	1202305513173	1202305514433
1	1202305543506	1202305546163
1	1202305546827	1202305549506
1	1202305562674	1202305567871
1	1202305582781	1202305591536
1	1202305596830	1202305601316
1	1202305606391	1202305608921
1	1202305610119	1202305619569
1	1202305839429	1202305842476
1	1202305842658	1202305844913
1	1202305846401	1202305848522
1	1202305850972	1202305853140
1	1202305864147	1202305866751
1	1202305873644	1202305879263
1	1202305886732	1202305890951
1	1202305902901	1202305907832
1	1202305934663	1202305940838
1	1202305974550	1202305981367
1	1202305983531	1202305985778
1	1202306011930	1202306015466
1	1202306056183	1202306058818
1	1202306067869	1202306070585
1	1202306080412	1202306084459
1	1202306157356	1202306158606
1	1202306187424	1202306190508
1	1202306201461	1202306206779
1	1202306207529	1202306210327
1	1202306218292	1202306220492
1	1202306234813	1202306237139
1	1202306237360	1202306240693
1	1202306256695	1202306261958
1	1202306267544	1202306289897
1	1202306290764	1202306293781
1	1202306294184	1202306296657
1	1202306299570	1202306303481
1	1202306310356	1202306312450
1	1202306314895	1202306322403
1	1202306325502	1202306327465
1	1202306339316	1202306345606
1	1202306357934	1202306362919
1	1202306366767	1202306372498
2	1202280987425	1202280989305
2	1202293506299	1202293507936
2	1202295389923	1202295391929
2	1202296699714	1202296701728
2	1202297238479	1202297240812
2	1202302366302	1202302368266
2	1202302369901	1202302372865
2	1202302554275	1202302556711
3	1202293508909	1202293512278
3	1202293512872	1202293520816
3	1202293523309	1202293527711
3	1202293774774	1202293777410
3	1202302367264	1202302373616
7	1202290874962	1202290880969
7	1202290881127	1202290905986
7	1202295561783	1202295581459
7	1202295581690	1202295607973
7	1202295608177	1202295610557
7	1202295611332	1202295618452
7	1202295620866	1202295623550
7	1202295625969	1202295631340
7	1202295634183	1202295643638
7	1202295644392	1202295649453
7	1202295655152	1202295657880
7	1202295666800	1202295669497
7	1202295670377	1202295675365
7	1202295687296	1202295689937
7	1202295691768	1202295696821
7	1202295700689	1202295703252
7	1202295708953	1202295713121
7	1202295845102	1202295849645
7	1202295920504	1202295922966
7	1202296047909	1202296058430
7	1202296096702	1202296099435
7	1202296663585	1202296668251
7	1202296769496	1202296772342
7	1202296807466	1202296810442
7	1202297119913	1202297122553
7	1202297232389	1202297234484
7	1202297234641	1202297240992
7	1202297253922	1202297259195
7	1202297553940	1202297563751
7	1202297569555	1202297571573
7	1202297666482	1202297668566
7	1202298393566	1202298404996
7	1202298847783	1202298852528
7	1202299056539	1202299059943
7	1202299542408	1202299544567
7	1202299545695	1202299554777
7	1202300308181	1202300323599
7	1202300503596	1202300504807
7	1202300965866	1202300973305
7	1202301041677	1202301042941
7	1202301450552	1202301457227
7	1202301459431	1202301463874
7	1202301478937	1202301484720
7	1202301549204	1202301555650
7	1202301564334	1202301573498
7	1202301586707	1202301592855
7	1202301597613	1202301605647
7	1202301610902	1202301615875
7	1202302172923	1202302183301
7	1202302253261	1202302255729
7	1202302257894	1202302262372
7	1202302363506	1202302367547
7	1202302379879	1202302386186
7	1202302386953	1202302389745
7	1202302547705	1202302550140
7	1202302552894	1202302554756
7	1202304201863	1202304203984
7	1202304216188	1202304218338
7	1202304344847	1202304348626
7	1202304500273	1202304502885
7	1202305107706	1202305112420
7	1202305116121	1202305123877
7	1202305127727	1202305130577
7	1202305152357	1202305156568
7	1202305366154	1202305369518
7	1202305370397	1202305375996
7	1202327231363	1202327235350
7	1202327235484	1202327238685
7	1202327239909	1202327241994
7	1202327302292	1202327304368
7	1202327304664	1202327307130
7	1202327307298	1202327311427
7	1202327324651	1202327329119
7	1202327331443	1202327341784
7	1202327347200	1202327349414
7	1202327351380	1202327360819
7	1202327367601	1202327373636
7	1202327378647	1202327386981
7	1202327387461	1202327394700
7	1202327396161	1202327398722
8	1202280757749	1202280759924
8	1202280936994	1202280938734
8	1202280987221	1202280990183
8	1202285984561	1202285987168
8	1202285989473	1202285992476
8	1202290871710	1202290874820
8	1202290906553	1202290909412
8	1202292717296	1202292720146
8	1202292725583	1202292728185
8	1202293776396	1202293778697
8	1202295389459	1202295392726
8	1202295434980	1202295437614
8	1202295516972	1202295520914
8	1202295557255	1202295560461
8	1202295711961	1202295714982
8	1202295842925	1202295846657
8	1202296699348	1202296703454
8	1202297238744	1202297242620
8	1202297251484	1202297255643
8	1202298749582	1202298752498
8	1202298851293	1202298855771
8	1202299052689	1202299056677
8	1202302249843	1202302253613
8	1202302365859	1202302368125
8	1202302370676	1202302374115
8	1202302553996	1202302558225
8	1202304200123	1202304204121
8	1202304217312	1202304221175
8	1202304341771	1202304345971
8	1202305374850	1202305379573
8	1202305615531	1202305619432
8	1202305837180	1202305840591
8	1202306376635	1202306380114
8	1202327229585	1202327231691
9	1202285984359	1202285986164
9	1202285990332	1202285992592
9	1202293775305	1202293779923
9	1202295711969	1202295713907
9	1202297250887	1202297253238
9	1202299051995	1202299054854
9	1202302249331	1202302251123
9	1202304340403	1202304344199
10	1202256958715	1202256960926
10	1202257083474	1202257085671
10	1202288889232	1202288891276
10	1202288898887	1202288901932
10	1202293458933	1202293461678
10	1202293472312	1202293477126
10	1202293770249	1202293772696
10	1202299971588	1202299976191
10	1202300568241	1202300570819
10	1202300600840	1202300602494
10	1202300836715	1202300839143
10	1202302681553	1202302684973
10	1202302716566	1202302719762
10	1202308208975	1202308211490
10	1202308328245	1202308330497
10	1202308335631	1202308338706
10	1202308347917	1202308350106
10	1202310396868	1202310399877
10	1202310409331	1202310411280
10	1202310414532	1202310417246
10	1202315804220	1202315806424
10	1202322246962	1202322249546
10	1202322724568	1202322727311
10	1202324755316	1202324757686
10	1202324777873	1202324780109
10	1202338642135	1202338646187
11	1202256959466	1202256962648
11	1202256969739	1202256972931
11	1202256973103	1202256977233
11	1202257083213	1202257086311
11	1202259257856	1202259258759
11	1202288888557	1202288891976
11	1202289583913	1202289588418
11	1202289713413	1202289717833
11	1202289736621	1202289738569
11	1202293456467	1202293460932
11	1202293463532	1202293464772
11	1202293474441	1202293477761
11	1202293479768	1202293481694
11	1202294020747	1202294025161
11	1202294026117	1202294028216
11	1202294033744	1202294049861
11	1202294051271	1202294056998
11	1202299974593	1202299977220
11	1202300764357	1202300771133
11	1202300808444	1202300812107
11	1202300837929	1202300841997
11	1202300958532	1202300963228
11	1202300968410	1202300975725
11	1202300976399	1202300982247
11	1202300983934	1202300996825
11	1202301021245	1202301024890
11	1202301025166	1202301026942
11	1202302709404	1202302711156
11	1202304221787	1202304227227
11	1202304286892	1202304291989
11	1202308209788	1202308211625
11	1202310415562	1202310430145
11	1202310432367	1202310434633
11	1202310434945	1202310440613
11	1202310443580	1202310450214
11	1202322247994	1202322249824
11	1202324755825	1202324761113
11	1202324776846	1202324781642
11	1202338640395	1202338645253
12	1202288879991	1202288885932
12	1202288892113	1202288897295
12	1202288900168	1202288902212
12	1202288903170	1202288905514
12	1202289938499	1202289941577
12	1202289943613	1202289949769
12	1202289952649	1202289965247
12	1202289965376	1202289976709
12	1202290702945	1202290704655
12	1202293635190	1202293637670
12	1202293640335	1202293642317
12	1202311523954	1202311526369
12	1202311545884	1202311549269
12	1202323223557	1202323233182
12	1202323243819	1202323248379
12	1202323268838	1202323273359
12	1202323276452	1202323280568
12	1202323286254	1202323290206
12	1202323329679	1202323332858
12	1202323337751	1202323342183
12	1202323342775	1202323355160
12	1202323366555	1202323372282
12	1202323372488	1202323375519
12	1202323377660	1202323380149
12	1202323396324	1202323402793
12	1202323406475	1202323414849
12	1202323434119	1202323438119
12	1202323439403	1202323441585
12	1202323453277	1202323455737
12	1202323456448	1202323469462
12	1202323494720	1202323497225
12	1202323530986	1202323532242
12	1202323534314	1202323536476
12	1202323966894	1202323968422
12	1202324011275	1202324013745
12	1202324164620	1202324166356
12	1202324166586	1202324168465
12	1202324169455	1202324174409
12	1202324271728	1202324276199
12	1202324388530	1202324390809
12	1202324392200	1202324394532
12	1202324541932	1202324545954
12	1202324743653	1202324748217
12	1202324748507	1202324750187
12	1202324781684	1202324783612
12	1202324784632	1202324788653
12	1202324791895	1202324794132
12	1202324803655	1202324804861
12	1202324805416	1202324807685
12	1202324808430	1202324810669
12	1202324847822	1202324849719
12	1202324861168	1202324870567
12	1202324872844	1202324874692
12	1202324881446	1202324885178
12	1202324885852	1202324889863
12	1202324891978	1202324900594
12	1202325308696	1202325315967
12	1202325319243	1202325321165
12	1202325351531	1202325357139
12	1202325410279	1202325414304
12	1202325424147	1202325426498
12	1202325469422	1202325470216
12	1202325510528	1202325511714
12	1202325512610	1202325520173
12	1202325529906	1202325532670
12	1202325540770	1202325548959
12	1202325550717	1202325554983
12	1202325585161	1202325592503
12	1202325979205	1202325980343
12	1202325982827	1202325985254
12	1202326145623	1202326146771
12	1202326147683	1202326151587
12	1202326338762	1202326342481
12	1202326468257	1202326470220
12	1202326497711	1202326498915
12	1202326499764	1202326501874
12	1202326506134	1202326507968
12	1202326509987	1202326514184
12	1202326524361	1202326527569
12	1202326527919	1202326529933
12	1202327193407	1202327196530
12	1202327197321	1202327199285
12	1202327315904	1202327318522
12	1202327322608	1202327328314
12	1202327334796	1202327346111
12	1202327687332	1202327692624
12	1202327698801	1202327704296
12	1202327717715	1202327720296
12	1202327761380	1202327763558
12	1202327839529	1202327844259
12	1202327915256	1202327918667
12	1202327958802	1202327961387
12	1202328045603	1202328049664
12	1202328141690	1202328145881
12	1202328249834	1202328255896
12	1202328258943	1202328261963
12	1202328265569	1202328267575
12	1202328884814	1202328889581
12	1202329136722	1202329137852
12	1202329210770	1202329218351
12	1202329238308	1202329242295
12	1202329247510	1202329251712
12	1202329418345	1202329422231
12	1202329862355	1202329872562
12	1202329896416	1202329898275
12	1202329898466	1202329901531
12	1202329902131	1202329906242
12	1202329907538	1202329912240
12	1202329918749	1202329925204
12	1202329967520	1202329971991
12	1202329978762	1202329981115
12	1202330035651	1202330038132
12	1202330483427	1202330485487
12	1202330493322	1202330495534
12	1202330653968	1202330655906
12	1202330895795	1202330899335
12	1202330927808	1202330929814
12	1202330930776	1202330933168
12	1202331050615	1202331055648
12	1202331244666	1202331247246
12	1202331687151	1202331689123
12	1202331907557	1202331909496
12	1202332011835	1202332017317
12	1202332033601	1202332037616
12	1202333124955	1202333127251
12	1202333214338	1202333225171
12	1202333364248	1202333368535
12	1202333368727	1202333371173
12	1202333616819	1202333619334
12	1202333620706	1202333623954
12	1202333626427	1202333631861
12	1202333878864	1202333880202
12	1202333881284	1202333885861
12	1202333886351	1202333888221
12	1202334098470	1202334105687
12	1202334375252	1202334377492
12	1202334517743	1202334519848
12	1202334600602	1202334602568
12	1202334628848	1202334630383
12	1202334630502	1202334638233
12	1202334655965	1202334658975
12	1202334659390	1202334666588
12	1202335095398	1202335101723
12	1202335202171	1202335204520
12	1202335241101	1202335242283
12	1202335302906	1202335306289
12	1202335310837	1202335312675
12	1202335873357	1202335875960
12	1202335904403	1202335906227
12	1202336504187	1202336510396
12	1202336510634	1202336512513
12	1202336561366	1202336563274
12	1202336971990	1202336975159
12	1202337126281	1202337127180
12	1202337134293	1202337135525
12	1202337141765	1202337143784
12	1202337147230	1202337152278
12	1202337174600	1202337176603
12	1202337178180	1202337180666
12	1202337183499	1202337185928
12	1202337209999	1202337211191
12	1202337211809	1202337213804
12	1202337225645	1202337229180
12	1202337299766	1202337303862
12	1202337330166	1202337333376
12	1202337495457	1202337497664
12	1202337627789	1202337632555
12	1202337638566	1202337643807
12	1202337705728	1202337711682
12	1202337717905	1202337720713
12	1202337733979	1202337741786
12	1202337742664	1202337744793
12	1202337762364	1202337764556
12	1202337765255	1202337767294
12	1202337799148	1202337807168
12	1202337898934	1202337901266
12	1202337971188	1202337975623
12	1202338076704	1202338083216
12	1202338579832	1202338582820
12	1202338632422	1202338644817
13	1202290703619	1202290705639
13	1202290732311	1202290734765
13	1202293636511	1202293639179
13	1202293639457	1202293643101
13	1202311524843	1202311528528
13	1202311545291	1202311548629
13	1202323277724	1202323279976
13	1202324896877	1202324900217
13	1202325307561	1202325310644
14	1202289642919	1202289651572
14	1202289866894	1202289868598
14	1202295388311	1202295390301
14	1202295841605	1202295843479
14	1202298853324	1202298855603
14	1202299051417	1202299053431
14	1202300681795	1202300684189
14	1202302555660	1202302558640
14	1202305376685	1202305378939
14	1202309997244	1202309999342
14	1202310403445	1202310407869
14	1202310452373	1202310456884
14	1202310457265	1202310463725
14	1202310465379	1202310466356
14	1202310470684	1202310472212
14	1202310475941	1202310477250
14	1202311443727	1202311448186
14	1202333227589	1202333227622
14	1202333230767	1202333233274
14	1202333245456	1202333246753
14	1202333270544	1202333273506
14	1202333279328	1202333281768
14	1202333343694	1202333346678
14	1202333347707	1202333351407
14	1202333358435	1202333362856
14	1202334664612	1202334668943
14	1202334674737	1202334676749
14	1202334766373	1202334773991
14	1202334774713	1202334778979
14	1202334800464	1202334802910
14	1202334803500	1202334805577
14	1202334805863	1202334808149
14	1202334808311	1202334810855
14	1202334812194	1202334816985
15	1202280759663	1202280761970
15	1202280934299	1202280936258
15	1202280989587	1202280991665
15	1202285983197	1202285985339
15	1202289638966	1202289640179
15	1202289643196	1202289645361
15	1202289645814	1202289651378
15	1202289652346	1202289657923
15	1202289862220	1202289864262
15	1202290870655	1202290871986
15	1202290908718	1202290910831
15	1202293778283	1202293780393
15	1202295387677	1202295390181
15	1202295436187	1202295438496
15	1202295515476	1202295519663
15	1202295555608	1202295558836
15	1202295712868	1202295715998
15	1202295840961	1202295842413
15	1202296701853	1202296704110
15	1202297240550	1202297244303
15	1202297249635	1202297253107
15	1202298747970	1202298749153
15	1202298853589	1202298856317
15	1202299050675	1202299053554
15	1202300211686	1202300213711
15	1202300680753	1202300684860
15	1202302247933	1202302250742
15	1202302556206	1202302558358
15	1202304198397	1202304200643
15	1202304219337	1202304220613
15	1202304275692	1202304280476
15	1202304337812	1202304341528
15	1202305617151	1202305620499
15	1202305835706	1202305837478
15	1202306984389	1202306988929
15	1202306993963	1202306996848
15	1202307004268	1202307004992
15	1202309996362	1202309999465
15	1202310401922	1202310406483
15	1202310406570	1202310409205
15	1202310451224	1202310457734
15	1202310474825	1202310481276
15	1202310482146	1202310484380
15	1202310486492	1202310490653
15	1202310490989	1202310494173
15	1202310494323	1202310497567
15	1202310500523	1202310504361
15	1202311442948	1202311448343
15	1202316976758	1202316978593
15	1202316998870	1202317002140
15	1202327227998	1202327229851
15	1202333221670	1202333225813
15	1202333226549	1202333230298
15	1202333359495	1202333363640
15	1202334664958	1202334670590
15	1202334812637	1202334815533
16	1202285991588	1202285993526
16	1202288887578	1202288890728
16	1202289543752	1202289545698
16	1202289558553	1202289560473
16	1202289601668	1202289603461
16	1202289638158	1202289640610
16	1202289654527	1202289657428
16	1202289737989	1202289741292
16	1202289861160	1202289864337
16	1202290909143	1202290911763
16	1202293768685	1202293772184
16	1202295713239	1202295715214
16	1202299976939	1202299978777
16	1202300569370	1202300571367
16	1202300776262	1202300778910
16	1202301037728	1202301039652
16	1202304219556	1202304222195
16	1202304276629	1202304281285
16	1202304289871	1202304296347
16	1202304300609	1202304301903
16	1202304307817	1202304309824
16	1202308327266	1202308329129
16	1202308346610	1202308348571
16	1202310400628	1202310403322
16	1202310407391	1202310409326
16	1202310449122	1202310452757
16	1202311442516	1202311444461
16	1202316971344	1202316975754
16	1202316997951	1202317001110
16	1202317313632	1202317324793
16	1202317352438	1202317356632
16	1202317406307	1202317412825
16	1202317432789	1202317435385
16	1202317482424	1202317483658
16	1202317484388	1202317486752
16	1202317528239	1202317530939
16	1202317546491	1202317558174
16	1202317623592	1202317629772
16	1202317632699	1202317635144
16	1202322723290	1202322725398
16	1202333220563	1202333223883
16	1202333361877	1202333364736
16	1202334663610	1202334666427
17	1202256959737	1202256962255
17	1202256968298	1202256970317
17	1202256974365	1202256976561
17	1202259257907	1202259259631
17	1202289463872	1202289468606
17	1202289540408	1202289542109
17	1202289547896	1202289550424
17	1202289601784	1202289607158
17	1202289635989	1202289639700
17	1202289712860	1202289714162
17	1202289737801	1202289741738
17	1202289860696	1202289862466
17	1202289936206	1202289939859
17	1202290701544	1202290704783
17	1202293454570	1202293459621
17	1202293464613	1202293467104
17	1202293482224	1202293486456
17	1202293633462	1202293637798
17	1202294002799	1202294006112
17	1202294006358	1202294015562
17	1202294018663	1202294022768
17	1202294045304	1202294049151
17	1202294049306	1202294052678
17	1202294054441	1202294057507
17	1202300569638	1202300571929
17	1202300774878	1202300779843
17	1202300796267	1202300799701
17	1202300801791	1202300804152
17	1202300807338	1202300810257
17	1202300840259	1202300843495
17	1202300866400	1202300870140
17	1202300940479	1202300942669
17	1202300954871	1202300958232
17	1202301038229	1202301042115
17	1202301060394	1202301062723
17	1202301063961	1202301065714
17	1202301067677	1202301069875
17	1202301075851	1202301083398
17	1202301106400	1202301109855
17	1202302682775	1202302685520
17	1202302694414	1202302697312
17	1202308210526	1202308212607
17	1202308326955	1202308329920
17	1202311522512	1202311525812
17	1202311549128	1202311551798
17	1202315802347	1202315806301
17	1202322248432	1202322251196
17	1202322722802	1202322726197
17	1202323222481	1202323226244
17	1202323270335	1202323271631
17	1202327342332	1202327345435
17	1202329787483	1202329789681
17	1202329894775	1202329898342
17	1202333220129	1202333222839
17	1202333362700	1202333364897
17	1202334662778	1202334665398
18	1202288879633	1202288880996
18	1202288942873	1202288946140
18	1202288997645	1202289003135
18	1202289076964	1202289079776
18	1202289447173	1202289451510
18	1202289500824	1202289502699
18	1202289504788	1202289510382
18	1202289516702	1202289521135
18	1202289660780	1202289662202
18	1202289674610	1202289675977
18	1202289680830	1202289684380
18	1202289686504	1202289688629
18	1202289741159	1202289746569
18	1202289886536	1202289888744
18	1202289923774	1202289928338
18	1202289929212	1202289931642
18	1202289936612	1202289940278
18	1202289948671	1202289949889
18	1202289973761	1202289977630
18	1202290702139	1202290704762
18	1202290734461	1202290738831
18	1202293489188	1202293490829
18	1202293634548	1202293637543
18	1202293641845	1202293645640
18	1202294013626	1202294018356
18	1202294046859	1202294051407
18	1202300842124	1202300846189
18	1202300846731	1202300850902
18	1202300856150	1202300857336
18	1202300857637	1202300859532
18	1202300860753	1202300865144
18	1202307050799	1202307051880
18	1202307078699	1202307080646
18	1202311522780	1202311526234
18	1202311547653	1202311551638
18	1202311576372	1202311584101
18	1202311697206	1202311698358
18	1202311779458	1202311787736
18	1202311832204	1202311834621
18	1202311851537	1202311853388
18	1202323222753	1202323226489
18	1202323231453	1202323235313
18	1202323242737	1202323246591
18	1202323270183	1202323273879
18	1202323274633	1202323278169
18	1202323287507	1202323290963
18	1202323329963	1202323331703
18	1202327341533	1202327345267
18	1202327686322	1202327689856
18	1202329868824	1202329871698
18	1202329894614	1202329898603
18	1202334661798	1202334663798
18	1202335088944	1202335090842
19	1202292130170	1202292133358
19	1202292139684	1202292142891
19	1202296102222	1202296107914
19	1202300689605	1202300691834
19	1202300730265	1202300745648
19	1202300750576	1202300765275
19	1202300766568	1202300768852
19	1202300770929	1202300773359
19	1202300775412	1202300780450
19	1202300780846	1202300782997
19	1202300786424	1202300787408
19	1202300788344	1202300793779
19	1202300800527	1202300805870
19	1202300815525	1202300819563
19	1202300820400	1202300823156
19	1202300849102	1202300851478
19	1202300852170	1202300854892
19	1202300870132	1202300871308
19	1202300871893	1202300877643
19	1202308426425	1202308430662
19	1202310460108	1202310461992
20	1202289869504	1202289871835
20	1202289872913	1202289878632
20	1202292125602	1202292127612
20	1202292129830	1202292132476
20	1202292138239	1202292140877
20	1202292141987	1202292144137
20	1202292162127	1202292175982
20	1202292176517	1202292190350
20	1202296095420	1202296110339
20	1202296111221	1202296114373
20	1202296118780	1202296126827
20	1202296132408	1202296142170
20	1202296229119	1202296238393
20	1202296398200	1202296405865
20	1202297045285	1202297047832
20	1202297086310	1202297088252
20	1202297104748	1202297107992
20	1202297274668	1202297279699
20	1202297468989	1202297470980
20	1202297524459	1202297526907
20	1202297527713	1202297529914
20	1202297563606	1202297565951
20	1202297601121	1202297603499
20	1202297605541	1202297606821
20	1202297634935	1202297637105
20	1202297741771	1202297744105
20	1202297821329	1202297823741
20	1202297824242	1202297826514
20	1202297905971	1202297908261
20	1202297918180	1202297919452
20	1202298006167	1202298008682
20	1202298012906	1202298013873
20	1202298014499	1202298017177
20	1202298064227	1202298066686
20	1202298073489	1202298074768
20	1202298121606	1202298123906
20	1202298177963	1202298180521
20	1202298211246	1202298213400
20	1202298234166	1202298238109
20	1202298275863	1202298277806
20	1202298317360	1202298319656
20	1202298354652	1202298355322
20	1202298389416	1202298391702
20	1202298553392	1202298555595
20	1202298642279	1202298644407
20	1202298683355	1202298685750
20	1202298750712	1202298752982
20	1202298831342	1202298833733
20	1202298845615	1202298847901
20	1202298887641	1202298889912
20	1202298910673	1202298913238
20	1202299077271	1202299079575
20	1202299181209	1202299183570
20	1202299196178	1202299198597
20	1202299322789	1202299325137
20	1202299340638	1202299341252
20	1202299393644	1202299396332
20	1202299421545	1202299422793
20	1202299439171	1202299441472
20	1202299449344	1202299450322
20	1202299455551	1202299457680
20	1202299482479	1202299484437
20	1202299531427	1202299536257
20	1202299574520	1202299577411
20	1202299628865	1202299631241
20	1202299665957	1202299666355
20	1202299676664	1202299678990
20	1202299709665	1202299710944
20	1202299717611	1202299720883
20	1202299732149	1202299733403
20	1202299750514	1202299752924
20	1202299770772	1202299772756
20	1202299797522	1202299799948
20	1202299804993	1202299806263
20	1202299828872	1202299831265
20	1202299831427	1202299837238
20	1202299862514	1202299867364
20	1202299903499	1202299906763
20	1202299957676	1202299959952
20	1202300013289	1202300015765
20	1202300030932	1202300033270
20	1202300048652	1202300051419
20	1202300052477	1202300055325
20	1202300056288	1202300058939
20	1202300062808	1202300065438
20	1202300098728	1202300101214
20	1202300160494	1202300163507
20	1202300212422	1202300215490
20	1202300262361	1202300265131
20	1202300265288	1202300268434
20	1202300296829	1202300299450
20	1202300300699	1202300302698
20	1202300352202	1202300354813
20	1202300358136	1202300363268
20	1202300364680	1202300367670
20	1202300382899	1202300384638
20	1202300385226	1202300387788
20	1202300396446	1202300398938
20	1202300408791	1202300412814
20	1202300416282	1202300418612
20	1202300425651	1202300428199
20	1202300443140	1202300445556
20	1202300496380	1202300502305
20	1202300573602	1202300581271
20	1202300601171	1202300607275
20	1202300642350	1202300644788
20	1202300687196	1202300693162
20	1202300875408	1202300880218
20	1202300884249	1202300885527
20	1202300886259	1202300892538
20	1202301121394	1202301124304
20	1202301182769	1202301185433
20	1202301185558	1202301188270
20	1202301298876	1202301302202
20	1202301522691	1202301526733
20	1202302077649	1202302082932
20	1202303589561	1202303596198
20	1202303597777	1202303601200
20	1202304239900	1202304252388
20	1202304366304	1202304372648
20	1202304374256	1202304376884
20	1202304408671	1202304414608
20	1202304434187	1202304442370
20	1202304445491	1202304451486
20	1202304469804	1202304473739
20	1202304474521	1202304479265
20	1202304486442	1202304490374
20	1202304496895	1202304499869
20	1202304755330	1202304756640
20	1202305040138	1202305047408
20	1202305051716	1202305055447
20	1202305055885	1202305057157
20	1202305061161	1202305067468
20	1202306909380	1202306919287
20	1202306952786	1202306960203
20	1202306962682	1202306964824
20	1202307008931	1202307014788
20	1202307026646	1202307034804
20	1202308389321	1202308394536
20	1202308398683	1202308403474
20	1202308418746	1202308422412
20	1202308422914	1202308427679
20	1202308428481	1202308432903
20	1202308433123	1202308438186
20	1202308666493	1202308667689
20	1202308672175	1202308674398
20	1202308843432	1202308845446
20	1202308925193	1202308927269
20	1202309000966	1202309002186
20	1202309018332	1202309020383
20	1202309020684	1202309023125
20	1202309024202	1202309026472
20	1202309068481	1202309070284
20	1202309071912	1202309073912
20	1202309074718	1202309078796
20	1202309096635	1202309098967
20	1202309101853	1202309103111
20	1202309109982	1202309112266
20	1202309113646	1202309115828
20	1202309136435	1202309138743
20	1202309144742	1202309146335
20	1202309160271	1202309162571
20	1202309173207	1202309175266
20	1202309207287	1202309207331
20	1202309261508	1202309263864
20	1202309341696	1202309343951
20	1202309344257	1202309346545
20	1202309350370	1202309352534
20	1202309367689	1202309369896
20	1202309374438	1202309375722
20	1202309383706	1202309386333
20	1202309389351	1202309390629
20	1202309396874	1202309399198
20	1202309400254	1202309402330
20	1202309406301	1202309408609
20	1202309413666	1202309414943
20	1202309415454	1202309418147
20	1202309423128	1202309425805
20	1202309429332	1202309432963
20	1202309433720	1202309435968
20	1202309439805	1202309441316
20	1202309487484	1202309490918
20	1202309529810	1202309532944
20	1202309536710	1202309540382
20	1202309560498	1202309560618
20	1202309611306	1202309614932
20	1202309692635	1202309694715
20	1202309696548	1202309698812
20	1202309699393	1202309701444
20	1202309754359	1202309756347
20	1202309798762	1202309800923
20	1202309805602	1202309806890
20	1202309812527	1202309814733
20	1202309817875	1202309821991
20	1202309834606	1202309835886
20	1202309848461	1202309850485
20	1202309880205	1202309882377
20	1202309882633	1202309885142
20	1202309938502	1202309940340
20	1202309974842	1202309981844
20	1202309991240	1202309993419
20	1202310030259	1202310032722
20	1202310172567	1202310173777
20	1202310214744	1202310216288
20	1202310227964	1202310230225
20	1202310241115	1202310244392
20	1202310341448	1202310350226
20	1202310352504	1202310357756
20	1202310362588	1202310367588
20	1202310380843	1202310384173
20	1202310385228	1202310398944
20	1202310399754	1202310415115
20	1202310415416	1202310428454
20	1202310436637	1202310441308
20	1202310442626	1202310444405
20	1202310446840	1202310453108
20	1202310461684	1202310467435
20	1202310474511	1202310478408
20	1202310480272	1202310483694
20	1202310484966	1202310487444
20	1202310487932	1202310496147
20	1202310499743	1202310501761
20	1202315808385	1202315812619
20	1202317222105	1202317224563
20	1202317228334	1202317231237
21	1202289868113	1202289871467
21	1202289873369	1202289881465
21	1202292130454	1202292132274
21	1202292155494	1202292155534
21	1202292183733	1202292189866
21	1202296094270	1202296097568
21	1202296139228	1202296144972
21	1202296221277	1202296225589
21	1202296233640	1202296238687
21	1202296396611	1202296400338
21	1202300576250	1202300580522
21	1202300599165	1202300603302
21	1202300640899	1202300650391
21	1202300685498	1202300690344
21	1202300690672	1202300695462
21	1202300705249	1202300705433
21	1202300731354	1202300736628
21	1202300751789	1202300757635
21	1202300758424	1202300762692
21	1202300764739	1202300772795
21	1202300773485	1202300787758
21	1202300789962	1202300791270
21	1202300810305	1202300813424
21	1202300832518	1202300834591
21	1202300838989	1202300841704
21	1202300842465	1202300844659
21	1202300847822	1202300871445
21	1202300871581	1202300875529
21	1202302079490	1202302086994
21	1202303583934	1202303591352
21	1202303598945	1202303603252
21	1202304243758	1202304248733
21	1202304365361	1202304370363
21	1202304411409	1202304416480
21	1202304432612	1202304436603
21	1202307007587	1202307011143
21	1202307012429	1202307018512
21	1202307024696	1202307028417
21	1202307032318	1202307037348
21	1202308387992	1202308391587
21	1202310001306	1202310004492
21	1202310009533	1202310015159
21	1202310020320	1202310023998
21	1202310025600	1202310032398
21	1202310363686	1202310369417
21	1202310377999	1202310382427
21	1202310408245	1202310414414
21	1202310463564	1202310468887
21	1202310472913	1202310475277
21	1202310500675	1202310503136
21	1202311446211	1202311453644
21	1202315806577	1202315813228
21	1202317215879	1202317219135
21	1202317221122	1202317225991
21	1202317229228	1202317232273
22	1202289460220	1202289462459
22	1202289878380	1202289881571
22	1202292124586	1202292125854
22	1202292143873	1202292145908
22	1202292150313	1202292152937
22	1202292153845	1202292157652
22	1202292188173	1202292190548
22	1202295437144	1202295440759
22	1202295514840	1202295516804
22	1202296093567	1202296096486
22	1202296141556	1202296146670
22	1202296177519	1202296183983
22	1202296220270	1202296223131
22	1202296235250	1202296238900
22	1202296337181	1202296342211
22	1202296361170	1202296367816
22	1202296395596	1202296398778
22	1202300577932	1202300580687
22	1202300598241	1202300601582
22	1202300647606	1202300650198
22	1202300678783	1202300681163
22	1202300689869	1202300691638
22	1202300872362	1202300878546
22	1202302083340	1202302088228
22	1202303582758	1202303587191
22	1202303599975	1202303603405
22	1202304237966	1202304240664
22	1202304251282	1202304254910
22	1202304364603	1202304368577
22	1202304413210	1202304416595
22	1202304432259	1202304435834
22	1202306963724	1202306966959
22	1202307006772	1202307009831
22	1202307014659	1202307020347
22	1202307020809	1202307027356
22	1202307033772	1202307036898
22	1202308345678	1202308347556
22	1202310028926	1202310032161
22	1202310365936	1202310371460
22	1202310373644	1202310381582
22	1202310465573	1202310472336
22	1202310501889	1202310504864
22	1202311450697	1202311454849
22	1202315805522	1202315808844
22	1202315811474	1202315815214
22	1202315932266	1202315934186
22	1202317212661	1202317216784
22	1202317230433	1202317233453
22	1202334814382	1202334816899
23	1202288885599	1202288889616
23	1202289453957	1202289457257
23	1202289563157	1202289567525
23	1202289577114	1202289580998
23	1202289581704	1202289584284
23	1202289972845	1202289977298
23	1202292188709	1202292191384
23	1202293615609	1202293619177
23	1202295386747	1202295388641
23	1202295554720	1202295556843
23	1202295839786	1202295841887
23	1202296092259	1202296095288
23	1202296143128	1202296148373
23	1202296175640	1202296179109
23	1202296183415	1202296187264
23	1202296196779	1202296213680
23	1202296217288	1202296222849
23	1202296301330	1202296303159
23	1202296304823	1202296308533
23	1202296334931	1202296337300
23	1202296359352	1202296362475
23	1202296393823	1202296397304
23	1202297242152	1202297245532
23	1202297248676	1202297251830
23	1202298854894	1202298858294
23	1202300571772	1202300574530
23	1202300578490	1202300581631
23	1202300597145	1202300600633
23	1202300762841	1202300764614
23	1202300794600	1202300796632
23	1202300875711	1202300880471
23	1202302084802	1202302089257
23	1202302089633	1202302092974
23	1202303581302	1202303584720
23	1202303601816	1202303604101
23	1202304321196	1202304326557
23	1202304327302	1202304331247
23	1202304332372	1202304337824
23	1202305378117	1202305380532
23	1202306379635	1202306381642
23	1202306964560	1202306968630
23	1202306982140	1202306984886
23	1202307035238	1202307037845
23	1202308385700	1202308386924
23	1202310029616	1202310032994
23	1202311452211	1202311455418
23	1202315803704	1202315807179
23	1202315813504	1202315822907
23	1202315847766	1202315850219
23	1202315852672	1202315857532
23	1202315898440	1202315906868
23	1202315907236	1202315915633
23	1202315916863	1202315921657
23	1202315940295	1202315947191
23	1202315952756	1202315955163
23	1202315955352	1202315958343
23	1202315958436	1202315975179
23	1202315979709	1202315982431
23	1202315982857	1202315985151
23	1202315985265	1202315992258
23	1202315996114	1202315998852
23	1202315999974	1202316017303
23	1202316022517	1202316032201
23	1202316045786	1202316049241
23	1202316050813	1202316055323
23	1202316067956	1202316070722
23	1202316077369	1202316088767
23	1202316127969	1202316130288
23	1202316132382	1202316134844
23	1202316136114	1202316138658
23	1202316139406	1202316142102
23	1202316156139	1202316158191
23	1202316161473	1202316167152
23	1202316171401	1202316176806
23	1202316187184	1202316192344
23	1202316193654	1202316194949
23	1202316206204	1202316209114
23	1202316223824	1202316228439
23	1202316296176	1202316300194
23	1202316311701	1202316322296
23	1202316432194	1202316435393
23	1202316436788	1202316438713
23	1202316441986	1202316445675
23	1202316454624	1202316459988
23	1202316520904	1202316524932
23	1202316536496	1202316540453
23	1202316902162	1202316903732
23	1202316980786	1202316986407
23	1202316993158	1202316995802
23	1202317140136	1202317142149
23	1202317232331	1202317234600
23	1202334815177	1202334818565
24	1202256967511	1202256969451
24	1202280761719	1202280764283
24	1202280991791	1202280994499
24	1202285981641	1202285983474
24	1202285992940	1202285994976
24	1202288877549	1202288881711
24	1202288903335	1202288906267
24	1202288915897	1202288918915
24	1202289443167	1202289446341
24	1202289452191	1202289454592
24	1202289538376	1202289542282
24	1202289602781	1202289608316
24	1202289617346	1202289624419
24	1202289646398	1202289649418
24	1202289652602	1202289656820
24	1202289657588	1202289666281
24	1202289739729	1202289742615
24	1202289795504	1202289797277
24	1202289859528	1202289861472
24	1202289933593	1202289936327
24	1202289957158	1202289960923
24	1202289976942	1202289978179
24	1202290699969	1202290703879
24	1202290868193	1202290870592
24	1202290910679	1202290912965
24	1202292713594	1202292715795
24	1202292729237	1202292731669
24	1202293455854	1202293459460
24	1202293491136	1202293494377
24	1202293767253	1202293771468
24	1202293780721	1202293782803
24	1202295553661	1202295555957
24	1202295714843	1202295717355
24	1202296145776	1202296149199
24	1202296174114	1202296176455
24	1202296297831	1202296301199
24	1202296703842	1202296706822
24	1202297243986	1202297246160
24	1202297247699	1202297251163
24	1202298855965	1202298859227
24	1202299048605	1202299050453
24	1202300213418	1202300216219
24	1202300596383	1202300598894
24	1202300878365	1202300882143
24	1202301082815	1202301086301
24	1202302245229	1202302247658
24	1202302557788	1202302560546
24	1202302693449	1202302696812
24	1202304196210	1202304198671
24	1202305619704	1202305622154
24	1202306966669	1202306969129
24	1202306981109	1202306982329
24	1202307036768	1202307039351
24	1202308211216	1202308214635
24	1202308325741	1202308328399
24	1202308384570	1202308385964
24	1202309993165	1202309995292
24	1202310504596	1202310506986
24	1202311426736	1202311434226
24	1202311440399	1202311443220
24	1202315802739	1202315805114
24	1202317309625	1202317313343
24	1202317634877	1202317638612
24	1202327226164	1202327228397
24	1202329788517	1202329790347
25	1202256961415	1202256964161
25	1202256975163	1202256978267
25	1202257080885	1202257082773
25	1202288878253	1202288882600
25	1202289079498	1202289083864
25	1202289357270	1202289359260
25	1202289397809	1202289399704
25	1202289444698	1202289448148
25	1202289450820	1202289455461
25	1202289622549	1202289634805
25	1202289635800	1202289642679
25	1202289649283	1202289651767
25	1202289663285	1202289671485
25	1202289673237	1202289676857
25	1202289702169	1202289709255
25	1202289858361	1202289862650
25	1202289873487	1202289877663
25	1202289882280	1202289884598
25	1202289950601	1202289959966
25	1202290697192	1202290699327
25	1202290735875	1202290739457
25	1202293455187	1202293455505
25	1202293466298	1202293470538
25	1202293643285	1202293647189
25	1202293766911	1202293769203
25	1202294056306	1202294059156
25	1202295332839	1202295334881
25	1202296242744	1202296249604
25	1202296251216	1202296254342
25	1202296275987	1202296278789
25	1202296294187	1202296300559
25	1202300597478	1202300601421
25	1202300616368	1202300620613
25	1202300880692	1202300883583
25	1202301084136	1202301086600
25	1202301095782	1202301100423
25	1202301109523	1202301111513
25	1202302684503	1202302686181
25	1202302693608	1202302694787
25	1202306967889	1202306970643
25	1202306979602	1202306981432
25	1202307038365	1202307040540
25	1202308211761	1202308212882
25	1202308382782	1202308385523
25	1202309973585	1202309976964
25	1202310202419	1202310204353
25	1202310505702	1202310508791
25	1202311427409	1202311429828
25	1202311430102	1202311432290
25	1202311520414	1202311524248
25	1202311550492	1202311558778
25	1202311569482	1202311571521
25	1202311572230	1202311579111
25	1202311980977	1202311985512
25	1202317308785	1202317312901
25	1202322250832	1202322253138
25	1202322722341	1202322723544
25	1202323220201	1202323225920
25	1202323233174	1202323236105
25	1202323240852	1202323245859
25	1202323288839	1202323291523
25	1202323327732	1202323331296
25	1202327344155	1202327347738
25	1202327684677	1202327687588
25	1202329869300	1202329873901
25	1202329893742	1202329897190
25	1202335087953	1202335089924
26	1202288897832	1202288899269
26	1202288901320	1202288903751
26	1202288914113	1202288917556
26	1202288918201	1202288922637
26	1202288942103	1202288947984
26	1202288948238	1202288952682
26	1202288981670	1202288986781
26	1202288987125	1202288993432
26	1202289002983	1202289006967
26	1202289047971	1202289049166
26	1202289080498	1202289082672
26	1202289084299	1202289087323
26	1202289665779	1202289671263
26	1202289695750	1202289697326
26	1202289902380	1202289905338
26	1202289906591	1202289914212
26	1202289926708	1202289929607
26	1202291557148	1202291563236
26	1202291564426	1202291570579
26	1202291573709	1202291580293
26	1202291584989	1202291585961
26	1202291587467	1202291589626
26	1202291589760	1202291592620
26	1202291594463	1202291596146
26	1202291979992	1202291981152
26	1202292042685	1202292046463
26	1202292047153	1202292052938
26	1202296386769	1202296391758
26	1202296394556	1202296396394
26	1202296398454	1202296401366
26	1202296403651	1202296407557
26	1202296408275	1202296410209
26	1202296438361	1202296446407
26	1202296452412	1202296454365
26	1202299075999	1202299078125
26	1202300038189	1202300041206
26	1202300147601	1202300149879
26	1202300517204	1202300521890
26	1202300522554	1202300526594
26	1202300562707	1202300568905
26	1202300572905	1202300579146
26	1202300586818	1202300590215
26	1202300597340	1202300599390
26	1202300601938	1202300606263
26	1202300887211	1202300892786
26	1202300898358	1202300899576
26	1202301040451	1202301045773
26	1202301751769	1202301755630
26	1202301786288	1202301788522
26	1202301788934	1202301792147
26	1202302067738	1202302070924
26	1202302071524	1202302074374
26	1202302081137	1202302083617
26	1202302101995	1202302108918
26	1202302442457	1202302445910
26	1202302454265	1202302456385
26	1202302459816	1202302465852
26	1202302468726	1202302471239
26	1202302475206	1202302479539
26	1202302921876	1202302923584
26	1202303295301	1202303299734
26	1202303307512	1202303309645
26	1202303386480	1202303393382
26	1202303603755	1202303606963
26	1202303611571	1202303618393
26	1202304393517	1202304399592
26	1202304465135	1202304469402
26	1202305110374	1202305114382
26	1202305147117	1202305156376
26	1202305167516	1202305169379
26	1202305334569	1202305336557
26	1202306045376	1202306046519
26	1202306297824	1202306304977
26	1202306461991	1202306463151
26	1202306464461	1202306467689
26	1202306500575	1202306503511
26	1202306510413	1202306512263
26	1202306513299	1202306521960
26	1202306557993	1202306559967
26	1202306568377	1202306570464
26	1202307041153	1202307043443
26	1202308379702	1202308384904
26	1202309978946	1202309981705
26	1202309981985	1202309985915
26	1202309988775	1202309993658
26	1202310206523	1202310208435
26	1202310211178	1202310213925
26	1202311459106	1202311460261
26	1202311461538	1202311464362
26	1202311502130	1202311504300
26	1202311772286	1202311773446
26	1202312641271	1202312643290
26	1202312825163	1202312827563
26	1202313115941	1202313119233
26	1202314208325	1202314212463
26	1202314310987	1202314314553
26	1202314331549	1202314333927
26	1202314591873	1202314598842
26	1202315201941	1202315206807
26	1202315210719	1202315212488
26	1202315819736	1202315822160
26	1202315899686	1202315907857
26	1202315976609	1202315981631
26	1202315981795	1202315983752
26	1202315984209	1202315990401
26	1202316164631	1202316167183
26	1202316167989	1202316173684
26	1202316314527	1202316316341
26	1202316320894	1202316328676
26	1202316423139	1202316431903
26	1202316804434	1202316807890
26	1202317127234	1202317137277
26	1202317210508	1202317212962
26	1202317327446	1202317332603
26	1202317333885	1202317337783
26	1202317339401	1202317345292
26	1202317361221	1202317365265
26	1202317369672	1202317371543
26	1202317404244	1202317408445
26	1202317768871	1202317770879
26	1202317950884	1202317959561
26	1202318298814	1202318303842
26	1202318335488	1202318347945
26	1202318495232	1202318497289
26	1202318497615	1202318502643
26	1202318590220	1202318592616
26	1202318834664	1202318840672
26	1202318844480	1202318846444
26	1202318849242	1202318849893
26	1202319858486	1202319862383
26	1202319889118	1202319896215
26	1202319900767	1202319905852
26	1202319906553	1202319916551
26	1202319972986	1202319975564
26	1202319991308	1202319995358
26	1202319998808	1202320003506
26	1202320003730	1202320005725
26	1202320065626	1202320067440
26	1202320103295	1202320105474
26	1202320115430	1202320115639
26	1202320136122	1202320140454
26	1202320261566	1202320263889
26	1202320356165	1202320357933
26	1202320359187	1202320361515
26	1202320531460	1202320533340
26	1202320565550	1202320567647
26	1202320571856	1202320574793
26	1202320580790	1202320582966
26	1202320621112	1202320624985
26	1202320720470	1202320724179
26	1202320740819	1202320746227
26	1202320774549	1202320783913
26	1202320825580	1202320829350
26	1202320833432	1202320837688
26	1202320855397	1202320859193
26	1202320896542	1202320898600
26	1202320911226	1202320914739
26	1202320981981	1202320983176
26	1202321080181	1202321084406
26	1202321086914	1202321094487
26	1202321108343	1202321111560
26	1202321140816	1202321144147
26	1202321262316	1202321264585
26	1202321277591	1202321279679
26	1202321289202	1202321291551
26	1202321318400	1202321320601
26	1202321340907	1202321343536
26	1202321416580	1202321418904
26	1202321447182	1202321449832
26	1202321485930	1202321488556
26	1202321542943	1202321544858
26	1202321558280	1202321560573
26	1202321561186	1202321571237
26	1202321886218	1202321888320
26	1202321992441	1202321994749
26	1202322224329	1202322229395
26	1202322232429	1202322234266
26	1202322235683	1202322238672
26	1202322252104	1202322255233
26	1202322257879	1202322260258
26	1202322270342	1202322274216
26	1202322531816	1202322533311
26	1202322533439	1202322534683
26	1202322577417	1202322584755
26	1202322729769	1202322731783
26	1202322732377	1202322734649
26	1202322735289	1202322737427
26	1202322741534	1202322743820
26	1202322760756	1202322763556
26	1202322765419	1202322768784
26	1202322789404	1202322793907
26	1202322798109	1202322802461
26	1202322804238	1202322810654
26	1202323211715	1202323224741
26	1202323235463	1202323237257
26	1202323237669	1202323239474
26	1202323240424	1202323242391
26	1202323272349	1202323274470
27	1202288881970	1202288888208
27	1202289456669	1202289461955
27	1202290672778	1202290677147
27	1202295437802	1202295441373
27	1202296340265	1202296341867
27	1202300569903	1202300572779
27	1202300605987	1202300609370
27	1202300760994	1202300763332
27	1202300779978	1202300782492
27	1202300792977	1202300795466
27	1202304251884	1202304256142
27	1202304271989	1202304276116
27	1202304342315	1202304345310
27	1202304363341	1202304367257
27	1202304413657	1202304418886
27	1202304431838	1202304435271
27	1202308338559	1202308340442
27	1202308344818	1202308347780
27	1202317143299	1202317147318
28	1202288881129	1202288884985
28	1202289748930	1202289753474
28	1202289762264	1202289769491
28	1202289797477	1202289800998
28	1202292145637	1202292151168
28	1202296238119	1202296240829
28	1202296302199	1202296306607
28	1202296325853	1202296329362
28	1202296330426	1202296338870
28	1202296340515	1202296345425
28	1202296356752	1202296363569
28	1202300605108	1202300607896
28	1202300876807	1202300879211
28	1202304236692	1202304238892
28	1202312009139	1202312011566
28	1202312019153	1202312021634
28	1202315821210	1202315823401
28	1202315834474	1202315838980
28	1202315842847	1202315847209
28	1202315857230	1202315860302
28	1202316125449	1202316127169
28	1202316275678	1202316277438
28	1202316629777	1202316632361
28	1202316657999	1202316660394
28	1202316738861	1202316740779
28	1202316747583	1202316752617
28	1202316759974	1202316764921
28	1202316799512	1202316801512
28	1202316805590	1202316810785
28	1202316840192	1202316840556
28	1202316856959	1202316860553
28	1202316863636	1202316865822
28	1202316870592	1202316873228
28	1202316890341	1202316890870
28	1202316911759	1202316914533
28	1202316917204	1202316919163
28	1202316924431	1202316927902
28	1202316963443	1202316967948
28	1202317004682	1202317008130
28	1202317013540	1202317015171
28	1202317016507	1202317023727
28	1202317069127	1202317072778
28	1202317117954	1202317121223
28	1202317136615	1202317138637
28	1202317140378	1202317145214
28	1202317145770	1202317150902
28	1202317161965	1202317169300
28	1202317208938	1202317212360
29	1202288880462	1202288882446
29	1202289765379	1202289768809
29	1202289770405	1202289772166
29	1202289890968	1202289893220
29	1202289910290	1202289912252
29	1202289922880	1202289925988
29	1202289932265	1202289934601
29	1202290699708	1202290701858
29	1202293613863	1202293615863
29	1202296240524	1202296242418
29	1202300602998	1202300604949
29	1202302128250	1202302130126
29	1202302326250	1202302331223
29	1202302331811	1202302333974
29	1202302334333	1202302336430
29	1202302444358	1202302446449
29	1202302492876	1202302497823
29	1202302498603	1202302500647
29	1202302566663	1202302568814
29	1202302574544	1202302580655
29	1202302654148	1202302658567
29	1202302735342	1202302736580
29	1202302736806	1202302738910
29	1202302870253	1202302871484
29	1202302875153	1202302877196
29	1202302881140	1202302883367
29	1202302890666	1202302892374
29	1202302943590	1202302944240
29	1202302944650	1202302946540
29	1202302946848	1202302948766
29	1202302985273	1202302989734
29	1202303102158	1202303103214
29	1202303104706	1202303106616
29	1202303143530	1202303145422
29	1202303298877	1202303300995
29	1202303301132	1202303304736
29	1202303324657	1202303327203
29	1202303384795	1202303387451
29	1202303396682	1202303398707
29	1202303528450	1202303529641
29	1202303530956	1202303532833
29	1202303551870	1202303555834
29	1202303578484	1202303580509
29	1202308324745	1202308327139
29	1202311454964	1202311456930
29	1202312008862	1202312010499
29	1202312019822	1202312022284
29	1202316539389	1202316541511
29	1202316606715	1202316609713
30	1202256966542	1202256968417
30	1202257058702	1202257062777
30	1202257080185	1202257084493
30	1202280763202	1202280766173
30	1202280930817	1202280932864
30	1202285980774	1202285982845
30	1202286030448	1202286034269
30	1202286034400	1202286039499
30	1202288874920	1202288878635
30	1202288889456	1202288892389
30	1202288906684	1202288907339
30	1202288913995	1202288919374
30	1202289112409	1202289116393
30	1202289349115	1202289357709
30	1202289358814	1202289372565
30	1202289376684	1202289382461
30	1202289498935	1202289507686
30	1202289536467	1202289539376
30	1202289666316	1202289678265
30	1202289691455	1202289693323
30	1202289770271	1202289775139
30	1202289793704	1202289798127
30	1202289800559	1202289804129
30	1202289854884	1202289857558
30	1202289874281	1202289877158
30	1202289880757	1202289883469
30	1202289928185	1202289928226
30	1202289952552	1202289959711
30	1202289975845	1202289980602
30	1202290679457	1202290680653
30	1202290695752	1202290701859
30	1202290737145	1202290739268
30	1202290867147	1202290869986
30	1202291473355	1202291478290
30	1202291479891	1202291486220
30	1202292055218	1202292059189
30	1202292190800	1202292194446
30	1202293453559	1202293458289
30	1202293467908	1202293470396
30	1202293493107	1202293500561
30	1202293613536	1202293615983
30	1202293644209	1202293647324
30	1202293766463	1202293768299
30	1202293994770	1202293996584
30	1202295331350	1202295336271
30	1202295384659	1202295387931
30	1202295552773	1202295555227
30	1202295715986	1202295718611
30	1202295837589	1202295839645
30	1202296090313	1202296092418
30	1202296147725	1202296151975
30	1202296172108	1202296176171
30	1202296705118	1202296708134
30	1202298857799	1202298859943
30	1202299047569	1202299049780
30	1202300214762	1202300217636
30	1202300580823	1202300582654
30	1202300598755	1202300619710
30	1202301086484	1202301090392
30	1202302685636	1202302691196
30	1202302691621	1202302697449
30	1202303577698	1202303581168
30	1202304195222	1202304197246
30	1202305379643	1202305383608
30	1202305620635	1202305624148
30	1202305832939	1202305834906
30	1202306381366	1202306384376
30	1202306520209	1202306529239
30	1202308212323	1202308215846
30	1202309971539	1202309974345
30	1202310033715	1202310037791
30	1202310201316	1202310203634
30	1202310506240	1202310509323
30	1202311418657	1202311427784
30	1202311431884	1202311436268
30	1202311437558	1202311443410
30	1202311455238	1202311463274
30	1202311491687	1202311504448
30	1202311507953	1202311510507
30	1202311518655	1202311524374
30	1202311982438	1202311983664
30	1202311984946	1202311986281
30	1202311987189	1202311989283
30	1202311991677	1202311994874
30	1202312002200	1202312004213
30	1202312007824	1202312011406
30	1202312020367	1202312024372
30	1202315801251	1202315804978
30	1202316493894	1202316495990
30	1202316500236	1202316504267
30	1202317188541	1202317192392
30	1202317200152	1202317202382
30	1202317202498	1202317208247
30	1202317246431	1202317249731
30	1202317308493	1202317309906
30	1202317636487	1202317639440
30	1202318390471	1202318396660
30	1202319860354	1202319863799
30	1202322809910	1202322811942
30	1202323290685	1202323293403
30	1202323326708	1202323328975
30	1202327225329	1202327227442
30	1202327345863	1202327348228
30	1202329870446	1202329872860
30	1202329892843	1202329896122
30	1202334817151	1202334820605
31	1202256976687	1202256978990
31	1202257057164	1202257059972
31	1202280764897	1202280768806
31	1202280928135	1202280931116
31	1202280995731	1202280999297
31	1202282121581	1202282128122
31	1202285140702	1202285142890
31	1202285148352	1202285152805
31	1202285843729	1202285847506
31	1202285979665	1202285981997
31	1202285994862	1202285997512
31	1202285997787	1202286010991
31	1202286036932	1202286039930
31	1202286181954	1202286186143
31	1202286222968	1202286225134
31	1202286245691	1202286249643
31	1202287738116	1202287741867
31	1202288861197	1202288872881
31	1202288875732	1202288880734
31	1202288916915	1202288923124
31	1202288939501	1202288942660
31	1202289266352	1202289268981
31	1202289359573	1202289375463
31	1202289379542	1202289387345
31	1202289391325	1202289396725
31	1202289404928	1202289413943
31	1202289417471	1202289425986
31	1202289439540	1202289444181
31	1202289852285	1202289854333
31	1202289951632	1202289955406
31	1202289976871	1202289982644
31	1202290226109	1202290229748
31	1202290661369	1202290664134
31	1202290734598	1202290737779
31	1202290864325	1202290869527
31	1202290913223	1202290916673
31	1202291420226	1202291426755
31	1202291471516	1202291474235
31	1202291552238	1202291555350
31	1202292067523	1202292074468
31	1202292193862	1202292198422
31	1202292710814	1202292713254
31	1202292731986	1202292735618
31	1202293145149	1202293148119
31	1202293439398	1202293447350
31	1202293448365	1202293454430
31	1202293481470	1202293488160
31	1202293594964	1202293597736
31	1202293784380	1202293788673
31	1202293992754	1202293995664
31	1202294058586	1202294061364
31	1202294278474	1202294281220
31	1202294650683	1202294652777
31	1202295334609	1202295336475
31	1202295338153	1202295341267
31	1202295383556	1202295385819
31	1202295441131	1202295443349
31	1202295551319	1202295554439
31	1202295717474	1202295720235
31	1202295834696	1202295838535
31	1202295935165	1202295937878
31	1202295949400	1202295951792
31	1202296088491	1202296091429
31	1202296152649	1202296156655
31	1202296169621	1202296174387
31	1202296275384	1202296279780
31	1202296296870	1202296303682
31	1202296338723	1202296341231
31	1202296372722	1202296375478
31	1202296375750	1202296380512
31	1202296705981	1202296708875
31	1202298743929	1202298745723
31	1202298859891	1202298862700
31	1202299045741	1202299048487
31	1202299963712	1202299965438
31	1202300216743	1202300219747
31	1202301090143	1202301092483
31	1202301093400	1202301096890
31	1202301110841	1202301114344
31	1202301114757	1202301118443
31	1202302242901	1202302244963
31	1202302560188	1202302563147
31	1202303391265	1202303394453
31	1202303600573	1202303609665
31	1202304193879	1202304196623
31	1202304233868	1202304236384
31	1202305381121	1202305383251
31	1202305621807	1202305625797
31	1202305831870	1202305833762
31	1202306382532	1202306385333
31	1202306561300	1202306563442
31	1202306571584	1202306575609
31	1202306576789	1202306580413
31	1202307402153	1202307404508
31	1202307410339	1202307414300
31	1202307525138	1202307528303
31	1202307528601	1202307532619
31	1202308169104	1202308171568
31	1202308213651	1202308216810
31	1202308282918	1202308285605
31	1202308292692	1202308294762
31	1202308296392	1202308299931
31	1202308320151	1202308323581
31	1202308448158	1202308451990
31	1202308453938	1202308465141
31	1202309964458	1202309967569
31	1202310042272	1202310046219
31	1202310200341	1202310202763
31	1202310515225	1202310519830
31	1202311109667	1202311112749
31	1202311286290	1202311289643
31	1202311338656	1202311340500
31	1202312059571	1202312061993
31	1202312099326	1202312107279
31	1202312524256	1202312528745
31	1202314025434	1202314028164
31	1202314142872	1202314146285
31	1202314396756	1202314399219
31	1202315798719	1202315804604
31	1202316973818	1202316978431
31	1202317094715	1202317100398
31	1202317165827	1202317170326
31	1202317223297	1202317229465
31	1202317248669	1202317251292
31	1202317257174	1202317260194
31	1202317284376	1202317289349
31	1202317291913	1202317295989
31	1202318345934	1202318350101
31	1202318388413	1202318391568
31	1202318491679	1202318495450
31	1202318854351	1202318859827
31	1202318884309	1202318887360
31	1202318907288	1202318910393
31	1202319856100	1202319860840
31	1202322810890	1202322814909
31	1202323208763	1202323211987
31	1202327223716	1202327227255
31	1202327346256	1202327350240
31	1202327404355	1202327406157
31	1202327682906	1202327685994
31	1202334818313	1202334823329
31	1202335085970	1202335088336
32	1202256965536	1202256967232
32	1202282124952	1202282127177
32	1202285139518	1202285143525
32	1202285148889	1202285151575
32	1202285787709	1202285792361
32	1202285794253	1202285800537
32	1202285802786	1202285807838
32	1202285813543	1202285821785
32	1202285832370	1202285837718
32	1202285843239	1202285845776
32	1202285999543	1202286009871
32	1202286019516	1202286023312
32	1202286030152	1202286034535
32	1202286181487	1202286185809
32	1202286246821	1202286250259
32	1202287738776	1202287742256
32	1202288865357	1202288868291
32	1202288874366	1202288879862
32	1202288886920	1202288891314
32	1202288917880	1202288921814
32	1202288925837	1202288931225
32	1202288938229	1202288939520
32	1202289115842	1202289120168
32	1202289121598	1202289125780
32	1202289265308	1202289270840
32	1202289347611	1202289351173
32	1202289355832	1202289362487
32	1202289375911	1202289378127
32	1202289410246	1202289412833
32	1202289420993	1202289423571
32	1202289438987	1202289447452
32	1202289497891	1202289503448
32	1202289526241	1202289530923
32	1202289536246	1202289541411
32	1202289875154	1202289878257
32	1202289880961	1202289882157
32	1202289940943	1202289946101
32	1202289950217	1202289953908
32	1202289959134	1202289963570
32	1202289978903	1202289980736
32	1202290152443	1202290153651
32	1202290224963	1202290228296
32	1202290680820	1202290684903
32	1202290691455	1202290697448
32	1202290737942	1202290739900
32	1202291419912	1202291423991
32	1202291472395	1202291475310
32	1202291480898	1202291484340
32	1202291551833	1202291554319
32	1202293148421	1202293151228
32	1202293439214	1202293445421
32	1202293452824	1202293456273
32	1202293473752	1202293475309
32	1202293595516	1202293599296
32	1202293611979	1202293614113
32	1202293645288	1202293649171
32	1202294277739	1202294281191
32	1202294650957	1202294654587
32	1202295330596	1202295334473
32	1202295338331	1202295341445
32	1202295441418	1202295444733
32	1202295849561	1202295853476
32	1202295934965	1202295938553
32	1202296153164	1202296155415
32	1202296168604	1202296172819
32	1202296274251	1202296278202
32	1202296291753	1202296297401
32	1202296361566	1202296367214
32	1202296373551	1202296380344
32	1202296383184	1202296386607
32	1202298858726	1202298860739
32	1202306523712	1202306528240
32	1202306547676	1202306550423
32	1202306554925	1202306556873
32	1202306561788	1202306568242
32	1202306573697	1202306579276
32	1202308210248	1202308214915
32	1202308296274	1202308299215
32	1202308447725	1202308449448
32	1202309970532	1202309972922
32	1202311110659	1202311114199
32	1202311286151	1202311288869
32	1202311338363	1202311342761
32	1202311417933	1202311425611
32	1202311993111	1202311996594
32	1202312001436	1202312004956
32	1202312063367	1202312067854
32	1202312068603	1202312072446
32	1202312098600	1202312101746
32	1202312111455	1202312113579
32	1202312121268	1202312127668
32	1202312523456	1202312528273
32	1202314026396	1202314029688
32	1202314142534	1202314144848
32	1202314397573	1202314400445
32	1202315866323	1202315871283
32	1202315884453	1202315889614
32	1202315890978	1202315896300
32	1202316023402	1202316028739
32	1202316062811	1202316068700
32	1202316779485	1202316782299
32	1202316904749	1202316906989
32	1202316907401	1202316910185
32	1202316952541	1202316954687
32	1202316972772	1202316978298
32	1202317169637	1202317176832
32	1202317222417	1202317226117
32	1202317237534	1202317242855
32	1202317255108	1202317261822
32	1202317285824	1202317288912
32	1202317291765	1202317294882
32	1202317637271	1202317641140
32	1202318390151	1202318392195
32	1202318393292	1202318396397
32	1202318490356	1202318493971
32	1202318886734	1202318888198
32	1202319862220	1202319865437
32	1202319884194	1202319886441
32	1202319995522	1202319997626
32	1202320745299	1202320749690
32	1202320771860	1202320774141
32	1202320823510	1202320825246
32	1202322810388	1202322813378
32	1202323291898	1202323293537
32	1202323326725	1202323327847
32	1202329871202	1202329873842
32	1202329891802	1202329894103
33	1202288883400	1202288886784
33	1202290674265	1202290676221
33	1202295438686	1202295442247
33	1202295512903	1202295516456
33	1202299979889	1202299983119
33	1202300568509	1202300571591
33	1202300607572	1202300611957
33	1202300759784	1202300762231
33	1202300780714	1202300783343
33	1202300791756	1202300795338
33	1202304253194	1202304258313
33	1202304270681	1202304273797
33	1202304343638	1202304347786
33	1202304362317	1202304364903
33	1202304414764	1202304419456
33	1202304429799	1202304433396
33	1202308339342	1202308341982
33	1202308344251	1202308347125
33	1202312009984	1202312012657
33	1202312017520	1202312020230
34	1202295439355	1202295441537
34	1202295512112	1202295514602
34	1202299981541	1202299982599
34	1202300034692	1202300036879
34	1202300609511	1202300612905
34	1202300759412	1202300761264
34	1202300781553	1202300784308
34	1202300790498	1202300793619
34	1202304254527	1202304258125
34	1202304269694	1202304273550
34	1202304345154	1202304348934
34	1202304361240	1202304364735
34	1202304415842	1202304419586
34	1202304428461	1202304431955
34	1202308340119	1202308346147
34	1202312010636	1202312013241
34	1202312016534	1202312019542
36	1202299980780	1202299987606
36	1202300009679	1202300012509
36	1202300014655	1202300017313
36	1202300017759	1202300022954
36	1202300026548	1202300029349
36	1202300031578	1202300039195
36	1202300040462	1202300043615
36	1202300070706	1202300073262
36	1202300128937	1202300132643
36	1202300172474	1202300173633
36	1202300200351	1202300202621
36	1202300224627	1202300226861
36	1202300287667	1202300289803
36	1202300309599	1202300314637
36	1202300316316	1202300322673
36	1202300385363	1202300389727
36	1202300501133	1202300503901
36	1202300565443	1202300572291
36	1202300609140	1202300617180
36	1202300619825	1202300624328
36	1202300718130	1202300720313
36	1202300758853	1202300763740
36	1202312010914	1202312012361
37	1202295510969	1202295514719
37	1202300652478	1202300653623
37	1202304257246	1202304258448
37	1202304269262	1202304271352
37	1202304347517	1202304348203
37	1202304423736	1202304433281
37	1202312011809	1202312016970
