1	1206689508395	1206689510464
1	1206691122220	1206691124167
1	1206692402114	1206692404564
1	1206693021645	1206693023651
1	1206698656928	1206698663424
1	1206698835290	1206698837409
1	1206698887682	1206698889590
1	1206698899109	1206698901208
1	1206698921585	1206698926445
1	1206698929431	1206698930700
1	1206698933870	1206698938431
1	1206698999219	1206699001362
1	1206699016335	1206699021731
1	1206699038171	1206699040241
1	1206699045640	1206699048202
1	1206699048526	1206699052441
1	1206699063116	1206699065207
1	1206699065926	1206699070752
1	1206699072492	1206699076538
1	1206699077294	1206699079212
1	1206699081278	1206699085147
1	1206699119939	1206699125579
1	1206699147852	1206699150299
1	1206699152396	1206699155965
1	1206699207494	1206699209988
1	1206699238359	1206699240413
1	1206699541629	1206699547493
1	1206699550977	1206699553502
1	1206699568791	1206699574802
1	1206699575533	1206699577636
1	1206699603574	1206699605772
1	1206699629227	1206699631391
1	1206699635247	1206699637797
1	1206699645803	1206699646345
1	1206699661827	1206699664228
1	1206699665614	1206699666900
1	1206699690965	1206699692939
1	1206699705588	1206699706857
1	1206699724961	1206699727575
1	1206699729689	1206699733161
1	1206699742902	1206699744172
1	1206699744346	1206699746991
1	1206699750797	1206699752250
1	1206699808532	1206699811333
1	1206699825479	1206699828217
1	1206699856648	1206699858984
1	1206699860838	1206699862100
1	1206699862535	1206699866107
1	1206699885832	1206699888213
1	1206700066515	1206700068737
1	1206700114524	1206700116709
1	1206700194482	1206700196533
1	1206700211191	1206700213461
1	1206700220642	1206700222824
1	1206700229321	1206700231614
1	1206700249294	1206700251456
1	1206700300821	1206700301954
1	1206700315164	1206700316447
1	1206700321619	1206700324894
1	1206700332214	1206700334362
1	1206700352945	1206700355971
1	1206700420201	1206700424445
1	1206700508143	1206700510431
1	1206700534612	1206700536116
1	1206700540377	1206700542226
1	1206700570136	1206700571932
1	1206700595951	1206700598692
1	1206700600847	1206700602815
1	1206700610722	1206700613104
1	1206700620870	1206700623305
1	1206700640640	1206700642804
1	1206700645267	1206700647540
1	1206700685543	1206700687951
1	1206700715153	1206700717773
1	1206700739419	1206700745828
1	1206700766760	1206700771165
1	1206700781967	1206700783312
1	1206700803789	1206700805889
1	1206700806103	1206700807391
1	1206700808377	1206700810540
1	1206700864334	1206700866674
1	1206700868652	1206700870488
1	1206700873737	1206700876366
1	1206700891208	1206700893272
1	1206700961386	1206700963687
1	1206700982914	1206700985503
1	1206700995870	1206700998139
1	1206701047185	1206701051592
1	1206701054683	1206701056795
1	1206701057156	1206701059239
1	1206701060183	1206701062419
1	1206701073506	1206701075562
1	1206701155173	1206701158471
1	1206701166542	1206701168876
1	1206701177291	1206701179501
1	1206701193859	1206701196118
1	1206701203351	1206701204656
1	1206701214562	1206701217130
1	1206701249915	1206701252253
1	1206701270801	1206701276150
1	1206701283188	1206701285941
1	1206701286216	1206701287512
1	1206701319765	1206701322665
1	1206701396443	1206701398831
1	1206701465887	1206701468286
1	1206701474886	1206701477437
1	1206701478278	1206701481328
1	1206701501855	1206701504225
1	1206701527346	1206701531314
1	1206701538568	1206701541737
1	1206701552640	1206701555398
1	1206701557145	1206701559555
1	1206701561627	1206701563796
1	1206701571905	1206701574202
1	1206701580449	1206701582604
1	1206701589423	1206701593880
1	1206701594209	1206701597261
1	1206701665297	1206701667451
1	1206701694396	1206701695652
1	1206701696548	1206701698740
1	1206701717123	1206701719842
1	1206701747697	1206701750171
1	1206701774859	1206701777218
1	1206701784507	1206701785773
1	1206701786209	1206701788362
1	1206701837892	1206701840424
1	1206701848759	1206701851414
1	1206701902974	1206701905174
1	1206701911486	1206701913845
1	1206701929352	1206701931636
1	1206701965912	1206701968215
1	1206701973679	1206701975713
1	1206702002598	1206702006244
1	1206702011685	1206702013540
1	1206702018683	1206702024304
1	1206702059531	1206702062372
1	1206702116178	1206702119730
1	1206702133386	1206702134674
1	1206702157540	1206702159973
1	1206702172393	1206702179160
1	1206702179638	1206702181726
1	1206702190937	1206702192201
1	1206702192393	1206702196721
1	1206702277822	1206702279985
1	1206702332674	1206702335181
1	1206702335569	1206702337704
1	1206702342936	1206702345188
1	1206702355648	1206702360137
1	1206702363827	1206702367968
1	1206702369278	1206702371470
1	1206702381601	1206702383951
1	1206702411276	1206702413312
1	1206702418152	1206702421641
1	1206702426783	1206702429488
1	1206702449251	1206702455809
1	1206702458472	1206702461232
1	1206702461354	1206702465686
1	1206702470574	1206702472539
1	1206702481169	1206702483343
1	1206702496160	1206702498528
1	1206702499363	1206702502219
1	1206702502383	1206702506770
1	1206702582897	1206702583323
1	1206702583833	1206702586367
1	1206702611567	1206702613795
1	1206702658805	1206702660931
1	1206702683491	1206702685441
1	1206702714835	1206702717315
1	1206702719929	1206702722443
1	1206702752404	1206702755403
1	1206702764766	1206702768337
1	1206702777778	1206702780499
1	1206702781661	1206702782945
1	1206702868148	1206702870157
1	1206702909928	1206702912206
1	1206702913400	1206702916145
1	1206702926977	1206702931937
1	1206702933191	1206702946439
1	1206702965331	1206702976380
1	1206702979280	1206702984567
1	1206703015134	1206703021230
1	1206703030439	1206703032360
1	1206703032523	1206703034603
1	1206703329894	1206703331990
1	1206703464537	1206703466595
1	1206703504571	1206703507138
1	1206703523342	1206703525353
1	1206703567288	1206703569326
1	1206703940771	1206703947887
1	1206704316229	1206704320472
1	1206704321855	1206704326276
1	1206704327124	1206704331107
1	1206704339851	1206704342433
1	1206704344429	1206704346260
1	1206704352184	1206704354779
1	1206704444938	1206704447886
1	1206704469170	1206704471598
1	1206704484241	1206704491400
1	1206704504641	1206704507209
1	1206704507805	1206704509751
1	1206704563544	1206704566167
1	1206704596784	1206704599175
1	1206704608368	1206704610411
1	1206704639124	1206704641856
1	1206704660542	1206704663608
1	1206704677286	1206704679490
1	1206704707163	1206704709631
1	1206704717735	1206704720282
1	1206704736527	1206704739475
1	1206704740730	1206704745853
1	1206704751978	1206704753253
1	1206704754437	1206704756924
1	1206704777987	1206704779935
1	1206704803359	1206704805629
1	1206704806110	1206704808525
1	1206704821605	1206704822895
1	1206704824136	1206704826233
1	1206704844289	1206704846631
1	1206704897730	1206704899182
1	1206704949296	1206704951409
1	1206704952221	1206704954122
1	1206704955812	1206704960915
1	1206704965305	1206704967473
1	1206704980524	1206704982570
1	1206704991114	1206704993543
1	1206705000554	1206705002808
1	1206705157956	1206705159180
1	1206705304115	1206705306696
1	1206705338291	1206705340517
1	1206705375167	1206705377411
1	1206705381420	1206705383521
1	1206705398942	1206705401155
1	1206705401678	1206705403909
1	1206705421202	1206705423254
1	1206705423748	1206705426275
1	1206705428335	1206705429623
1	1206705535616	1206705538360
1	1206705593470	1206705595960
1	1206705664905	1206705670296
1	1206705671759	1206705678791
1	1206706000980	1206706007285
1	1206706007411	1206706011710
1	1206706017568	1206706019914
1	1206706607449	1206706608640
1	1206706953531	1206706958774
1	1206707002860	1206707010295
1	1206707360645	1206707362889
1	1206707368351	1206707372515
1	1206707530590	1206707532661
1	1206707847140	1206707849581
1	1206708093178	1206708099396
1	1206708145974	1206708148513
1	1206708148795	1206708154923
1	1206708214893	1206708216858
1	1206708238721	1206708239987
1	1206708262392	1206708264333
1	1206708485736	1206708487834
1	1206708750600	1206708752736
1	1206708800629	1206708802631
1	1206708975450	1206708977573
1	1206708994728	1206708999297
1	1206708999579	1206709004423
1	1206709024615	1206709028438
1	1206709029504	1206709037488
1	1206709054995	1206709057592
1	1206709060646	1206709063136
1	1206709074693	1206709077251
1	1206709121360	1206709123664
1	1206709123866	1206709126606
1	1206709157832	1206709160524
1	1206709271168	1206709273670
1	1206709273804	1206709278314
1	1206709285753	1206709288779
1	1206709293126	1206709299301
1	1206709343999	1206709345721
1	1206709375467	1206709379314
1	1206709398877	1206709409908
1	1206709419394	1206709424258
1	1206709428528	1206709434881
1	1206709435733	1206709439939
1	1206709440920	1206709442120
1	1206709462925	1206709464217
1	1206709464987	1206709467221
1	1206709467399	1206709473681
1	1206709474456	1206709479458
1	1206709480706	1206709488733
1	1206709520788	1206709524897
1	1206709530181	1206709537200
1	1206709556302	1206709560903
1	1206709573686	1206709575870
1	1206709576138	1206709585180
1	1206709593207	1206709595441
1	1206709609942	1206709612957
1	1206709615810	1206709620245
1	1206709629738	1206709631804
1	1206709640987	1206709642769
1	1206709648341	1206709650231
1	1206709660106	1206709661390
1	1206709673119	1206709675170
1	1206709686676	1206709688932
1	1206709691403	1206709701851
1	1206709702149	1206709705250
1	1206709720923	1206709724994
1	1206709730812	1206709732759
1	1206709737687	1206709740234
1	1206709741191	1206709745430
1	1206709748320	1206709753650
1	1206709767149	1206709768421
1	1206709773230	1206709775332
1	1206709784474	1206709786475
1	1206709797948	1206709800844
1	1206709815503	1206709816770
1	1206709819180	1206709821234
1	1206709839600	1206709841834
1	1206709855697	1206709856987
1	1206709857546	1206709859954
1	1206709895274	1206709897209
1	1206709903737	1206709906114
1	1206709910960	1206709912224
1	1206709914852	1206709917793
1	1206709939175	1206709942619
1	1206709946926	1206709948894
1	1206709952803	1206709954978
1	1206709956977	1206709959465
1	1206709960503	1206709962647
1	1206709999918	1206710002944
1	1206710004142	1206710006505
1	1206710058284	1206710060566
1	1206710062703	1206710068930
1	1206710077558	1206710081467
1	1206710081984	1206710084551
1	1206710084807	1206710089912
1	1206710097739	1206710099471
1	1206710100811	1206710103931
1	1206710104124	1206710106687
1	1206710121331	1206710123615
1	1206710150625	1206710153156
1	1206710236231	1206710238258
1	1206710264193	1206710266677
1	1206710294933	1206710297273
1	1206710305615	1206710308404
1	1206710382597	1206710384456
1	1206710416616	1206710420606
1	1206710425295	1206710429805
1	1206710430116	1206710437647
1	1206710673134	1206710677138
1	1206710678353	1206710688208
1	1206711127445	1206711132670
1	1206711355588	1206711356787
1	1206711403572	1206711409966
1	1206711410494	1206711413659
1	1206711417136	1206711422593
1	1206711422709	1206711423973
1	1206711428299	1206711430294
1	1206711435392	1206711438405
1	1206711439360	1206711441389
1	1206711456818	1206711459581
1	1206711460172	1206711466777
1	1206711808115	1206711818820
1	1206711827616	1206711831205
1	1206711831330	1206711833357
1	1206711838113	1206711842611
1	1206711844522	1206711847296
1	1206711847606	1206711849908
1	1206711851410	1206711862534
1	1206711879449	1206711882342
1	1206711896209	1206711898561
1	1206711900389	1206711906337
1	1206711908405	1206711915954
1	1206711918756	1206711923961
1	1206711935791	1206711941551
1	1206711946854	1206711951240
1	1206711959298	1206711961367
1	1206711961586	1206711968849
1	1206711986656	1206711996698
1	1206711997748	1206712005863
1	1206712032481	1206712034272
1	1206712035142	1206712041197
1	1206712041557	1206712044509
1	1206712044681	1206712048472
1	1206712062846	1206712066779
1	1206712077196	1206712080194
1	1206712080890	1206712087299
1	1206712131752	1206712133712
1	1206712203226	1206712205847
1	1206712207105	1206712209641
1	1206712211840	1206712213140
1	1206712213767	1206712215282
1	1206712216881	1206712233927
1	1206712235564	1206712236828
1	1206712380829	1206712385303
1	1206714681422	1206714690748
1	1206714708252	1206714712326
1	1206714730730	1206714732422
1	1206714766788	1206714771922
1	1206714772776	1206714780172
1	1206714788744	1206714791121
1	1206714791253	1206714796668
1	1206714799399	1206714805135
1	1206714843386	1206714849507
1	1206714877431	1206714880756
1	1206714883520	1206714888925
1	1206714890508	1206714894368
1	1206714906883	1206714908126
1	1206714911552	1206714912816
1	1206714917458	1206714919974
1	1206714928774	1206714930982
1	1206714931544	1206714935571
1	1206714957760	1206714963727
1	1206714967588	1206714973935
1	1206714987345	1206714991194
1	1206714995509	1206715002689
1	1206715033225	1206715039997
1	1206715043121	1206715056649
1	1206715062252	1206715065179
1	1206715065411	1206715066697
1	1206715074187	1206715079641
1	1206715080480	1206715081785
1	1206715081944	1206715091452
1	1206715093517	1206715104159
1	1206715105654	1206715114745
1	1206715138346	1206715142509
1	1206715184115	1206715190588
1	1206715212513	1206715219915
1	1206715226178	1206715235724
1	1206716652825	1206716655294
1	1206716677217	1206716681127
1	1206716772901	1206716777981
1	1206716781588	1206716783864
1	1206716789188	1206716793387
1	1206716795727	1206716797959
1	1206716836850	1206716839586
1	1206716862633	1206716864817
1	1206716866405	1206716869300
1	1206727648355	1206727650558
1	1206728205514	1206728208717
1	1206739284820	1206739285982
1	1206743624433	1206743628492
1	1206743703566	1206743704779
2	1206689495755	1206689496251
2	1206691111506	1206691122504
2	1206691124825	1206691127280
2	1206691139159	1206691142637
2	1206691150477	1206691152788
2	1206691153271	1206691157499
2	1206691164208	1206691166554
2	1206692749136	1206692751351
2	1206692841802	1206692843816
2	1206693029367	1206693031626
2	1206702983791	1206702985937
2	1206705678926	1206705681114
2	1206707006883	1206707009136
2	1206707502189	1206707504380
2	1206707652750	1206707654956
2	1206708096619	1206708099396
2	1206709340852	1206709342474
2	1206709397499	1206709399574
2	1206710685921	1206710688610
2	1206711802815	1206711804899
2	1206711992698	1206711995410
2	1206711996337	1206711999801
2	1206712165912	1206712167795
2	1206712455538	1206712457467
2	1206714295440	1206714299520
2	1206714307355	1206714308957
2	1206714356129	1206714358408
2	1206714447646	1206714450107
2	1206714726485	1206714728843
2	1206714833799	1206714835807
2	1206715037838	1206715038835
2	1206715040793	1206715042945
2	1206716614458	1206716615635
2	1206716713601	1206716715671
2	1206716882434	1206716887597
2	1206717187698	1206717189952
2	1206717918778	1206717920771
2	1206723065351	1206723067459
2	1206723222709	1206723223913
2	1206723231540	1206723233843
2	1206726063329	1206726065473
2	1206726168601	1206726170607
2	1206728207189	1206728209469
2	1206728349523	1206728352723
2	1206728466482	1206728468489
2	1206739212646	1206739215491
2	1206739221153	1206739230308
2	1206739283232	1206739286117
2	1206739317859	1206739320240
2	1206739321714	1206739330298
2	1206739334608	1206739338800
2	1206739340408	1206739342621
2	1206739345811	1206739349209
2	1206739359714	1206739363162
2	1206739363887	1206739366153
2	1206739379453	1206739382860
2	1206739397906	1206739405773
2	1206739405908	1206739408526
2	1206739567828	1206739569844
2	1206739572975	1206739575586
2	1206739581872	1206739584669
2	1206739588111	1206739590287
2	1206739593847	1206739596725
2	1206739614219	1206739617835
2	1206739667507	1206739671686
2	1206739766245	1206739771416
2	1206739803763	1206739806468
2	1206739848199	1206739852772
2	1206739853100	1206739861227
2	1206739862197	1206739866731
2	1206739869351	1206739870659
2	1206739880479	1206739882850
2	1206739891971	1206739894164
2	1206739902329	1206739905179
2	1206739919866	1206739924283
2	1206739927388	1206739931465
2	1206739980520	1206739985796
2	1206740013285	1206740020553
2	1206740089374	1206740092991
2	1206740093822	1206740102830
2	1206740103230	1206740106576
2	1206740106849	1206740112110
2	1206740188765	1206740190837
2	1206740403568	1206740407718
2	1206740408282	1206740410594
2	1206740426107	1206740428181
2	1206740437263	1206740441993
2	1206740467739	1206740470990
2	1206740572790	1206740578733
2	1206740829809	1206740831675
2	1206740833183	1206740841207
2	1206740861114	1206740862924
2	1206740913208	1206740915423
2	1206740945993	1206740949657
2	1206740979397	1206740982869
2	1206741013759	1206741018175
2	1206741286769	1206741289520
2	1206741474592	1206741478393
2	1206741509957	1206741512356
2	1206741621547	1206741623795
2	1206741652922	1206741660503
2	1206741835799	1206741840188
2	1206741840706	1206741843492
2	1206741850646	1206741853725
2	1206741859941	1206741864545
2	1206741866890	1206741869732
2	1206741875420	1206741879195
2	1206741892601	1206741894691
2	1206741894867	1206741897169
2	1206741930889	1206741933690
2	1206741939775	1206741946717
2	1206741988110	1206741990523
2	1206742000978	1206742002250
2	1206742002990	1206742005237
2	1206742005993	1206742008257
2	1206742093654	1206742098143
2	1206742192549	1206742196660
2	1206742221501	1206742222762
2	1206742223478	1206742225988
2	1206742228686	1206742232810
2	1206742240233	1206742242663
2	1206742376730	1206742379197
2	1206742629625	1206742630813
2	1206742707647	1206742708882
2	1206742871875	1206742873214
2	1206742918890	1206742924670
2	1206743098586	1206743103723
2	1206743106825	1206743116933
2	1206743123857	1206743127593
2	1206743171789	1206743175206
2	1206743209925	1206743212193
2	1206743312944	1206743315470
2	1206743322789	1206743325195
2	1206743332710	1206743334250
2	1206743334304	1206743342140
2	1206743351612	1206743354199
2	1206743627378	1206743629156
2	1206743689759	1206743693830
2	1206743707437	1206743716937
2	1206743732318	1206743734494
2	1206743734744	1206743736419
2	1206743747587	1206743754353
2	1206743757594	1206743758885
2	1206743763665	1206743767120
2	1206743768386	1206743770748
2	1206743817417	1206743819310
2	1206743819676	1206743822637
2	1206743876853	1206743878983
2	1206744223689	1206744225789
2	1206744260491	1206744265153
2	1206744477571	1206744479730
2	1206744479996	1206744486865
2	1206744490986	1206744492324
2	1206744551159	1206744553273
2	1206744853700	1206744856416
2	1206744902380	1206744911220
2	1206744921933	1206744924339
2	1206745130406	1206745136329
3	1206711803386	1206711808392
3	1206711817340	1206711819221
3	1206711824133	1206711828932
3	1206711993239	1206711998459
3	1206715037647	1206715043351
3	1206717919509	1206717923545
3	1206739215211	1206739218544
3	1206739218915	1206739223124
3	1206739224518	1206739230188
3	1206739303349	1206739313561
3	1206739313867	1206739320888
3	1206739321946	1206739326334
3	1206739335352	1206739339520
3	1206741851237	1206741863372
3	1206741932293	1206741934712
3	1206741936385	1206741941127
3	1206741997905	1206741999930
3	1206744484707	1206744486634
3	1206744489816	1206744492198
3	1206744492630	1206744499262
4	1206665321751	1206665323677
4	1206691052764	1206691059731
4	1206703008563	1206703010926
4	1206703013492	1206703016145
4	1206708170849	1206708177454
5	1206703009806	1206703011702
5	1206703012274	1206703014678
6	1206723306648	1206723309517
7	1206689500694	1206689502906
7	1206689508316	1206689510547
7	1206689512266	1206689535487
7	1206689538793	1206689543899
7	1206689551938	1206689554760
7	1206689557506	1206689567693
7	1206689568547	1206689572123
7	1206689572257	1206689576671
7	1206689588363	1206689593307
7	1206689595606	1206689603537
7	1206689613443	1206689616567
7	1206689617185	1206689620870
7	1206689623360	1206689626534
7	1206689629330	1206689631990
7	1206689633514	1206689637263
7	1206689837111	1206689839847
7	1206689839941	1206689842550
7	1206689846188	1206689848599
7	1206689851181	1206689853389
7	1206690307251	1206690308442
7	1206690311772	1206690320963
7	1206690322545	1206690329350
7	1206690604147	1206690606212
7	1206690993745	1206690999460
7	1206691114282	1206691121376
7	1206691121636	1206691124687
7	1206691146692	1206691152449
7	1206691187396	1206691191655
7	1206691196670	1206691202722
7	1206691328350	1206691329603
7	1206691854498	1206691857810
7	1206691861745	1206691864477
7	1206692070343	1206692077295
7	1206692147112	1206692149312
7	1206692395771	1206692400847
7	1206692400970	1206692405932
7	1206692452853	1206692455225
7	1206692458977	1206692461151
7	1206692479482	1206692484415
7	1206692747108	1206692753235
7	1206692844252	1206692847384
7	1206692887498	1206692888794
7	1206692890109	1206692892821
7	1206692921906	1206692925597
7	1206692933611	1206692940601
7	1206692944903	1206692950131
7	1206693007470	1206693008731
7	1206693009323	1206693012339
7	1206693016151	1206693025492
7	1206693025617	1206693027756
7	1206704569501	1206704572574
7	1206704574599	1206704582224
7	1206704583237	1206704589988
7	1206704612728	1206704615406
7	1206704620437	1206704624582
7	1206704626261	1206704629314
7	1206704632419	1206704635485
7	1206704691696	1206704693587
7	1206704695620	1206704698102
7	1206704950917	1206704955750
7	1206705601438	1206705610757
7	1206705868381	1206705870611
7	1206705871158	1206705873544
7	1206706553261	1206706556183
7	1206706991413	1206706997552
7	1206707013170	1206707016657
7	1206707208884	1206707213520
7	1206707226311	1206707228832
7	1206707274910	1206707276248
7	1206707277358	1206707280285
7	1206707289103	1206707291514
7	1206707335495	1206707338808
7	1206707346584	1206707349346
7	1206707372515	1206707373764
7	1206707497897	1206707504585
7	1206707655391	1206707659102
7	1206707692228	1206707703420
7	1206707929631	1206707938446
7	1206708544694	1206708550978
7	1206708552892	1206708556277
7	1206708558536	1206708561453
7	1206708692811	1206708698440
7	1206709147571	1206709152708
7	1206709275553	1206709277711
7	1206709287696	1206709289849
7	1206709291553	1206709296114
7	1206710307552	1206710310350
7	1206710310485	1206710319624
7	1206710356465	1206710360981
7	1206710392464	1206710393750
7	1206710449816	1206710453472
7	1206710886415	1206710891417
7	1206710892270	1206710899654
7	1206710902740	1206710913368
7	1206711286333	1206711300793
7	1206711478456	1206711481332
7	1206711482961	1206711485224
7	1206711743998	1206711746470
7	1206711748602	1206711750956
7	1206711777362	1206711779544
7	1206712016837	1206712018778
7	1206712124154	1206712126566
7	1206712147411	1206712149422
7	1206712156104	1206712160380
7	1206712161988	1206712166472
7	1206712457623	1206712459939
7	1206712461289	1206712463809
7	1206712464635	1206712466714
7	1206712671249	1206712675347
7	1206712763307	1206712765449
7	1206712774638	1206712776926
7	1206713612819	1206713616163
7	1206713617754	1206713620145
7	1206713621409	1206713624287
7	1206714038582	1206714059344
7	1206714281523	1206714284957
7	1206714290452	1206714296720
7	1206714298272	1206714300755
7	1206714305814	1206714308662
7	1206714357520	1206714363184
7	1206714386295	1206714390875
7	1206714411957	1206714415727
7	1206714420533	1206714422873
7	1206714443689	1206714457141
7	1206714550206	1206714552449
7	1206714574527	1206714577124
7	1206714577727	1206714580377
7	1206714585873	1206714588719
7	1206714640620	1206714644438
7	1206714655629	1206714664406
7	1206714723478	1206714727616
7	1206714850988	1206714852214
7	1206714852971	1206714855397
7	1206714861618	1206714862914
7	1206715277887	1206715296312
7	1206716031558	1206716037521
7	1206716496987	1206716508221
7	1206716616301	1206716623798
7	1206716624376	1206716629737
7	1206716650731	1206716654231
7	1206716667104	1206716669666
7	1206716704682	1206716708114
7	1206716747567	1206716749834
7	1206716759708	1206716768654
7	1206716769542	1206716771870
7	1206716799448	1206716802308
7	1206716819619	1206716824353
7	1206716845215	1206716847781
7	1206716851513	1206716855705
7	1206716862751	1206716864935
7	1206716874398	1206716884407
7	1206716889859	1206716895102
7	1206717040136	1206717045972
7	1206717177137	1206717183420
7	1206717183889	1206717189548
7	1206723066372	1206723070669
7	1206723074309	1206723083250
7	1206723148859	1206723151498
7	1206723171372	1206723177215
7	1206723221849	1206723233396
7	1206723322317	1206723331333
7	1206723677384	1206723679518
7	1206724024669	1206724027247
7	1206724030607	1206724032449
7	1206724032843	1206724035424
7	1206725182644	1206725189442
7	1206725193191	1206725200839
7	1206725212569	1206725214763
7	1206725215713	1206725218104
7	1206725278945	1206725281628
7	1206725294136	1206725296540
7	1206725351601	1206725354229
7	1206725471226	1206725472988
7	1206726059816	1206726065912
7	1206726170251	1206726173573
7	1206726446981	1206726453308
7	1206726514128	1206726515390
7	1206726645213	1206726647494
7	1206726649225	1206726655520
7	1206726773270	1206726775658
7	1206727073375	1206727075552
7	1206727637212	1206727653809
7	1206727770987	1206727773298
7	1206727987580	1206727989361
7	1206728009306	1206728012663
7	1206728194173	1206728196688
7	1206728197560	1206728210591
7	1206728351910	1206728359529
7	1206728366360	1206728383528
7	1206728384329	1206728392230
7	1206728398365	1206728411512
7	1206728411996	1206728414440
7	1206728435374	1206728449991
7	1206728462403	1206728464415
7	1206728465850	1206728469246
7	1206728470669	1206728472864
7	1206739202269	1206739206908
7	1206739215754	1206739218771
7	1206739219109	1206739222965
7	1206739248333	1206739250274
7	1206739250998	1206739257942
7	1206739258463	1206739263459
7	1206739275853	1206739281568
7	1206739285104	1206739287188
7	1206739293581	1206739296591
7	1206739297362	1206739299752
7	1206739300680	1206739303107
7	1206739365456	1206739367179
7	1206739384192	1206739387919
7	1206739388410	1206739391511
7	1206739393616	1206739398214
7	1206740187271	1206740188487
7	1206740840942	1206740842727
7	1206740846422	1206740848967
7	1206740851288	1206740853525
7	1206741318312	1206741320365
7	1206741882206	1206741884931
7	1206741888805	1206741892195
7	1206742367430	1206742369588
7	1206742440378	1206742443299
7	1206742445359	1206742460962
7	1206742559314	1206742561699
7	1206742586353	1206742589463
7	1206742865456	1206742872991
7	1206742876584	1206742883484
7	1206742887101	1206742895153
7	1206742901839	1206742903162
7	1206742906319	1206742910913
7	1206742916506	1206742919447
7	1206742923717	1206742929700
7	1206742938993	1206742941447
7	1206742944994	1206742952200
7	1206742952420	1206742955328
7	1206743617360	1206743629796
7	1206743691931	1206743694461
7	1206743699430	1206743701561
7	1206743702803	1206743705539
7	1206743777567	1206743784165
7	1206743874937	1206743877791
7	1206744307184	1206744315142
7	1206744316259	1206744318214
7	1206744679777	1206744686375
7	1206744697232	1206744699391
7	1206744702180	1206744705406
7	1206744842123	1206744854674
7	1206744858919	1206744863841
7	1206744882556	1206744884948
7	1206744890639	1206744894611
7	1206744895155	1206744920261
7	1206744999903	1206745002169
7	1206745132686	1206745135129
8	1206689494610	1206689498266
8	1206690306215	1206690307997
8	1206690325999	1206690328867
8	1206691111769	1206691120364
8	1206691121403	1206691123158
8	1206691152290	1206691153629
8	1206691163950	1206691167960
8	1206691188970	1206691193910
8	1206692748848	1206692753447
8	1206692841660	1206692845345
8	1206693028627	1206693031200
8	1206702942544	1206702946711
8	1206702954757	1206702958185
8	1206702983423	1206702986596
8	1206703004869	1206703008831
8	1206704556880	1206704559485
8	1206705678386	1206705681791
8	1206705999217	1206706002139
8	1206707006524	1206707009940
8	1206707358563	1206707361247
8	1206707502405	1206707506457
8	1206707652455	1206707656342
8	1206708096211	1206708100383
8	1206708143592	1206708146963
8	1206709307892	1206709310776
8	1206709340491	1206709344319
8	1206709377927	1206709380860
8	1206709397115	1206709400688
8	1206710685487	1206710688717
8	1206711123847	1206711126749
8	1206711464709	1206711467609
8	1206711801696	1206711804759
8	1206712165664	1206712170427
8	1206712245640	1206712248708
8	1206712377722	1206712380484
8	1206712384920	1206712386989
8	1206712454975	1206712458641
8	1206714295440	1206714301159
8	1206714306907	1206714310634
8	1206714355633	1206714359646
8	1206714439559	1206714443203
8	1206714445527	1206714451360
8	1206714520793	1206714524360
8	1206714676622	1206714679130
8	1206714723338	1206714723664
8	1206714833655	1206714837513
8	1206715240542	1206715243393
8	1206716612932	1206716618195
8	1206716886282	1206716891916
8	1206717187418	1206717191960
8	1206717918500	1206717921472
8	1206717921833	1206717925900
8	1206723064767	1206723068569
8	1206723220409	1206723225503
8	1206723231404	1206723236858
8	1206723320261	1206723325460
8	1206724929586	1206724932523
8	1206724958535	1206724962727
8	1206726063686	1206726067494
8	1206726168137	1206726172575
8	1206728206890	1206728211365
8	1206728349510	1206728354237
8	1206728466482	1206728469548
8	1206728472692	1206728476803
8	1206739193588	1206739195893
8	1206739199296	1206739201651
8	1206739228555	1206739230582
8	1206739336816	1206739343317
8	1206739344946	1206739349383
8	1206741656406	1206741660363
8	1206741835594	1206741838916
8	1206743626749	1206743631746
8	1206743749999	1206743754213
9	1206689494435	1206689497465
9	1206690305758	1206690307808
9	1206692750228	1206692752876
9	1206705679895	1206705681925
9	1206707007660	1206707010414
9	1206707651828	1206707654765
9	1206710686721	1206710688844
9	1206712246349	1206712248497
9	1206712454349	1206712456563
9	1206714296662	1206714299801
9	1206714307395	1206714309553
9	1206714355501	1206714357280
9	1206714520396	1206714522261
9	1206714725534	1206714729231
9	1206714833935	1206714835267
9	1206716611996	1206716615866
9	1206716888797	1206716890983
9	1206717188411	1206717192168
9	1206717918172	1206717921333
9	1206717921970	1206717924245
9	1206723064982	1206723066372
9	1206723219320	1206723221609
9	1206723233149	1206723235208
9	1206723319656	1206723322317
9	1206724929101	1206724931930
9	1206726063824	1206726067266
9	1206728348548	1206728352239
9	1206739192776	1206739194139
9	1206739341848	1206739349732
9	1206741657760	1206741659796
9	1206743628188	1206743630401
9	1206743749194	1206743752380
10	1206659254739	1206659260760
10	1206659773543	1206659775806
10	1206661290622	1206661296704
10	1206661394434	1206661399701
10	1206661438720	1206661443817
10	1206662553225	1206662559317
10	1206663476970	1206663479468
10	1206663855189	1206663858742
10	1206667519192	1206667529979
10	1206667533874	1206667539673
10	1206667545126	1206667550829
10	1206691050784	1206691054983
10	1206691056349	1206691059186
10	1206704635229	1206704641577
10	1206704651203	1206704655912
10	1206704921768	1206704924259
10	1206704924852	1206704928319
10	1206705401834	1206705403775
10	1206705431548	1206705431577
10	1206705437220	1206705439226
10	1206705442195	1206705444583
10	1206705623336	1206705627712
10	1206706715487	1206706717808
10	1206706720553	1206706721273
10	1206708101284	1206708108470
10	1206708109144	1206708124812
10	1206708137179	1206708144204
10	1206708159188	1206708159462
10	1206708164482	1206708187270
10	1206708192631	1206708200486
10	1206708345995	1206708354132
10	1206708356608	1206708358923
10	1206708377351	1206708382877
10	1206708384236	1206708386304
10	1206708388120	1206708391316
10	1206708391544	1206708394589
10	1206708400884	1206708402115
10	1206708409271	1206708411165
10	1206708437314	1206708441655
10	1206708456738	1206708461405
10	1206708466229	1206708468718
10	1206708468876	1206708471511
10	1206708476368	1206708480193
10	1206708483360	1206708487411
10	1206708489197	1206708491909
10	1206708496867	1206708504372
10	1206708507608	1206708509624
10	1206708509820	1206708514675
10	1206708518901	1206708520861
10	1206708521370	1206708523837
10	1206708524194	1206708531274
10	1206708531590	1206708532816
10	1206708541191	1206708543128
10	1206708552471	1206708553647
10	1206708554138	1206708557976
10	1206708565876	1206708571646
10	1206708572645	1206708576451
10	1206708612543	1206708614873
10	1206708619231	1206708621649
10	1206708622945	1206708625754
10	1206708673635	1206708681233
10	1206713629378	1206713635652
10	1206713650445	1206713652543
10	1206713656846	1206713662450
10	1206713668220	1206713671414
10	1206713738796	1206713741942
10	1206716058859	1206716064184
10	1206716089459	1206716091463
10	1206716155104	1206716157387
10	1206716568790	1206716570920
10	1206716571575	1206716576351
10	1206716628568	1206716633972
10	1206716703979	1206716712989
10	1206716713161	1206716715218
10	1206716878284	1206716880387
10	1206716998859	1206717000825
10	1206717059963	1206717062841
10	1206717065679	1206717070925
10	1206717165555	1206717166733
10	1206717168491	1206717170829
10	1206717175908	1206717178420
10	1206717192168	1206717195527
10	1206717198523	1206717204887
10	1206717224118	1206717228362
10	1206717238805	1206717251700
10	1206717480854	1206717487183
10	1206717854561	1206717856311
10	1206717873717	1206717875308
10	1206717949685	1206717955480
10	1206717963594	1206717970411
10	1206717971497	1206717973465
10	1206717979671	1206717982235
10	1206718042531	1206718046260
10	1206718053404	1206718055568
10	1206718070465	1206718075558
10	1206718121327	1206718123664
10	1206718191685	1206718197553
10	1206718203939	1206718208682
10	1206718242534	1206718245310
10	1206718248847	1206718262806
10	1206718264150	1206718266244
10	1206718267433	1206718269876
10	1206718272530	1206718274363
10	1206718282626	1206718287554
10	1206718289287	1206718295963
10	1206718301586	1206718308590
10	1206718309702	1206718315599
10	1206718316171	1206718320806
10	1206718322234	1206718326490
10	1206718334944	1206718336878
10	1206718337947	1206718345776
10	1206718346963	1206718348188
10	1206718348349	1206718350620
10	1206718351589	1206718353620
10	1206718361183	1206718368285
10	1206718370712	1206718373907
10	1206718374592	1206718380281
10	1206718380998	1206718409231
10	1206718415336	1206718417481
10	1206718430729	1206718431955
10	1206718432151	1206718434599
10	1206718435282	1206718437140
10	1206718467888	1206718471925
10	1206718478799	1206718483354
10	1206718484552	1206718487453
10	1206718502587	1206718505251
10	1206718509440	1206718516863
10	1206718528381	1206718533367
10	1206718549372	1206718554888
10	1206718556447	1206718575669
10	1206718577890	1206718581867
10	1206718581940	1206718584223
10	1206718585418	1206718589108
10	1206718590642	1206718594864
10	1206718596107	1206718598869
10	1206718599215	1206718602270
10	1206718611574	1206718613665
10	1206718616362	1206718620572
10	1206718639917	1206718641895
10	1206718642177	1206718643415
10	1206718670660	1206718675144
10	1206718696815	1206718699506
10	1206718704345	1206718708915
10	1206718710899	1206718713189
10	1206718818340	1206718825101
10	1206718887794	1206718895921
10	1206718897224	1206718899735
10	1206718919855	1206718929362
10	1206718931496	1206718936711
10	1206718982531	1206718987492
10	1206718998768	1206719005794
10	1206719005928	1206719013932
10	1206719016584	1206719080471
10	1206719083756	1206719085977
10	1206719088172	1206719128973
10	1206719129762	1206719139562
10	1206719140200	1206719165717
10	1206719169142	1206719197857
10	1206719205980	1206719234257
10	1206719235926	1206719237152
10	1206719294483	1206719334509
10	1206719335127	1206719344617
10	1206719348567	1206719402933
10	1206719409578	1206719509939
10	1206719515654	1206719520591
10	1206719520921	1206719527983
10	1206719528714	1206719535689
10	1206719588292	1206719592196
10	1206719619800	1206719624561
10	1206719633193	1206719635340
10	1206719635569	1206719637576
10	1206719638283	1206719641324
10	1206719653671	1206719659581
10	1206719661146	1206719664680
10	1206719669316	1206719675805
10	1206719675932	1206719677621
10	1206719683105	1206719685183
10	1206719687757	1206719689970
10	1206719696668	1206719698816
10	1206719706856	1206719715318
10	1206719717317	1206719721283
10	1206719722156	1206719742298
10	1206719765131	1206719770312
10	1206719791727	1206719793805
10	1206719794137	1206719797187
10	1206719806183	1206719808586
10	1206719816685	1206719818756
10	1206719819660	1206719822336
10	1206719846573	1206719848817
10	1206719861511	1206719864255
10	1206719868590	1206719870199
10	1206720342830	1206720366540
10	1206720370748	1206720374585
10	1206720382235	1206720385491
10	1206720386632	1206720389978
10	1206720405514	1206720406744
10	1206720446895	1206720448983
10	1206720474778	1206720477200
10	1206720479320	1206720481119
10	1206720482249	1206720490234
10	1206720497413	1206720499466
10	1206720499818	1206720502922
10	1206720503514	1206720516984
10	1206720520335	1206720532371
10	1206720534510	1206720547244
10	1206720547390	1206720556129
10	1206720556645	1206720566455
11	1206660709889	1206660711937
11	1206667523324	1206667527800
11	1206667543437	1206667545508
11	1206667549659	1206667552390
11	1206690992976	1206690997428
11	1206702942123	1206702944782
11	1206704636897	1206704638789
11	1206704650966	1206704652151
11	1206705421554	1206705424982
11	1206705456740	1206705460312
11	1206708124228	1206708128274
11	1206708136898	1206708139917
11	1206708380726	1206708383119
11	1206708383744	1206708386538
11	1206708439144	1206708441195
11	1206708459174	1206708461566
11	1206708465862	1206708467324
11	1206708476205	1206708477927
11	1206708479441	1206708481368
11	1206708483635	1206708484837
11	1206708489355	1206708491611
11	1206708541918	1206708543993
11	1206708552471	1206708556821
11	1206708570250	1206708572390
11	1206708612543	1206708614873
11	1206708675501	1206708677115
11	1206711104613	1206711109470
11	1206711109958	1206711114863
11	1206713619751	1206713634549
11	1206714712478	1206714714532
11	1206717243288	1206717245234
11	1206717926385	1206717928520
11	1206717928872	1206717930906
11	1206717949222	1206717951541
11	1206718039197	1206718043733
11	1206718192137	1206718196314
11	1206718204488	1206718209282
11	1206718433753	1206718435524
11	1206718469706	1206718470949
11	1206718521254	1206718522445
11	1206718526832	1206718529204
11	1206718530543	1206718532957
11	1206718545263	1206718547475
11	1206718549932	1206718554202
11	1206718576480	1206718578144
11	1206718578632	1206718585650
11	1206718596107	1206718598655
11	1206718616178	1206718618631
11	1206718640293	1206718644962
11	1206718670875	1206718675532
11	1206718711434	1206718713499
11	1206718998296	1206719001946
11	1206719531732	1206719533768
11	1206719655993	1206719659805
11	1206719671940	1206719673154
11	1206719817461	1206719818620
11	1206720405130	1206720407983
11	1206720512387	1206720514561
11	1206720552189	1206720554297
11	1206720561597	1206720566934
12	1206705289722	1206705291650
12	1206705299299	1206705301944
12	1206711748602	1206711755799
12	1206711757311	1206711764983
12	1206711836283	1206711843429
12	1206711888264	1206711893973
12	1206711898945	1206711901579
12	1206711904999	1206711911468
12	1206711918394	1206711926753
12	1206723302800	1206723305792
12	1206723309653	1206723312869
13	1206705292125	1206705295627
13	1206705295904	1206705300334
13	1206711761581	1206711766319
13	1206711835647	1206711839301
13	1206723304799	1206723307600
13	1206723308691	1206723312438
14	1206691108587	1206691112340
14	1206691191655	1206691193584
14	1206692750671	1206692752815
14	1206692840661	1206692842456
14	1206707503961	1206707506303
14	1206708689663	1206708699376
14	1206708703777	1206708710934
14	1206708724713	1206708726787
14	1206709395829	1206709398264
14	1206712167939	1206712171356
14	1206714354697	1206714356530
14	1206714727616	1206714729814
14	1206716610546	1206716612705
14	1206716889564	1206716891495
14	1206717189189	1206717191498
14	1206717917434	1206717919786
14	1206723234625	1206723238507
14	1206726160209	1206726163785
14	1206728208717	1206728210835
14	1206739197148	1206739198357
14	1206741658472	1206741660641
14	1206743628492	1206743630671
14	1206743748191	1206743750254
15	1206689493155	1206689495558
15	1206691108881	1206691112160
15	1206691191496	1206691193775
15	1206692840243	1206692842201
15	1206693032558	1206693034963
15	1206698635905	1206698638147
15	1206702986257	1206702989566
15	1206704555176	1206704557135
15	1206705681518	1206705683279
15	1206705997395	1206705999667
15	1206707009136	1206707011919
15	1206707357117	1206707358907
15	1206707504228	1206707508404
15	1206707650706	1206707653615
15	1206708098711	1206708100879
15	1206708141634	1206708143736
15	1206708688566	1206708693333
15	1206708694113	1206708695401
15	1206708725995	1206708727781
15	1206709309499	1206709311515
15	1206709338634	1206709341589
15	1206709395703	1206709398392
15	1206710687523	1206710691126
15	1206711113984	1206711115214
15	1206711121841	1206711124181
15	1206711800299	1206711802274
15	1206711842202	1206711844984
15	1206712167939	1206712172558
15	1206712247696	1206712250386
15	1206712376228	1206712378684
15	1206712386719	1206712387370
15	1206712453621	1206712456233
15	1206712604447	1206712608860
15	1206714308125	1206714310269
15	1206714353981	1206714357401
15	1206714727343	1206714729814
15	1206714831951	1206714834569
15	1206716609790	1206716611932
15	1206716889859	1206716893543
15	1206717189677	1206717193684
15	1206717916969	1206717920523
15	1206717923893	1206717927615
15	1206723063164	1206723066372
15	1206723235566	1206723238143
15	1206723259575	1206723261810
15	1206723262964	1206723265132
15	1206723271993	1206723273850
15	1206723318796	1206723321885
15	1206724927917	1206724929290
15	1206724960539	1206724962422
15	1206726064738	1206726068406
15	1206726159490	1206726163314
15	1206726166295	1206726169707
15	1206728209159	1206728213449
15	1206728347502	1206728351221
15	1206728475475	1206728477248
15	1206739191424	1206739193222
15	1206741658752	1206741662607
15	1206741833916	1206741836314
15	1206743628878	1206743633316
15	1206743746882	1206743750844
16	1206659771495	1206659774197
16	1206689492882	1206689494941
16	1206690304169	1206690306488
16	1206690997723	1206690998915
16	1206691007697	1206691009588
16	1206691023411	1206691024468
16	1206691049454	1206691053912
16	1206691057956	1206691060155
16	1206691074235	1206691079373
16	1206702945749	1206702949460
16	1206702950680	1206702955210
16	1206702960974	1206702964139
16	1206702986769	1206702990284
16	1206703001327	1206703004695
16	1206704647283	1206704649337
16	1206707009558	1206707010741
16	1206707504895	1206707507642
16	1206707650548	1206707652617
16	1206708099396	1206708101467
16	1206708134730	1206708138123
16	1206708687941	1206708691277
16	1206709336596	1206709340366
16	1206711111514	1206711115793
16	1206711747216	1206711749167
16	1206711841431	1206711844240
16	1206711925400	1206711927117
16	1206712452804	1206712454667
16	1206712602507	1206712605547
16	1206713619450	1206713620710
16	1206714308390	1206714310269
16	1206714353774	1206714355633
16	1206714727315	1206714729654
16	1206715242989	1206715244745
16	1206717247557	1206717250956
16	1206717924435	1206717927752
16	1206717928653	1206717932265
16	1206718042146	1206718045823
16	1206718985145	1206718988795
16	1206718995795	1206718997708
16	1206723062908	1206723064640
16	1206723318651	1206723319828
16	1206724927530	1206724929451
16	1206726065208	1206726068202
16	1206726159265	1206726160487
16	1206728209747	1206728211738
16	1206728347204	1206728350738
16	1206728469383	1206728471161
16	1206741659490	1206741660776
16	1206743630124	1206743631327
16	1206743746343	1206743747587
17	1206667550549	1206667552406
17	1206690990593	1206690993531
17	1206691049454	1206691053912
17	1206691058938	1206691061486
17	1206691075809	1206691079833
17	1206702943962	1206702946303
17	1206702988100	1206702991683
17	1206702999685	1206703002837
17	1206704637417	1206704640306
17	1206704646795	1206704650966
17	1206705301382	1206705304371
17	1206708134863	1206708137379
17	1206711103185	1206711106712
17	1206711746940	1206711750180
17	1206711840431	1206711843318
17	1206711887721	1206711889857
17	1206711924550	1206711927349
17	1206713618667	1206713621641
17	1206717247360	1206717250695
17	1206717479591	1206717481625
17	1206717929107	1206717930994
17	1206718037979	1206718044867
17	1206718985406	1206718988671
18	1206723302282	1206723305571
18	1206723311624	1206723314165
19	1206690250444	1206690252162
19	1206690344897	1206690347451
19	1206690810866	1206690813847
19	1206690932550	1206690936943
19	1206690955674	1206690961173
19	1206690970491	1206690979396
19	1206691086366	1206691090673
19	1206691105810	1206691107712
19	1206704054435	1206704056903
19	1206711954574	1206711959458
19	1206712048353	1206712052850
19	1206712146665	1206712149422
19	1206712149823	1206712152426
19	1206712177775	1206712180619
19	1206712180871	1206712188868
19	1206720381167	1206720383181
19	1206723053462	1206723056756
19	1206723256468	1206723257692
20	1206688357232	1206688360470
20	1206688365129	1206688366295
20	1206688371895	1206688377120
20	1206688388703	1206688391551
20	1206688407466	1206688412880
20	1206688414515	1206688418836
20	1206688421214	1206688431641
20	1206688434133	1206688440605
20	1206688771381	1206688774613
20	1206688778312	1206688788836
20	1206688793170	1206688798959
20	1206688806285	1206688813513
20	1206688825624	1206688832120
20	1206688857478	1206688862502
20	1206688873623	1206688879622
20	1206688915477	1206688922203
20	1206688928742	1206688931362
20	1206688931515	1206688934575
20	1206688935585	1206688938276
20	1206688938517	1206688946679
20	1206688953161	1206688955170
20	1206688969768	1206688974883
20	1206688992740	1206688995625
20	1206689561421	1206689566133
20	1206689631309	1206689633759
20	1206689762962	1206689765550
20	1206690251555	1206690253690
20	1206690347307	1206690348945
20	1206690473324	1206690479351
20	1206690624955	1206690627229
20	1206690752633	1206690755291
20	1206690757123	1206690763185
20	1206690784197	1206690786446
20	1206690869773	1206690872392
20	1206690873834	1206690876436
20	1206690906577	1206690910456
20	1206690933393	1206690936781
20	1206690954384	1206690957502
20	1206690976308	1206690978436
20	1206690979242	1206690985341
20	1206690986693	1206690994244
20	1206691012624	1206691022362
20	1206691092242	1206691103141
20	1206691105686	1206691108881
20	1206691201153	1206691203311
20	1206691217829	1206691220866
20	1206702947125	1206702952320
20	1206702953310	1206702957890
20	1206703003378	1206703006478
20	1206703007143	1206703012922
20	1206703013696	1206703025609
20	1206704006733	1206704032602
20	1206704032988	1206704041280
20	1206704050756	1206704054299
20	1206704054712	1206704056764
20	1206704158308	1206704160469
20	1206704160905	1206704163310
20	1206704165598	1206704170540
20	1206704176337	1206704181855
20	1206704188688	1206704195860
20	1206704199406	1206704204743
20	1206704207317	1206704226179
20	1206704246218	1206704254203
20	1206704897387	1206704904769
20	1206704907690	1206704911241
20	1206704926417	1206704929528
20	1206704931521	1206704936675
20	1206704977780	1206704979126
20	1206704983140	1206704988850
20	1206704992971	1206705002128
20	1206705007116	1206705017872
20	1206705018938	1206705021329
20	1206705021843	1206705031475
20	1206705047869	1206705053593
20	1206705263331	1206705273942
20	1206705306571	1206705309807
20	1206705311751	1206705316710
20	1206705323630	1206705329992
20	1206708091622	1206708099396
20	1206708126442	1206708133563
20	1206708137745	1206708141226
20	1206708175847	1206708184774
20	1206708397281	1206708404919
20	1206708409619	1206708418894
20	1206708673223	1206708681370
20	1206709428589	1206709435454
20	1206709452785	1206709455489
20	1206709459191	1206709468752
20	1206709508631	1206709510701
20	1206709511300	1206709513739
20	1206709536895	1206709539524
20	1206709954400	1206709956842
20	1206709957652	1206709966764
20	1206709985635	1206709988228
20	1206709994871	1206709997326
20	1206710014903	1206710016171
20	1206710082839	1206710089551
20	1206710096307	1206710101823
20	1206710109605	1206710112147
20	1206710119677	1206710122329
20	1206710124718	1206710127281
20	1206710159301	1206710162149
20	1206710238394	1206710239634
20	1206710241863	1206710244517
20	1206710346836	1206710349850
20	1206710397365	1206710399816
20	1206710418632	1206710421304
20	1206710422968	1206710425487
20	1206710426183	1206710429171
20	1206710438739	1206710443491
20	1206710456808	1206710458733
20	1206710483405	1206710486146
20	1206710497178	1206710502112
20	1206710514958	1206710518935
20	1206710590743	1206710593305
20	1206710685272	1206710687881
20	1206710688208	1206710691251
20	1206710695106	1206710697544
20	1206710719816	1206710723916
20	1206710728568	1206710731109
20	1206710734450	1206710736985
20	1206710922768	1206710926930
20	1206710927346	1206710930235
20	1206711022783	1206711028599
20	1206711038109	1206711040952
20	1206711069780	1206711081838
20	1206711083432	1206711089882
20	1206711124317	1206711127721
20	1206711127962	1206711130612
20	1206711137410	1206711142991
20	1206711148938	1206711152532
20	1206711169661	1206711171787
20	1206711172433	1206711173727
20	1206711209768	1206711212393
20	1206711215621	1206711216894
20	1206711219860	1206711222176
20	1206711266453	1206711268539
20	1206711268979	1206711271511
20	1206711452851	1206711453932
20	1206711454869	1206711455987
20	1206711457693	1206711459772
20	1206711674297	1206711676814
20	1206711679376	1206711681543
20	1206711720582	1206711729459
20	1206711732170	1206711734842
20	1206711734974	1206711739472
20	1206711846247	1206711852932
20	1206711865389	1206711871477
20	1206711874160	1206711881783
20	1206711939345	1206711963511
20	1206711964174	1206711968203
20	1206712026868	1206712030543
20	1206712032365	1206712035832
20	1206712046285	1206712052299
20	1206712054632	1206712058770
20	1206712060274	1206712066599
20	1206712079383	1206712090126
20	1206712126505	1206712136119
20	1206712175191	1206712179953
20	1206712184265	1206712197666
20	1206712202176	1206712204729
20	1206712209836	1206712212189
20	1206712224920	1206712227600
20	1206712232615	1206712249593
20	1206712250583	1206712252663
20	1206712253225	1206712256469
20	1206712256859	1206712259271
20	1206712329333	1206712329799
20	1206712335812	1206712339282
20	1206712339776	1206712341541
20	1206712387824	1206712390273
20	1206712557106	1206712561113
20	1206713197130	1206713199651
20	1206713201915	1206713204153
20	1206713251514	1206713254233
20	1206713261542	1206713262823
20	1206713368350	1206713372999
20	1206713413952	1206713416159
20	1206713485105	1206713487702
20	1206713493324	1206713495641
20	1206713631305	1206713634763
20	1206713647584	1206713650868
20	1206713661660	1206713663243
20	1206713714298	1206713718178
20	1206713783282	1206713785546
20	1206713792443	1206713793724
20	1206713796108	1206713801284
20	1206713815900	1206713818447
20	1206713823767	1206713826231
20	1206713826407	1206713829269
20	1206714184296	1206714186184
20	1206714223248	1206714227783
20	1206714245566	1206714252443
20	1206714307243	1206714310269
20	1206714315189	1206714317356
20	1206714343961	1206714349677
20	1206714356253	1206714359848
20	1206714426634	1206714429721
20	1206714437148	1206714441761
20	1206714457442	1206714459937
20	1206714461976	1206714464297
20	1206714466277	1206714469762
20	1206714518833	1206714523690
20	1206714558893	1206714561423
20	1206714562841	1206714565708
20	1206714569778	1206714572244
20	1206714573906	1206714576166
20	1206714616152	1206714619475
20	1206714621511	1206714624183
20	1206714624803	1206714627365
20	1206714630440	1206714634767
20	1206714673684	1206714677778
20	1206714707775	1206714711422
20	1206714815749	1206714818631
20	1206714822882	1206714824150
20	1206714825550	1206714828214
20	1206714838421	1206714841450
20	1206714842684	1206714844706
20	1206714848200	1206714850524
20	1206714899789	1206714903921
20	1206714946828	1206714951431
20	1206714959545	1206714961997
20	1206714964521	1206714965294
20	1206715059720	1206715062381
20	1206715072608	1206715076262
20	1206715117389	1206715121572
20	1206715216303	1206715219164
20	1206715315299	1206715319365
20	1206715351639	1206715354277
20	1206715370889	1206715371350
20	1206715384737	1206715387244
20	1206715387839	1206715390327
20	1206715465743	1206715469601
20	1206715535856	1206715537891
20	1206715568386	1206715570641
20	1206715632791	1206715634907
20	1206715640683	1206715641992
20	1206715710745	1206715713413
20	1206715716391	1206715718666
20	1206715719353	1206715724564
20	1206715777796	1206715779228
20	1206715800704	1206715803265
20	1206715808505	1206715810695
20	1206715941187	1206715945993
20	1206715978462	1206715980971
20	1206715981897	1206715984277
20	1206716009559	1206716011978
20	1206716012223	1206716014677
20	1206716045423	1206716049707
20	1206716058727	1206716062843
20	1206716064523	1206716068465
20	1206716249418	1206716251748
20	1206716251868	1206716254150
20	1206716327179	1206716329711
20	1206716330457	1206716332685
20	1206716414384	1206716416964
20	1206716417958	1206716420858
20	1206716435730	1206716438207
20	1206716461718	1206716464162
20	1206716584396	1206716586672
20	1206716587961	1206716589900
20	1206716590175	1206716592934
20	1206716594859	1206716596142
20	1206716678437	1206716680743
20	1206716686292	1206716690439
20	1206716747567	1206716749707
20	1206716785240	1206716787668
20	1206716794747	1206716796233
20	1206716824484	1206716826848
20	1206716840858	1206716843246
20	1206716844698	1206716845970
20	1206716867191	1206716869432
20	1206716870315	1206716872931
20	1206716884763	1206716886378
20	1206716906864	1206716909259
20	1206716909930	1206716912243
20	1206716985546	1206716987418
20	1206716988166	1206716990382
20	1206717012450	1206717015925
20	1206717022309	1206717026803
20	1206717038378	1206717040545
20	1206717043865	1206717045144
20	1206717048520	1206717050830
20	1206717069452	1206717071847
20	1206717101232	1206717106999
20	1206717107135	1206717109912
20	1206717124776	1206717127308
20	1206717129673	1206717131726
20	1206717133577	1206717134863
20	1206717159852	1206717162315
20	1206717166603	1206717169426
20	1206717192168	1206717193684
20	1206717199167	1206717201710
20	1206717236480	1206717238323
20	1206717267982	1206717281493
20	1206717323771	1206717327925
20	1206717328403	1206717331517
20	1206717471245	1206717472452
20	1206717475500	1206717478112
20	1206717482315	1206717486592
20	1206717489153	1206717493767
20	1206717494396	1206717497872
20	1206717793543	1206717795614
20	1206717796645	1206717802524
20	1206717831345	1206717834749
20	1206717872409	1206717874978
20	1206717875468	1206717881732
20	1206717890152	1206717892532
20	1206717897415	1206717907482
20	1206718065208	1206718069452
20	1206718087675	1206718087853
20	1206719601470	1206719607243
20	1206719608437	1206719613737
20	1206719803909	1206719810992
20	1206719892877	1206719895120
20	1206719896169	1206719900148
20	1206719955535	1206719959452
20	1206719972711	1206719977520
20	1206719981159	1206719984891
20	1206719985573	1206719990572
20	1206720368745	1206720370909
20	1206720372407	1206720374317
20	1206720375188	1206720380553
20	1206720381478	1206720388243
20	1206720395571	1206720400742
20	1206720403694	1206720406803
20	1206720409701	1206720415667
20	1206720507877	1206720510163
20	1206720534389	1206720541598
20	1206720813489	1206720814674
20	1206722682787	1206722685313
20	1206722789721	1206722790959
20	1206722857656	1206722859820
20	1206722878596	1206722885724
20	1206722893621	1206722900233
20	1206723025531	1206723027425
20	1206723042921	1206723048567
20	1206723048995	1206723055168
20	1206723058571	1206723060728
20	1206723065446	1206723067873
20	1206723076617	1206723079628
20	1206723085909	1206723100873
20	1206723102703	1206723112256
20	1206723113243	1206723116296
20	1206723117520	1206723125578
20	1206723128478	1206723138518
20	1206723139685	1206723143148
20	1206723159419	1206723173250
20	1206723184599	1206723188672
20	1206723192766	1206723205218
20	1206723238647	1206723239885
20	1206723240198	1206723271123
21	1206688356647	1206688358585
21	1206688374147	1206688380565
21	1206688387658	1206688390644
21	1206688395462	1206688399102
21	1206688437237	1206688441630
21	1206688766636	1206688775909
21	1206688776657	1206688778767
21	1206690240308	1206690245402
21	1206690248298	1206690253821
21	1206690934521	1206690941950
21	1206690953490	1206690957621
21	1206690976616	1206690981576
21	1206690982385	1206690984328
21	1206690987741	1206690992428
21	1206691012897	1206691016656
21	1206691017114	1206691025802
21	1206691044827	1206691049444
21	1206691053912	1206691055483
21	1206691069377	1206691075155
21	1206691084453	1206691087364
21	1206691106502	1206691111930
21	1206691192867	1206691195722
21	1206691218519	1206691221454
21	1206702946237	1206702948652
21	1206702955709	1206702959313
21	1206703002715	1206703004738
21	1206703014678	1206703016712
21	1206703017385	1206703020448
21	1206704009312	1206704015441
21	1206704055118	1206704058340
21	1206704155940	1206704160239
21	1206704247555	1206704254622
21	1206704896287	1206704899665
21	1206704907892	1206704911425
21	1206704925299	1206704928697
21	1206704933523	1206704938198
21	1206704974972	1206704977498
21	1206705027542	1206705032289
21	1206705046728	1206705050741
21	1206705051191	1206705055689
21	1206705261867	1206705265916
21	1206705269854	1206705274402
21	1206705306147	1206705308575
21	1206705313975	1206705317794
21	1206705328551	1206705330895
21	1206708090393	1206708092462
21	1206708097445	1206708100504
21	1206708123351	1206708128377
21	1206708139697	1206708142978
21	1206708174571	1206708177662
21	1206708399360	1206708403547
21	1206708408234	1206708412906
21	1206708413440	1206708418673
21	1206708671471	1206708675743
21	1206711071319	1206711074690
21	1206711075115	1206711078867
21	1206711083862	1206711087578
21	1206711114232	1206711122615
21	1206711123710	1206711130201
21	1206711722399	1206711728732
21	1206711729861	1206711741153
21	1206711843574	1206711849440
21	1206711877841	1206711883783
21	1206711937802	1206711941119
21	1206711941418	1206711944961
21	1206711965334	1206711970513
21	1206712025255	1206712029119
21	1206712233189	1206712235788
21	1206712235933	1206712239336
21	1206712606763	1206712610240
21	1206717902526	1206717908667
21	1206718046572	1206718049668
21	1206718052950	1206718056921
21	1206718059847	1206718067205
21	1206718092126	1206718096490
21	1206718100430	1206718104830
21	1206718174187	1206718175455
21	1206718176203	1206718179164
21	1206718208682	1206718214415
21	1206718297445	1206718299785
21	1206719599540	1206719603580
21	1206719608230	1206719615530
21	1206719801732	1206719805239
21	1206719986260	1206719991373
21	1206720323753	1206720329655
21	1206720367541	1206720370224
21	1206720382599	1206720386479
21	1206720409760	1206720416657
21	1206720505372	1206720514425
21	1206720531940	1206720536710
21	1206723049791	1206723051817
21	1206723055134	1206723057795
21	1206723058357	1206723060559
21	1206723139734	1206723142989
21	1206723158874	1206723161900
21	1206723165939	1206723174230
21	1206723175862	1206723181322
21	1206723182956	1206723186387
21	1206723203534	1206723205994
21	1206723225206	1206723227143
21	1206723269306	1206723271866
21	1206726162366	1206726164435
21	1206726165452	1206726168292
22	1206659770500	1206659772407
22	1206688355389	1206688357517
22	1206688377368	1206688380157
22	1206688386906	1206688389463
22	1206688438884	1206688441454
22	1206688765577	1206688768539
22	1206690978172	1206690981318
22	1206691022844	1206691026194
22	1206691043449	1206691048528
22	1206691071204	1206691073822
22	1206691219594	1206691222273
22	1206702945309	1206702947672
22	1206702957597	1206702959177
22	1206704056231	1206704059236
22	1206704150827	1206704157882
22	1206704252542	1206704255484
22	1206704895307	1206704898365
22	1206704909139	1206704912421
22	1206704924722	1206704927411
22	1206704935145	1206704937799
22	1206704973186	1206704976332
22	1206705028907	1206705031990
22	1206705046190	1206705048807
22	1206705052666	1206705055869
22	1206705260928	1206705265916
22	1206705271110	1206705274402
22	1206705329270	1206705332459
22	1206705406383	1206705408638
22	1206705409279	1206705412257
22	1206708089930	1206708092561
22	1206708099557	1206708102321
22	1206708122999	1206708126278
22	1206708141625	1206708143880
22	1206708173207	1206708175715
22	1206708407325	1206708409619
22	1206708415242	1206708419895
22	1206708663346	1206708665635
22	1206708670298	1206708674862
22	1206709310474	1206709313157
22	1206709380457	1206709383812
22	1206709394916	1206709398519
22	1206711072483	1206711077196
22	1206711085254	1206711088220
22	1206711724489	1206711733874
22	1206711737865	1206711740881
22	1206711880476	1206711887721
22	1206711936943	1206711938212
22	1206712024260	1206712027448
22	1206712608309	1206712610529
22	1206718093465	1206718096106
22	1206718099593	1206718105112
22	1206718176738	1206718179359
22	1206718205866	1206718209282
22	1206718211684	1206718214229
22	1206718244633	1206718248359
22	1206718272647	1206718277667
22	1206718294101	1206718301282
22	1206718472417	1206718476260
22	1206718492381	1206718498614
22	1206718681725	1206718685982
22	1206719295411	1206719300125
22	1206719597714	1206719601738
22	1206719611131	1206719615484
22	1206719711248	1206719718193
22	1206719771310	1206719776698
22	1206719800930	1206719803628
22	1206719988185	1206719990990
22	1206720322810	1206720325690
22	1206720326536	1206720329376
22	1206720362265	1206720369232
22	1206720412813	1206720417189
22	1206720503761	1206720507289
22	1206720511120	1206720515595
22	1206720530493	1206720534965
22	1206723140919	1206723143713
22	1206723157332	1206723160436
22	1206723176985	1206723186245
22	1206723204700	1206723207809
22	1206723270108	1206723273490
23	1206659257483	1206659259793
23	1206659770767	1206659772635
23	1206688354569	1206688356370
23	1206688378840	1206688380891
23	1206688385829	1206688388543
23	1206688439628	1206688442437
23	1206688764960	1206688767480
23	1206690978978	1206690982258
23	1206691079965	1206691083353
23	1206691220681	1206691223165
23	1206692751807	1206692754574
23	1206702944516	1206702946575
23	1206702954132	1206702957405
23	1206702962487	1206702964459
23	1206704057446	1206704061823
23	1206704149930	1206704152969
23	1206704253235	1206704256302
23	1206704894405	1206704897387
23	1206704923950	1206704926237
23	1206704935971	1206704939271
23	1206705030570	1206705031819
23	1206705045240	1206705048583
23	1206705053720	1206705056773
23	1206705260144	1206705263218
23	1206705272261	1206705278687
23	1206705330767	1206705333997
23	1206705347232	1206705347368
23	1206705404230	1206705407458
23	1206705411122	1206705413970
23	1206705996312	1206705998207
23	1206708088688	1206708090648
23	1206708106179	1206708108344
23	1206708109950	1206708111746
23	1206708120920	1206708123215
23	1206708141882	1206708144691
23	1206708157913	1206708163840
23	1206708171887	1206708174779
23	1206708405595	1206708409133
23	1206708430197	1206708432442
23	1206708727515	1206708729469
23	1206711086208	1206711089741
23	1206711745937	1206711748441
23	1206711881621	1206711888803
23	1206711925948	1206711928565
23	1206711968732	1206711972264
23	1206712023403	1206712026468
23	1206712170163	1206712174202
23	1206712608560	1206712611825
23	1206714353499	1206714356132
23	1206714830929	1206714832843
23	1206716607533	1206716610449
23	1206716891255	1206716893259
23	1206717190664	1206717192888
23	1206717907482	1206717910729
23	1206718095290	1206718096664
23	1206718097402	1206718101402
23	1206718102650	1206718104598
23	1206718178602	1206718179844
23	1206718204809	1206718208682
23	1206718212202	1206718216816
23	1206718223118	1206718226697
23	1206718232888	1206718235348
23	1206718246756	1206718251203
23	1206718270878	1206718274500
23	1206718275382	1206718280515
23	1206718292189	1206718294740
23	1206718300466	1206718302914
23	1206718326555	1206718331421
23	1206718343353	1206718345501
23	1206718360291	1206718365875
23	1206718377310	1206718379305
23	1206718383665	1206718385945
23	1206718386233	1206718388747
23	1206718401194	1206718406459
23	1206718431393	1206718436345
23	1206718444622	1206718451648
23	1206718467889	1206718471684
23	1206718490307	1206718493272
23	1206718497158	1206718500683
23	1206718586580	1206718591499
23	1206718594126	1206718596376
23	1206718613205	1206718615662
23	1206718644786	1206718649554
23	1206718660242	1206718665656
23	1206718685648	1206718691102
23	1206718720508	1206718724344
23	1206719297982	1206719301767
23	1206719596764	1206719599384
23	1206719708187	1206719713690
23	1206719715744	1206719720787
23	1206719734838	1206719738514
23	1206719768997	1206719772392
23	1206719774565	1206719777816
23	1206719799826	1206719802774
23	1206719988869	1206719991493
23	1206720322641	1206720324872
23	1206720327331	1206720330340
23	1206720347729	1206720351598
23	1206720356796	1206720358907
23	1206720358922	1206720361956
23	1206720414705	1206720418454
23	1206720428238	1206720432974
23	1206720450838	1206720457769
23	1206720474918	1206720480607
23	1206720487535	1206720491871
23	1206720502441	1206720505828
23	1206720512956	1206720518240
23	1206723141521	1206723143535
23	1206723156668	1206723159144
23	1206723180841	1206723182135
23	1206723273260	1206723277649
23	1206739190584	1206739192340
23	1206743745347	1206743748345
24	1206689491397	1206689493777
24	1206690236941	1206690240636
24	1206690302461	1206690304437
24	1206690988920	1206690992620
24	1206691048219	1206691052643
24	1206691058891	1206691061355
24	1206691080106	1206691082131
24	1206692838355	1206692840525
24	1206693035208	1206693037830
24	1206698633526	1206698635905
24	1206702943514	1206702945581
24	1206704645649	1206704649465
24	1206704937640	1206704940631
24	1206705276123	1206705278372
24	1206705342641	1206705343912
24	1206705402211	1206705405415
24	1206705684200	1206705686952
24	1206707012158	1206707014126
24	1206707506797	1206707509972
24	1206707648796	1206707652266
24	1206708100621	1206708103261
24	1206708126442	1206708128566
24	1206708133157	1206708136539
24	1206708155982	1206708157884
24	1206708170723	1206708174547
24	1206708728401	1206708731351
24	1206710689696	1206710692492
24	1206711118824	1206711121269
24	1206711468219	1206711470884
24	1206711969199	1206711972638
24	1206712022241	1206712025100
24	1206712250386	1206712252889
24	1206712373970	1206712375902
24	1206712387956	1206712390556
24	1206712450564	1206712454493
24	1206712600773	1206712603101
24	1206713617481	1206713620160
24	1206714309109	1206714311570
24	1206714351979	1206714355841
24	1206714442147	1206714443332
24	1206714729370	1206714732128
24	1206714830199	1206714832976
24	1206715244440	1206715246882
24	1206716606179	1206716609663
24	1206716892327	1206716894970
24	1206717191654	1206717194554
24	1206717242463	1206717247360
24	1206717247967	1206717250286
24	1206717478494	1206717481260
24	1206717908161	1206717911275
24	1206717915427	1206717917925
24	1206717929815	1206717932896
24	1206718036969	1206718039942
24	1206718146275	1206718149788
24	1206718152255	1206718156252
24	1206718187619	1206718192877
24	1206718202541	1206718205725
24	1206718220849	1206718225589
24	1206718365303	1206718371722
24	1206718397920	1206718403298
24	1206718499923	1206718503494
24	1206718517565	1206718519550
24	1206718614302	1206718617934
24	1206718664528	1206718666995
24	1206718722738	1206718725910
24	1206718986187	1206718989935
24	1206718993733	1206718997932
24	1206719672762	1206719675569
24	1206719719109	1206719722403
24	1206719731164	1206719737884
24	1206719799170	1206719800778
24	1206720426416	1206720428608
24	1206720431506	1206720434323
24	1206720448256	1206720453214
24	1206720456428	1206720459591
24	1206720472778	1206720477347
24	1206720489897	1206720492751
24	1206723060902	1206723063504
24	1206723275529	1206723278809
24	1206723316486	1206723319281
24	1206724925586	1206724928200
24	1206726066688	1206726069906
24	1206726157707	1206726159770
24	1206728211485	1206728214550
24	1206728344745	1206728349245
24	1206728470996	1206728473331
24	1206728477680	1206728480328
24	1206739188640	1206739191214
24	1206741660911	1206741663905
24	1206741831953	1206741834559
24	1206743631464	1206743635364
24	1206743743821	1206743747122
25	1206667551723	1206667553675
25	1206690302134	1206690303752
25	1206691059453	1206691062758
25	1206705367414	1206705368627
25	1206705369392	1206705371880
25	1206705376119	1206705378495
25	1206705400918	1206705403383
25	1206705430417	1206705435959
25	1206708729857	1206708731687
25	1206711101837	1206711103581
25	1206712600507	1206712601705
25	1206717192888	1206717195527
25	1206717200301	1206717203675
25	1206717248519	1206717250528
25	1206718036443	1206718040184
25	1206718219842	1206718221853
25	1206718396552	1206718398616
25	1206718560108	1206718562380
25	1206718617145	1206718620734
25	1206718725644	1206718727914
25	1206718986585	1206718988440
25	1206718995382	1206718997708
25	1206719055219	1206719057351
25	1206719071458	1206719073463
25	1206719073996	1206719079532
25	1206719161129	1206719165560
25	1206719241563	1206719243782
25	1206719485596	1206719487998
25	1206719730329	1206719732144
25	1206720433591	1206720435774
25	1206720438563	1206720440628
25	1206720458249	1206720461465
25	1206720565618	1206720567573
25	1206723299824	1206723303747
25	1206723313263	1206723316791
25	1206739188140	1206739190162
26	1206718975544	1206718977614
26	1206718989935	1206718992150
26	1206720436998	1206720439207
27	1206659258385	1206659260921
27	1206659769511	1206659771759
27	1206691023158	1206691030107
27	1206691041895	1206691046413
27	1206702946847	1206702948500
27	1206702958517	1206702960142
27	1206702963730	1206702965527
27	1206702979775	1206702981662
27	1206704965293	1206704967871
27	1206704972228	1206704976154
27	1206709311181	1206709314864
27	1206709329350	1206709332881
27	1206709381240	1206709384841
27	1206709393812	1206709397676
27	1206711737577	1206711741773
27	1206711744781	1206711747497
27	1206711927555	1206711929497
27	1206711935976	1206711939479
27	1206719739344	1206719741367
28	1206704920806	1206704928835
28	1206704964823	1206704966587
28	1206708660901	1206708664382
28	1206718103554	1206718117945
28	1206718316171	1206718317288
28	1206718322153	1206718325751
28	1206718349185	1206718351589
28	1206718354850	1206718362493
28	1206718476488	1206718481322
28	1206718596376	1206718602434
28	1206718602596	1206718603798
28	1206718678537	1206718681992
28	1206718710339	1206718715660
28	1206718743510	1206718746111
28	1206718860384	1206718867387
28	1206719292625	1206719295842
28	1206719299645	1206719303112
28	1206719614729	1206719618925
28	1206719741216	1206719745804
28	1206723142281	1206723158840
29	1206688763611	1206688765409
29	1206690981704	1206690987237
29	1206691043960	1206691050530
29	1206692754176	1206692756122
29	1206704640396	1206704641887
29	1206708440180	1206708445401
29	1206708560504	1206708562537
29	1206708647832	1206708652119
29	1206708659692	1206708662623
29	1206711088361	1206711090217
29	1206714731199	1206714732918
29	1206718180516	1206718182478
29	1206718279135	1206718281366
29	1206718302767	1206718306174
29	1206718450276	1206718452813
29	1206718460745	1206718462583
29	1206718478939	1206718482299
29	1206718557347	1206718558947
29	1206718675945	1206718680304
29	1206718708119	1206718711434
29	1206718739453	1206718744954
29	1206718764928	1206718768442
29	1206718858504	1206718862622
29	1206718865780	1206718868986
29	1206719208516	1206719212956
29	1206719220112	1206719223227
29	1206719289182	1206719294812
29	1206719301371	1206719308911
29	1206719318459	1206719320320
29	1206719327321	1206719329651
29	1206719336561	1206719344110
29	1206719345707	1206719348382
29	1206719349870	1206719354446
29	1206719594404	1206719597645
29	1206719616815	1206719620494
29	1206719700117	1206719703662
29	1206719706219	1206719708771
29	1206719743568	1206719746932
29	1206720527479	1206720529456
29	1206723149515	1206723155127
29	1206743742723	1206743744674
30	1206688352284	1206688354405
30	1206688441773	1206688445601
30	1206688763762	1206688765577
30	1206689490149	1206689493539
30	1206690235995	1206690238640
30	1206690301237	1206690303133
30	1206691060155	1206691063456
30	1206691222771	1206691224684
30	1206692753912	1206692758368
30	1206692837300	1206692839443
30	1206693036871	1206693040705
30	1206702937684	1206702940797
30	1206704061823	1206704063189
30	1206704147704	1206704151443
30	1206704255484	1206704258661
30	1206704551866	1206704553530
30	1206704639753	1206704649105
30	1206704892182	1206704896541
30	1206704939166	1206704942220
30	1206704962226	1206704964823
30	1206705032409	1206705034905
30	1206705043309	1206705046190
30	1206705056541	1206705059885
30	1206705257960	1206705260696
30	1206705335223	1206705339684
30	1206705351601	1206705355402
30	1206705363595	1206705367870
30	1206705415477	1206705417639
30	1206705424404	1206705432472
30	1206705435840	1206705437989
30	1206705685741	1206705687671
30	1206705993970	1206705996570
30	1206707012818	1206707016455
30	1206707354224	1206707356320
30	1206707508237	1206707511812
30	1206707647104	1206707650866
30	1206708086957	1206708088939
30	1206708113538	1206708117176
30	1206708127651	1206708136397
30	1206708137985	1206708141226
30	1206708144553	1206708145832
30	1206708149900	1206708153617
30	1206711088361	1206711091182
30	1206711100681	1206711103837
30	1206711117404	1206711119336
30	1206711797615	1206711798828
30	1206711970640	1206711973559
30	1206712021112	1206712024792
30	1206712172936	1206712177135
30	1206712448968	1206712451772
30	1206712611553	1206712613701
30	1206713616375	1206713618667
30	1206714309949	1206714313600
30	1206714350696	1206714355154
30	1206714442715	1206714444669
30	1206714517415	1206714519323
30	1206714671796	1206714673925
30	1206714730865	1206714734203
30	1206714828771	1206714831411
30	1206716604388	1206716607979
30	1206716893391	1206716897299
30	1206717192888	1206717196635
30	1206717199496	1206717200769
30	1206717244829	1206717248381
30	1206717248655	1206717250286
30	1206717477788	1206717481260
30	1206717909707	1206717913596
30	1206717931132	1206717934268
30	1206718035823	1206718039427
30	1206718117819	1206718120416
30	1206718181681	1206718188569
30	1206718218107	1206718220122
30	1206718236965	1206718242406
30	1206718251203	1206718255183
30	1206718266304	1206718270494
30	1206718280358	1206718285118
30	1206718285267	1206718287384
30	1206718305296	1206718309829
30	1206718336741	1206718338839
30	1206718339891	1206718342435
30	1206718390603	1206718394647
30	1206718451261	1206718462369
30	1206718485461	1206718485656
30	1206718513618	1206718514868
30	1206718574857	1206718580767
30	1206718627251	1206718631686
30	1206718673528	1206718678326
30	1206718705633	1206718710645
30	1206718766134	1206718771326
30	1206718795450	1206718797932
30	1206718810594	1206718816637
30	1206718828781	1206718831725
30	1206718831916	1206718838932
30	1206718855672	1206718860906
30	1206718867255	1206718871869
30	1206718889807	1206718893878
30	1206718922475	1206718926550
30	1206718936573	1206718938417
30	1206718991668	1206718997558
30	1206719100964	1206719104986
30	1206719106740	1206719111485
30	1206719122265	1206719127180
30	1206719157103	1206719158358
30	1206719158734	1206719160674
30	1206719164455	1206719172228
30	1206719197602	1206719202426
30	1206719205453	1206719210611
30	1206719254918	1206719263855
30	1206719271800	1206719277780
30	1206719287179	1206719292454
30	1206719353773	1206719358226
30	1206719380799	1206719383954
30	1206719385116	1206719397235
30	1206719432311	1206719439505
30	1206719440868	1206719446373
30	1206719480445	1206719483768
30	1206719504996	1206719510541
30	1206719520471	1206719524966
30	1206719527202	1206719532125
30	1206719554998	1206719559846
30	1206719575326	1206719577885
30	1206719591886	1206719596912
30	1206719619610	1206719622709
30	1206719651711	1206719657513
30	1206719699402	1206719703378
30	1206719721763	1206719725154
30	1206719745359	1206719749881
30	1206719777388	1206719779965
30	1206719797645	1206719801216
30	1206719990822	1206719993232
30	1206720320415	1206720322516
30	1206720329776	1206720332343
30	1206720343899	1206720348915
30	1206720418509	1206720421765
30	1206720423675	1206720427954
30	1206720518660	1206720523298
30	1206720524313	1206720529720
30	1206720566326	1206720568135
30	1206723060176	1206723062212
30	1206723274552	1206723277488
30	1206723278656	1206723282789
30	1206724963200	1206724965863
30	1206726067621	1206726071412
30	1206726156542	1206726159908
30	1206728212793	1206728216446
30	1206728343345	1206728347802
30	1206728472523	1206728475336
30	1206728478880	1206728481600
30	1206741662216	1206741665537
30	1206741830450	1206741832776
30	1206743633456	1206743636998
30	1206743741947	1206743745929
31	1206687695339	1206687705356
31	1206688351413	1206688353590
31	1206688443488	1206688447790
31	1206688762227	1206688764533
31	1206689488665	1206689492619
31	1206690298399	1206690303625
31	1206690332291	1206690335740
31	1206691062291	1206691067235
31	1206691226267	1206691229624
31	1206691873623	1206691876383
31	1206691901204	1206691903863
31	1206692756527	1206692759784
31	1206692836646	1206692838640
31	1206693042710	1206693048765
31	1206698625596	1206698628284
31	1206701317583	1206701319978
31	1206702936483	1206702940207
31	1206704061823	1206704065715
31	1206704146802	1206704149353
31	1206704256667	1206704259379
31	1206704550573	1206704552368
31	1206704891124	1206704893622
31	1206705058416	1206705065685
31	1206705256939	1206705259600
31	1206705418149	1206705422454
31	1206705466866	1206705471959
31	1206705687874	1206705691308
31	1206705992756	1206705995264
31	1206707014347	1206707017641
31	1206707352996	1206707354720
31	1206707509596	1206707512711
31	1206707646421	1206707648659
31	1206708085649	1206708087971
31	1206708103261	1206708106307
31	1206708136760	1206708139229
31	1206710692621	1206710695882
31	1206711115876	1206711118153
31	1206711470608	1206711474665
31	1206711796411	1206711798371
31	1206712174686	1206712177891
31	1206712252539	1206712257975
31	1206712371626	1206712373770
31	1206712390432	1206712395912
31	1206712447189	1206712450368
31	1206712596527	1206712600926
31	1206713452127	1206713455251
31	1206713614997	1206713617349
31	1206714310793	1206714313365
31	1206714349245	1206714353774
31	1206714443820	1206714445921
31	1206714446443	1206714449551
31	1206714731549	1206714735554
31	1206714827606	1206714830345
31	1206715246617	1206715248485
31	1206716600890	1206716606807
31	1206716894503	1206716898442
31	1206717194554	1206717196640
31	1206717196937	1206717201592
31	1206717245864	1206717251564
31	1206717476894	1206717478920
31	1206717932613	1206717936193
31	1206718034320	1206718037253
31	1206719778514	1206719782264
31	1206719796389	1206719799170
31	1206719991613	1206719994751
31	1206720318966	1206720321591
31	1206720567283	1206720570780
31	1206723058813	1206723061338
31	1206723276156	1206723290371
31	1206723429514	1206723436132
31	1206723558457	1206723566615
31	1206724923535	1206724925450
31	1206724964633	1206724968351
31	1206726068560	1206726072291
31	1206726154803	1206726157870
31	1206728214788	1206728219284
31	1206728231594	1206728236824
31	1206728341146	1206728346574
31	1206728475560	1206728479154
31	1206728480489	1206728482610
31	1206739183986	1206739189162
31	1206741663541	1206741670872
31	1206741827853	1206741834698
31	1206743634835	1206743638320
31	1206743740597	1206743743383
32	1206687696375	1206687698518
32	1206687699882	1206687701162
32	1206687702404	1206687704638
32	1206690235441	1206690238898
32	1206691900430	1206691902290
32	1206701318582	1206701321553
32	1206704940327	1206704942691
32	1206704961447	1206704965305
32	1206705033482	1206705036421
32	1206705042622	1206705046405
32	1206705360719	1206705365955
32	1206711089273	1206711093295
32	1206711099989	1206711103965
32	1206712020235	1206712022761
32	1206712612124	1206712615398
32	1206713374726	1206713380284
32	1206713451523	1206713453697
32	1206714732560	1206714734480
32	1206716544587	1206716546473
32	1206717195180	1206717197460
32	1206718256748	1206718268702
32	1206720330928	1206720333706
32	1206720342323	1206720345263
32	1206720419733	1206720425690
32	1206720523105	1206720526703
32	1206723429954	1206723432152
32	1206723557589	1206723563858
32	1206728342628	1206728345418
33	1206659259489	1206659263154
33	1206659767901	1206659771314
33	1206691040379	1206691043730
33	1206702947807	1206702949796
33	1206702951794	1206702953651
33	1206702959436	1206702962217
33	1206702964890	1206702966843
33	1206702979612	1206702980880
33	1206702999331	1206703001449
33	1206704965947	1206704968757
33	1206704971334	1206704973582
33	1206709312288	1206709315299
33	1206709327727	1206709331272
33	1206709382422	1206709384959
33	1206709392672	1206709396113
33	1206711738521	1206711740495
33	1206711743809	1206711746324
33	1206711928478	1206711931994
33	1206711934828	1206711937542
34	1206659259949	1206659264441
34	1206659264967	1206659269708
34	1206659326539	1206659328824
34	1206659616166	1206659621874
34	1206659629247	1206659631387
34	1206659631849	1206659633925
34	1206659634493	1206659636829
34	1206659642316	1206659644883
34	1206659651825	1206659653942
34	1206659662183	1206659664559
34	1206659763577	1206659773128
34	1206702974874	1206702976697
34	1206704966705	1206704968593
34	1206704970496	1206704972634
34	1206709313157	1206709316919
34	1206709326877	1206709329200
34	1206709382954	1206709385780
34	1206709392404	1206709393973
34	1206711739197	1206711741941
34	1206711743972	1206711746744
34	1206711928745	1206711931746
34	1206711934264	1206711937864
36	1206702949123	1206702953783
36	1206702960958	1206702962351
36	1206702965979	1206702968605
36	1206702978733	1206702980131
36	1206702998134	1206703000741
36	1206704966958	1206704973147
36	1206709313649	1206709317398
36	1206709326321	1206709329557
36	1206709383408	1206709385196
36	1206709391908	1206709395168
36	1206711742573	1206711742783
36	1206711929628	1206711932759
36	1206711933672	1206711937404
37	1206702963210	1206702969676
37	1206702984107	1206702986919
37	1206702990458	1206702992856
37	1206702993648	1206702995452
37	1206702997315	1206702999837
37	1206704967617	1206704973382
37	1206709314461	1206709317181
37	1206709324451	1206709327879
37	1206709390995	1206709393973
37	1206711740217	1206711744781
37	1206711930249	1206711932377
37	1206711933804	1206711935976
38	1206702968605	1206702969812
38	1206711933395	1206711934556
39	1206687702652	1206687705530
39	1206690234501	1206690238276
39	1206691875124	1206691880181
39	1206691899614	1206691903293
39	1206701318273	1206701321344
39	1206701325921	1206701327999
39	1206704940631	1206704943744
39	1206704960537	1206704964591
39	1206705033705	1206705039292
39	1206705041173	1206705045526
39	1206705354455	1206705359351
39	1206705359975	1206705364134
39	1206711089628	1206711095551
39	1206711097901	1206711102333
39	1206711971998	1206711976835
39	1206712019102	1206712022520
39	1206712612476	1206712615613
39	1206713355553	1206713361268
39	1206713371935	1206713381711
39	1206713413127	1206713417952
39	1206713451197	1206713454388
39	1206716544850	1206716547380
39	1206717193684	1206717198473
39	1206718257809	1206718259820
39	1206720331183	1206720337976
39	1206720340345	1206720345135
39	1206720420616	1206720425369
39	1206723430531	1206723432312
39	1206723434211	1206723437812
39	1206723452515	1206723453678
39	1206723453930	1206723458251
39	1206723548272	1206723556140
39	1206723556508	1206723561505
40	1206691879877	1206691881347
40	1206704943465	1206704947312
40	1206713384436	1206713389566
40	1206713410111	1206713411836
40	1206713425687	1206713427575
40	1206723435640	1206723439632
41	1206690165699	1206690173796
41	1206691878756	1206691880695
41	1206701320393	1206701321835
41	1206704942409	1206704945616
41	1206704956553	1206704958260
41	1206711974589	1206711978691
41	1206712618855	1206712621821
41	1206713354308	1206713357687
41	1206713370624	1206713373962
41	1206713380423	1206713381515
41	1206713386610	1206713393296
41	1206713399856	1206713406625
41	1206713407333	1206713408683
41	1206713410829	1206713414420
41	1206713426635	1206713429650
41	1206713437462	1206713442623
41	1206713449911	1206713453620
41	1206723432312	1206723435392
41	1206723439420	1206723441981
41	1206723470131	1206723472798
42	1206687703116	1206687705180
42	1206690234765	1206690237753
42	1206691878566	1206691879740
42	1206691892810	1206691894762
42	1206691898330	1206691902787
42	1206704941112	1206704944906
42	1206704957517	1206704959299
42	1206704960188	1206704964591
42	1206705034787	1206705038605
42	1206705040324	1206705045405
42	1206705355619	1206705358524
42	1206705359764	1206705361772
42	1206711090488	1206711097516
42	1206711097546	1206711102745
42	1206711973177	1206711977525
42	1206711987718	1206711992307
42	1206712019102	1206712023740
42	1206712613425	1206712615856
42	1206713355282	1206713361980
42	1206713371935	1206713380738
42	1206713412560	1206713417276
42	1206713451421	1206713452463
42	1206717193684	1206717197132
42	1206720334372	1206720337334
42	1206720339782	1206720344599
42	1206723434895	1206723437812
42	1206723452635	1206723458451
42	1206723547858	1206723553538
42	1206723554258	1206723561505
43	1206687722191	1206687725811
43	1206687728958	1206687730682
43	1206688407191	1206688409905
43	1206689474490	1206689475578
43	1206689475962	1206689477819
43	1206689479960	1206689481825
43	1206689556140	1206689558209
43	1206689959925	1206689964146
43	1206689974453	1206689976111
43	1206689978249	1206689980364
43	1206689983467	1206689985937
43	1206689989572	1206689994842
43	1206689997626	1206689999534
43	1206690026831	1206690027945
43	1206690029260	1206690031282
43	1206690127124	1206690128967
43	1206690131514	1206690133239
43	1206690161797	1206690167707
43	1206690173320	1206690177571
43	1206690188640	1206690193933
43	1206690196827	1206690200812
43	1206690208255	1206690211693
43	1206690215451	1206690218882
43	1206690230763	1206690237599
43	1206691889402	1206691892177
43	1206704955326	1206704959106
43	1206711977676	1206711987324
43	1206711995152	1206711997275
43	1206712623856	1206712625144
43	1206712636147	1206712638650
43	1206712638870	1206712641204
43	1206712644503	1206712648850
43	1206712929790	1206712931266
43	1206712932660	1206712934218
43	1206713197589	1206713200628
43	1206713350814	1206713355843
43	1206713362116	1206713372861
43	1206713380879	1206713388279
43	1206713393572	1206713400178
43	1206713405177	1206713413280
43	1206713418593	1206713424234
43	1206713424410	1206713429519
43	1206713444374	1206713452463
43	1206716550367	1206716553865
43	1206717169905	1206717171741
43	1206717173491	1206717183561
43	1206723489234	1206723489369
43	1206723495375	1206723497197
43	1206723497657	1206723499260
44	1206687704302	1206687707580
44	1206687709222	1206687710846
44	1206687714393	1206687716497
44	1206687721141	1206687723117
44	1206690165179	1206690169554
44	1206690171148	1206690174592
44	1206690192935	1206690197717
44	1206690210345	1206690217128
44	1206690233412	1206690236443
44	1206691891287	1206691894131
44	1206701320117	1206701326161
44	1206704956243	1206704959884
44	1206711975959	1206711979337
44	1206711985568	1206711986782
44	1206711987196	1206711989790
44	1206711991723	1206711995534
44	1206711996831	1206712002721
44	1206712014265	1206712022520
44	1206712614609	1206712618202
44	1206712619269	1206712620933
44	1206712624447	1206712629537
44	1206713353700	1206713357975
44	1206713360671	1206713364277
44	1206713378730	1206713383508
44	1206713392427	1206713394970
44	1206713403729	1206713407337
44	1206713411293	1206713412922
44	1206713416312	1206713420472
44	1206713439191	1206713443564
44	1206713449781	1206713451765
44	1206716546512	1206716548393
44	1206717190117	1206717194993
44	1206723437510	1206723439586
44	1206723447988	1206723452366
44	1206723460567	1206723463855
44	1206723467147	1206723477280
44	1206723479703	1206723483228
44	1206723498395	1206723501369
44	1206723547732	1206723551468
45	1206704957260	1206704961746
45	1206705036541	1206705039438
45	1206705040204	1206705042978
45	1206711092963	1206711100268
45	1206711987452	1206711993598
45	1206713358581	1206713363195
45	1206713415250	1206713418731
45	1206720339904	1206720341814
45	1206723537359	1206723539850
45	1206723547296	1206723552528
