1	1199634629785	1199634632340
2	1199616799347	1199616800923
2	1199617103103	1199617108504
2	1199617123964	1199617129904
2	1199617136688	1199617140151
2	1199617153686	1199617154398
2	1199617181649	1199617188424
2	1199617194986	1199617197761
2	1199617199915	1199617204574
2	1199617211258	1199617216624
2	1199617222427	1199617228755
2	1199617260356	1199617262884
2	1199617272630	1199617277532
2	1199617289635	1199617292358
2	1199617295849	1199617299445
2	1199617306695	1199617313705
2	1199617469760	1199617472746
2	1199617503557	1199617504840
2	1199617561724	1199617564509
2	1199617631154	1199617636406
2	1199617756739	1199617759306
2	1199617896126	1199617901544
2	1199617955350	1199617959681
2	1199618011156	1199618013708
2	1199618071562	1199618074976
2	1199618076231	1199618078640
2	1199618080160	1199618082822
2	1199618244372	1199618245813
2	1199618250260	1199618251434
2	1199618252577	1199618258644
2	1199618296477	1199618299404
2	1199618303468	1199618304732
2	1199618305105	1199618309758
2	1199618319265	1199618321559
2	1199618416893	1199618428558
2	1199618433834	1199618437403
2	1199618465366	1199618465632
2	1199618466433	1199618468768
2	1199618625312	1199618627616
2	1199618858518	1199618859688
2	1199618880811	1199618882123
2	1199618955615	1199618956375
2	1199618956622	1199618959476
2	1199619006627	1199619009371
2	1199619371777	1199619374205
2	1199619456961	1199619458941
2	1199619459226	1199619465634
2	1199619505340	1199619506620
2	1199619520116	1199619522173
2	1199619523188	1199619526112
2	1199619526916	1199619533571
2	1199619550579	1199619554653
2	1199619557588	1199619559180
2	1199619561621	1199619562936
2	1199619567564	1199619570751
2	1199619592557	1199619594838
2	1199619638339	1199619639490
2	1199619656489	1199619658208
2	1199619661264	1199619663679
2	1199619707187	1199619709341
2	1199619715995	1199619720610
2	1199619721115	1199619723739
2	1199619816868	1199619822576
2	1199619843425	1199619845581
2	1199619915265	1199619916510
2	1199619982286	1199619984204
2	1199619995308	1199619996951
2	1199619998914	1199620002907
2	1199620014324	1199620020337
2	1199620020590	1199620021873
2	1199620086761	1199620088210
2	1199620098181	1199620100230
2	1199620105855	1199620111586
2	1199620153214	1199620155385
2	1199620216361	1199620218400
2	1199620268756	1199620273501
2	1199620291901	1199620298660
2	1199620344228	1199620349597
2	1199620360625	1199620366663
2	1199620372371	1199620375789
2	1199620377610	1199620383585
2	1199620435549	1199620437881
2	1199620451539	1199620454683
2	1199620505290	1199620507168
2	1199620507854	1199620510280
2	1199620530836	1199620536597
2	1199620917667	1199620922571
2	1199621029604	1199621032282
2	1199621091765	1199621097666
2	1199621156448	1199621157716
2	1199621165607	1199621166979
2	1199621227386	1199621233714
2	1199621509970	1199621513848
2	1199621522917	1199621525344
2	1199621531295	1199621532591
2	1199621879629	1199621881121
2	1199621882721	1199621885106
2	1199621947653	1199621950344
2	1199621973290	1199621982131
2	1199622070805	1199622072914
2	1199622086346	1199622091304
2	1199622093976	1199622100641
2	1199622273420	1199622276494
2	1199623006997	1199623009190
2	1199623021583	1199623026212
2	1199623070761	1199623073805
2	1199623078527	1199623079812
2	1199623080338	1199623086819
2	1199623516310	1199623520658
2	1199623827337	1199623834581
2	1199623956455	1199623960637
2	1199624067308	1199624072549
2	1199624140540	1199624143310
2	1199624259632	1199624260124
2	1199624270532	1199624276557
2	1199624295576	1199624297815
2	1199624302577	1199624305696
2	1199624401113	1199624405730
2	1199624463604	1199624466350
2	1199624480563	1199624481706
2	1199624582602	1199624585343
2	1199624588926	1199624591228
2	1199624592737	1199624599696
2	1199624828275	1199624831102
2	1199624871593	1199624872986
2	1199624960250	1199624962700
2	1199624994368	1199624998885
2	1199625025308	1199625027524
2	1199625029801	1199625032917
2	1199626563882	1199626566274
2	1199626605689	1199626608290
2	1199626608902	1199626613182
2	1199626625968	1199626628453
2	1199626642287	1199626642776
2	1199626724537	1199626724935
2	1199626736607	1199626741782
2	1199626979610	1199626982333
2	1199627191999	1199627194280
2	1199627357188	1199627359287
2	1199627387830	1199627390304
2	1199627489584	1199627491740
2	1199627620300	1199627625613
2	1199627662340	1199627663344
2	1199627702439	1199627704364
2	1199627795637	1199627796916
2	1199627954610	1199627956670
2	1199627976422	1199627982672
2	1199628010642	1199628016531
2	1199628159349	1199628160517
2	1199628187529	1199628189910
2	1199628220571	1199628223352
2	1199628255306	1199628261542
2	1199628753843	1199628755875
2	1199628759449	1199628764587
2	1199629224573	1199629226270
2	1199629240609	1199629241585
2	1199629241957	1199629246872
2	1199629274665	1199629280379
2	1199629308572	1199629308945
2	1199629325609	1199629326690
2	1199629524112	1199629529680
2	1199629532433	1199629534265
2	1199629991282	1199629991562
2	1199630111557	1199630113564
2	1199630901624	1199630906625
2	1199631416606	1199631417745
2	1199631419383	1199631422244
2	1199631425791	1199631427938
2	1199631555279	1199631558399
2	1199632627296	1199632634915
2	1199632745757	1199632747849
2	1199632759627	1199632762352
2	1199632820328	1199632827586
2	1199632973477	1199632980526
2	1199633155833	1199633158866
2	1199633201617	1199633202617
2	1199633213480	1199633218658
2	1199633253341	1199633255820
2	1199633258125	1199633261328
2	1199633480666	1199633484878
2	1199633871558	1199633881599
2	1199634034690	1199634035913
2	1199634102641	1199634104100
2	1199634136537	1199634137433
2	1199634197832	1199634200112
2	1199634311553	1199634314369
2	1199634324580	1199634326564
2	1199634462768	1199634465200
2	1199634625121	1199634630729
2	1199634639905	1199634641436
2	1199634658924	1199634663530
2	1199634669333	1199634671877
2	1199634821936	1199634824144
2	1199634837278	1199634839587
2	1199634853386	1199634854319
2	1199634867547	1199634870678
2	1199634870926	1199634874428
2	1199634877451	1199634884647
2	1199634905506	1199634909928
2	1199634912579	1199634918755
2	1199634919730	1199634930907
2	1199634945418	1199634948108
2	1199634952717	1199634956462
2	1199634957382	1199634959508
2	1199634961149	1199634964691
2	1199634980181	1199634989595
2	1199635004321	1199635006902
2	1199635011446	1199635020583
2	1199635041223	1199635043447
2	1199635047932	1199635050108
2	1199635057336	1199635064650
3	1199617129279	1199617131288
3	1199617131656	1199617137250
3	1199617470148	1199617476678
3	1199617484401	1199617486946
3	1199617500738	1199617502917
3	1199617513602	1199617515898
3	1199617633553	1199617637677
3	1199617689705	1199617697648
3	1199618295320	1199618300157
3	1199618318885	1199618321180
3	1199618334893	1199618336905
3	1199618337867	1199618343602
3	1199618348760	1199618350159
3	1199618383621	1199618385922
3	1199618387359	1199618388638
3	1199618389145	1199618394591
3	1199618395449	1199618402446
3	1199618403733	1199618405301
3	1199618405456	1199618411579
3	1199618418707	1199618420755
3	1199618431299	1199618432313
3	1199618467785	1199618479697
3	1199618482335	1199618486940
3	1199618496525	1199618499261
3	1199618502862	1199618506805
3	1199618565686	1199618569622
3	1199618582422	1199618586333
3	1199618622150	1199618624562
3	1199618666987	1199618669304
3	1199618673599	1199618675791
3	1199618688196	1199618690115
3	1199618691506	1199618694517
3	1199618695315	1199618700572
3	1199618700818	1199618706378
3	1199618707286	1199618709409
3	1199618723610	1199618723977
3	1199618752691	1199618755694
3	1199618769373	1199618774461
3	1199618793387	1199618795434
3	1199618845597	1199618848952
3	1199618879208	1199618881108
3	1199618912795	1199618914861
3	1199618922324	1199618924280
3	1199618926320	1199618931555
3	1199618943808	1199618948363
3	1199619098887	1199619100679
3	1199619125782	1199619128288
3	1199619128800	1199619130975
3	1199619210706	1199619213341
3	1199619213976	1199619219108
3	1199619227528	1199619228916
3	1199619234492	1199619236766
3	1199619238628	1199619244605
3	1199619248971	1199619252924
3	1199619257114	1199619262275
3	1199619279962	1199619282179
3	1199619282443	1199619285675
3	1199619313709	1199619315934
3	1199619320141	1199619329644
3	1199619351101	1199619353376
3	1199619367203	1199619371157
3	1199619391719	1199619400770
3	1199619401662	1199619403967
3	1199619523437	1199619570260
3	1199619592309	1199619596237
3	1199619699928	1199619703820
3	1199619704436	1199619709580
3	1199619825284	1199619830759
3	1199619944289	1199619946464
3	1199619998970	1199620001322
3	1199620034407	1199620036339
3	1199620095296	1199620098581
3	1199620122850	1199620128620
3	1199620167478	1199620169463
3	1199620258668	1199620259956
3	1199620302435	1199620304690
3	1199620322502	1199620324782
3	1199620327698	1199620332607
3	1199620424248	1199620426598
3	1199620428385	1199620435144
3	1199620496241	1199620497515
3	1199620984271	1199620986665
3	1199621156944	1199621159121
3	1199621185783	1199621189797
3	1199621510889	1199621522622
3	1199622263166	1199622271893
3	1199622278357	1199622279647
3	1199622279937	1199622287636
3	1199622291671	1199622295872
3	1199622298544	1199622305968
3	1199623023483	1199623028219
3	1199623035572	1199623036588
3	1199623069991	1199623073168
3	1199623074952	1199623082145
3	1199624949360	1199624956577
3	1199628767294	1199628772513
3	1199628798658	1199628804687
3	1199628833187	1199628839364
3	1199629223686	1199629229650
3	1199629275337	1199629279241
3	1199629313979	1199629316201
3	1199629354374	1199629362495
3	1199629362990	1199629369593
3	1199629379645	1199629384236
3	1199629386294	1199629388724
3	1199629396267	1199629396520
3	1199629414507	1199629416754
3	1199629421510	1199629427657
3	1199629923321	1199629927318
3	1199629928828	1199629931620
3	1199629937721	1199629938305
3	1199629988571	1199629993606
3	1199629996767	1199629998136
3	1199630081848	1199630084168
3	1199630148987	1199630150147
3	1199630150399	1199630151674
3	1199630159205	1199630161907
3	1199630335164	1199630339340
3	1199630340680	1199630354760
3	1199630399301	1199630403443
3	1199630569263	1199630571611
3	1199630646123	1199630651615
3	1199630821577	1199630829190
3	1199630872676	1199630873518
3	1199630883393	1199630893665
3	1199631402837	1199631407437
3	1199631425546	1199631433604
3	1199632746986	1199632751207
3	1199632765823	1199632769926
3	1199634945157	1199634953889
3	1199634981706	1199634993567
3	1199634995905	1199635006283
4	1199632190913	1199632199797
4	1199632227677	1199632232561
4	1199632244877	1199644239225
4	1199644239942	1199644251603
4	1199644306130	1199644311594
4	1199650209674	1199650218619
5	1199632192467	1199632198755
6	1199644204502	1199644208984
6	1199650276788	1199650280507
7	1199615753973	1199615762463
7	1199615762829	1199615771452
7	1199615777325	1199615780612
7	1199615787827	1199615796365
7	1199616372137	1199616375919
7	1199616796646	1199616800548
7	1199617021583	1199617025472
7	1199617074240	1199617077943
7	1199617079988	1199617085675
7	1199617089331	1199617093813
7	1199617102575	1199617102835
7	1199617170612	1199617173471
7	1199617175930	1199617178482
7	1199617299166	1199617301490
7	1199617674942	1199617680944
7	1199617683313	1199617688185
7	1199617816527	1199617817813
7	1199617819274	1199617824508
7	1199618593404	1199618602964
7	1199619045548	1199619046701
7	1199619048476	1199619057580
7	1199619058887	1199619060340
7	1199619723340	1199619723984
7	1199620114428	1199620118776
7	1199620899920	1199620901869
7	1199621151328	1199621153279
7	1199621155561	1199621157342
7	1199621234833	1199621237368
7	1199621617975	1199621625662
7	1199621641637	1199621644279
7	1199621645557	1199621648110
7	1199621648618	1199621658681
7	1199621831662	1199621833957
7	1199621854444	1199621862699
7	1199621896618	1199621901792
7	1199621967307	1199621968954
7	1199622106295	1199622109361
7	1199622312927	1199622315495
7	1199622341303	1199622343332
7	1199623471776	1199623485645
7	1199623728107	1199623732773
7	1199623835846	1199623840133
7	1199623841853	1199623851547
7	1199624587212	1199624593225
7	1199624610975	1199624626350
7	1199624627365	1199624638886
7	1199624930908	1199624935106
7	1199625008152	1199625015867
7	1199625019683	1199625027278
7	1199626515974	1199626520602
7	1199626522125	1199626524520
7	1199626527191	1199626543783
7	1199626546214	1199626547491
7	1199626577435	1199626580238
7	1199626580612	1199626592690
7	1199626664343	1199626666671
7	1199626683771	1199626690668
7	1199626973807	1199626980601
7	1199627099285	1199627107279
7	1199627115599	1199627116470
7	1199627439926	1199627441309
7	1199627461408	1199627463835
7	1199627517937	1199627523532
7	1199628135576	1199628139486
7	1199628186694	1199628191646
7	1199629214824	1199629332833
7	1199632667690	1199632778698
7	1199633174811	1199633177516
7	1199633204499	1199633206673
7	1199633225690	1199633230353
7	1199633400785	1199633406879
7	1199633417336	1199633425304
7	1199633431952	1199633434653
7	1199633473763	1199633477573
7	1199633483985	1199633491126
7	1199633817412	1199633819599
7	1199634307634	1199634317478
7	1199634623698	1199634634683
7	1199634635190	1199634646614
7	1199634647817	1199634656152
7	1199634823232	1199634825236
7	1199634843552	1199634850945
7	1199634851751	1199634857735
7	1199634877837	1199634878330
7	1199634890958	1199634896354
7	1199634923832	1199634940437
7	1199634969611	1199634970659
7	1199634972652	1199634974691
7	1199634977629	1199634979548
7	1199635009158	1199635024461
7	1199635025723	1199635029622
8	1199615759562	1199615759824
8	1199616850607	1199616854399
8	1199616855236	1199616864567
8	1199617127255	1199617129537
8	1199617221640	1199617225545
8	1199617275892	1199617280760
8	1199617295221	1199617298915
8	1199624944731	1199624949872
8	1199624980140	1199624993296
8	1199624993562	1199625007576
8	1199625024797	1199625029499
8	1199625030298	1199625036378
8	1199626506645	1199626511497
8	1199626555539	1199626566884
8	1199626608646	1199626612233
8	1199627152317	1199627155627
8	1199627170236	1199627173295
8	1199628187242	1199628190326
8	1199628748322	1199628750807
8	1199628754610	1199628758668
8	1199629206674	1199629207465
8	1199629219637	1199629328337
8	1199629342667	1199629343603
8	1199629520701	1199629524383
8	1199630023743	1199630028794
8	1199630369682	1199630371711
8	1199631749343	1199631751864
8	1199631767470	1199631776294
8	1199632627196	1199632630275
8	1199632630876	1199632643354
8	1199632643978	1199632648919
8	1199632692221	1199632725579
8	1199632745356	1199632749990
8	1199632767215	1199632777566
8	1199633257854	1199633262972
8	1199633395953	1199633399897
8	1199634876315	1199634878699
8	1199634889818	1199634893674
8	1199634921353	1199634924130
8	1199634953587	1199634964317
8	1199634979933	1199634986625
8	1199635004523	1199635008414
8	1199635027742	1199635040260
8	1199635040769	1199635054795
8	1199635055169	1199635062543
9	1199616799732	1199616801687
9	1199616851226	1199616855384
9	1199617018906	1199617021202
9	1199624957301	1199624961176
9	1199624961421	1199624965959
9	1199625031698	1199625036622
9	1199625048587	1199625050274
9	1199626554610	1199626557339
9	1199627158688	1199627161375
9	1199627169700	1199627172862
9	1199628768472	1199628781619
9	1199628810963	1199628816736
9	1199628818317	1199628820474
9	1199628836692	1199628842290
9	1199628849715	1199628854395
9	1199628869306	1199628873518
9	1199628875817	1199628883663
9	1199628884663	1199628887166
9	1199628891639	1199628896859
9	1199628904334	1199628910343
9	1199628910599	1199628921340
9	1199628921725	1199628929684
9	1199628934616	1199628943133
9	1199628943860	1199628945826
9	1199628946634	1199628960352
9	1199628961481	1199628968636
9	1199628970316	1199628974826
9	1199628977393	1199628988352
9	1199628989499	1199628996160
9	1199628997887	1199629003479
9	1199629008135	1199629041100
9	1199629042762	1199629048242
9	1199629053657	1199629058761
9	1199629063306	1199629065865
9	1199629066117	1199629070781
9	1199629073371	1199629074754
9	1199629075171	1199629078574
9	1199629078866	1199629083124
9	1199629088494	1199629093288
9	1199629093525	1199629104534
9	1199629109744	1199629115483
9	1199629126774	1199629141828
9	1199629142770	1199629145440
9	1199629155715	1199629167407
9	1199629172527	1199629175266
9	1199629178725	1199629182165
9	1199629189766	1199629192311
9	1199629193214	1199629195546
9	1199629346585	1199629348605
9	1199629587563	1199629598841
9	1199629607260	1199629610425
9	1199629723862	1199629727158
9	1199629774636	1199629789208
9	1199629821289	1199629827238
9	1199629839582	1199629844764
9	1199629857395	1199629860460
9	1199629863659	1199629869577
9	1199629876678	1199629879738
9	1199629907751	1199629916102
9	1199629921709	1199629925655
9	1199629955926	1199629958229
9	1199629960608	1199629965481
9	1199629971736	1199629974330
9	1199629997391	1199630006847
9	1199630008327	1199630010502
9	1199630011536	1199630017710
9	1199630079931	1199630084679
9	1199630112684	1199630118116
9	1199630128244	1199630141597
9	1199630160139	1199630166691
9	1199630170581	1199630178272
9	1199630179762	1199630198422
9	1199630203268	1199630209597
9	1199630215894	1199630218869
9	1199630222764	1199630226768
9	1199630232307	1199630238714
9	1199630254650	1199630273437
9	1199630277711	1199630306844
9	1199630319802	1199630328601
9	1199630333514	1199630335836
9	1199630367392	1199630373203
9	1199630400758	1199630418314
9	1199630418570	1199630440760
9	1199630455306	1199630459454
9	1199630503254	1199630509764
9	1199630519345	1199630532665
9	1199630538544	1199630552339
9	1199630556353	1199630566562
9	1199630584524	1199630589199
9	1199630639715	1199630656286
9	1199630668533	1199630673683
9	1199630685595	1199630686486
9	1199630706116	1199630714506
9	1199630719720	1199630729359
9	1199630790332	1199630805137
9	1199630807361	1199630808873
9	1199630811699	1199630822600
9	1199630825227	1199630844694
9	1199630859926	1199630866460
9	1199630873274	1199630880602
9	1199630881617	1199630914872
9	1199630915304	1199631015736
9	1199631318103	1199631322202
9	1199631325620	1199631326854
9	1199631426674	1199631437749
9	1199631556593	1199631561132
9	1199631766590	1199631768858
9	1199631901441	1199631917841
9	1199631929298	1199631930641
9	1199631930914	1199631938487
9	1199632746147	1199632752316
9	1199632760999	1199632768875
9	1199632769326	1199632771686
9	1199633258750	1199633263376
9	1199633395440	1199633397728
9	1199634873251	1199634878940
9	1199634890713	1199634901657
9	1199635029377	1199635037628
9	1199635065290	0
10	1199629428122	1199629428906
10	1199630693580	1199630695547
10	1199632190930	1199632192838
10	1199632249836	1199632252291
10	1199644259713	1199644268573
10	1199644275656	1199644292648
10	1199644314562	1199644325899
10	1199644330119	1199644341746
10	1199644398782	1199644404578
10	1199644438648	1199644438908
10	1199644441373	1199644445343
10	1199644458906	1199644461728
10	1199644463888	1199644467958
10	1199644501400	1199644506571
10	1199644543268	1199644545356
10	1199644604148	1199644609561
10	1199645224280	1199645228248
10	1199645237607	1199645237859
10	1199645886432	1199645890904
10	1199645891393	1199645895104
10	1199645946489	1199645951611
10	1199645973496	1199645975913
10	1199645996376	1199646002601
10	1199646240622	1199646241188
10	1199646253809	1199646257744
10	1199646291591	1199646294328
10	1199646413366	1199646420379
10	1199647051281	1199647057962
10	1199647158610	1199647162182
10	1199647370130	1199647372491
10	1199647388637	1199647389192
10	1199647430670	1199647438825
10	1199647440852	1199647450850
10	1199647673255	1199647674425
10	1199647676218	1199647680175
10	1199647776906	1199647779601
10	1199648240776	1199648246609
10	1199648246873	1199648248898
10	1199648733216	1199648739528
10	1199648743540	1199648751859
10	1199648790675	1199648799996
10	1199648810366	1199648817379
10	1199648847708	1199648850918
10	1199648999856	1199649001745
10	1199649198647	1199649201390
10	1199649209325	1199649209777
10	1199649396505	1199649402704
10	1199649419560	1199649427560
10	1199649428938	1199649436603
10	1199649514559	1199649516336
10	1199649629605	1199649631396
10	1199649641358	1199649647419
10	1199649650620	1199649652131
10	1199649703326	1199649708581
10	1199649720582	1199649733834
10	1199649782305	1199649785495
10	1199649786247	1199649793591
10	1199649813410	1199649815992
10	1199649853792	1199649856837
10	1199650126574	1199650127616
10	1199650167565	1199650171444
10	1199650201628	1199650207883
10	1199650235544	1199650236655
10	1199650238616	1199650244887
10	1199650246531	1199650253541
11	1199629449311	1199629456394
11	1199629637774	1199629641838
11	1199630488154	1199630491868
11	1199630574713	1199630578468
11	1199630694756	1199630702670
11	1199632188791	1199632193290
11	1199632258230	1199632260407
11	1199632260915	1199632271387
11	1199632271968	1199632278147
11	1199632278763	1199632294943
11	1199632303463	1199632305743
11	1199632311870	1199632317550
11	1199632335525	1199632337553
11	1199632371350	1199632375801
11	1199632377193	1199632380112
11	1199632380998	1199632385641
11	1199632390608	1199632393153
11	1199632412126	1199632414219
11	1199632430678	1199632438116
11	1199632440755	1199632444570
11	1199632447392	1199632448546
11	1199632487598	1199632490330
11	1199632494409	1199632499231
11	1199632499599	1199632507438
11	1199632509851	1199632511615
11	1199632560563	1199632561739
11	1199632563897	1199632566447
11	1199632573113	1199632579935
11	1199632582361	1199632590103
11	1199632590486	1199632594142
11	1199632594905	1199632597494
11	1199632598386	1199632610168
11	1199632644475	1199632645612
11	1199644195317	1199644203304
11	1199644211133	1199644221823
11	1199644222410	1199644234666
11	1199644246884	1199644262276
11	1199644286839	1199644291505
11	1199644314774	1199644319545
11	1199649730700	1199649735412
11	1199650252532	1199650263644
12	1199644209614	1199644212141
12	1199650260301	1199650263894
12	1199650269667	1199650277444
12	1199650280251	0
13	1199644208222	1199644211637
13	1199650262101	1199650264400
13	1199650274209	1199650277823
13	1199650279867	0
14	1199616800125	1199616802187
14	1199624978832	1199624980881
14	1199626980961	1199626982977
14	1199627150916	1199627152671
14	1199628444374	1199628448358
14	1199628513815	1199628517923
14	1199628629144	1199628631280
14	1199628636625	1199628638788
14	1199628653871	1199628657324
14	1199628719718	1199628724182
14	1199629586403	1199629588448
14	1199629622414	1199629624649
14	1199629671129	1199629677426
14	1199629722330	1199629725382
14	1199629744604	1199629754792
14	1199630026378	1199630029853
14	1199630091202	1199630094960
14	1199630737158	1199630740462
14	1199630940527	1199630961750
14	1199630968426	1199630974622
14	1199630975170	1199630977876
14	1199630979690	1199630984129
14	1199630997424	1199630999832
14	1199631013463	1199631016111
14	1199631081497	1199631083936
14	1199631103304	1199631105886
14	1199631149179	1199631153603
14	1199631238744	1199631240813
14	1199631315405	1199631334371
14	1199631393696	1199631403945
14	1199631434850	1199631437237
14	1199631451267	1199631456622
14	1199631484646	1199631484891
14	1199631679397	1199631681701
14	1199631723455	1199631727538
14	1199631747558	1199631757207
14	1199631800126	1199631801314
14	1199631808426	1199631810754
14	1199631811753	1199631814784
14	1199631936492	1199631938252
14	1199631946318	1199631947582
14	1199631961260	1199631965302
15	1199616841876	1199616847577
15	1199616864935	1199616868174
15	1199617068725	1199617069390
15	1199624958890	1199624962200
15	1199625041675	1199625043708
15	1199625048654	1199625051296
15	1199626503938	1199626506931
15	1199626980213	1199626984825
15	1199627150430	1199627152947
15	1199627159988	1199627162117
15	1199628189342	1199628192684
15	1199628261983	1199628263786
15	1199628288599	1199628291331
15	1199628309670	1199628312385
15	1199628348424	1199628356609
15	1199628379411	1199628382114
15	1199628398910	1199628410632
15	1199628413172	1199628418136
15	1199628418376	1199628424655
15	1199628430799	1199628432830
15	1199628441591	1199628460734
15	1199628461441	1199628468939
15	1199628475658	1199628482474
15	1199628486410	1199628497608
15	1199628514703	1199628518180
15	1199628531385	1199628536661
15	1199628543527	1199628546279
15	1199628550326	1199628553892
15	1199628554372	1199628560669
15	1199628563269	1199628569434
15	1199628571883	1199628577770
15	1199628578507	1199628581324
15	1199628582346	1199628584257
15	1199628586580	1199628597371
15	1199628602699	1199628611561
15	1199628628662	1199628632540
15	1199628653621	1199628662631
15	1199628679657	1199628682346
15	1199628696560	1199628700791
15	1199628719323	1199628725455
15	1199628733367	1199628739550
15	1199628747631	1199628750571
15	1199629444639	1199629449913
15	1199629452408	1199629455125
15	1199629456126	1199629461691
15	1199629512562	1199629513255
15	1199629519210	1199629522223
15	1199629531562	1199629537464
15	1199629585762	1199629588203
15	1199629608252	1199629614763
15	1199629622115	1199629631625
15	1199629636182	1199629643718
15	1199629653281	1199629660268
15	1199629665556	1199629668347
15	1199629670876	1199629682700
15	1199629686928	1199629688837
15	1199629693254	1199629700361
15	1199629702392	1199629704648
15	1199629722624	1199629724152
15	1199629743834	1199629750767
15	1199629753450	1199629755303
15	1199629762240	1199629767662
15	1199630026762	1199630030513
15	1199630078535	1199630081232
15	1199630091592	1199630093889
15	1199630101241	1199630107781
15	1199630737426	1199630739331
15	1199630839847	1199630858360
15	1199630917965	1199630923618
15	1199630946405	1199630948437
15	1199630957593	1199630957956
15	1199630958461	1199630962623
15	1199630978805	1199630984702
15	1199630991562	1199630992521
15	1199630994888	1199631008692
15	1199631014875	1199631019318
15	1199631032747	1199631042683
15	1199631052159	1199631059627
15	1199631068370	1199631087753
15	1199631093559	1199631098456
15	1199631100879	1199631110686
15	1199631113320	1199631120138
15	1199631127601	1199631129761
15	1199631151579	1199631161580
15	1199631162949	1199631164299
15	1199631164806	1199631167746
15	1199631168130	1199631170818
15	1199631173913	1199631178697
15	1199631183961	1199631185246
15	1199631185822	1199631195551
15	1199631202615	1199631212591
15	1199631220415	1199631232563
15	1199631232968	1199631235148
15	1199631237852	1199631246672
15	1199631249301	1199631254504
15	1199631269376	1199631271535
15	1199631273415	1199631283517
15	1199631286472	1199631297624
15	1199631297879	1199631304983
15	1199631315687	1199631318965
15	1199631331731	1199631340171
15	1199631348595	1199631356648
15	1199631382663	1199631385761
15	1199631392675	1199631403333
15	1199631436333	1199631438781
15	1199631450625	1199631453699
15	1199631453955	1199631473870
15	1199631476686	1199631485134
15	1199631490446	1199631493125
15	1199631508724	1199631512427
15	1199631518626	1199631528484
15	1199631529482	1199631535582
15	1199631545483	1199631552604
15	1199631558891	1199631560888
15	1199631574783	1199631580519
15	1199631581925	1199631589779
15	1199631590179	1199631596468
15	1199631597886	1199631608538
15	1199631615930	1199631638337
15	1199631643817	1199631655605
15	1199631664862	1199631671607
15	1199631674304	1199631683476
15	1199631698993	1199631705564
15	1199631706812	1199631709308
15	1199631711867	1199631714806
15	1199631715315	1199631717796
15	1199631722620	1199631732275
15	1199631739602	1199631751622
15	1199631756680	1199631769114
15	1199631774146	1199631780381
15	1199631797980	1199631818728
15	1199631829393	1199631841585
15	1199631846665	1199631851150
15	1199631878435	1199631880483
15	1199631892612	1199631893495
15	1199631899922	1199631903122
15	1199631936508	1199631952293
15	1199631960605	1199631971276
15	1199631996209	1199632002420
15	1199632016592	1199632036454
15	1199632045566	1199632051646
15	1199632052281	1199632062704
15	1199632079579	1199632087274
15	1199632087393	1199632089665
15	1199632091946	1199632102248
15	1199632118303	1199632124558
15	1199632148680	1199632153983
15	1199632159571	1199632164814
15	1199632169338	1199632181655
15	1199632183655	1199632187770
15	1199632188409	1199632194627
15	1199632330136	1199632337815
15	1199632344137	1199632351630
15	1199632360529	1199632387828
15	1199632392515	1199632396995
15	1199632402745	1199632406884
15	1199632409660	1199632419649
15	1199632619572	1199632623805
15	1199632767576	1199632769563
15	1199633261829	1199633264422
15	1199633394658	1199633396592
15	1199644084361	1199644086592
16	1199624966828	1199624968737
16	1199625042688	1199626506283
16	1199627160368	1199627166933
16	1199628259672	1199628262849
16	1199628379665	1199628380812
16	1199628429919	1199628435249
16	1199628735957	1199628737272
16	1199629278371	1199629280672
16	1199629466949	1199629471703
16	1199629520455	1199629532837
16	1199629615290	1199629617538
16	1199629641342	1199629666198
16	1199629672816	1199629676659
16	1199629686669	1199629689286
16	1199629737843	1199629739219
16	1199629740519	1199629742681
16	1199629789833	1199629793274
16	1199629795443	1199629801791
16	1199629805721	1199629808784
16	1199629824780	1199629826944
16	1199629903657	1199629907511
16	1199630486695	1199630490465
16	1199632190500	1199632193803
16	1199632329471	1199632343229
16	1199632343828	1199632346643
16	1199632667978	1199632674634
16	1199635072656	1199635075764
17	1199628271627	1199628275363
17	1199628324749	1199628326931
17	1199628329450	1199628334185
17	1199628346535	1199628350984
17	1199628458691	1199628459418
17	1199628462647	1199628465899
17	1199628518562	1199628521510
17	1199628618718	1199628620981
17	1199628663296	1199628665597
17	1199628857475	1199628859639
17	1199629071317	1199629073637
17	1199629435800	1199629439799
17	1199629615603	1199629617930
17	1199629642206	1199629648593
17	1199629652861	1199629659108
17	1199629694609	1199629708343
17	1199629737409	1199629741251
17	1199629741278	1199629758312
17	1199629759547	1199629768324
17	1199629835646	1199629837141
17	1199629843764	1199629846405
17	1199629852589	1199629856778
17	1199629862375	1199629886594
17	1199629889341	1199629893416
17	1199629908758	1199629912414
17	1199629914973	1199629926167
17	1199629930924	1199629940292
17	1199629942204	1199629955399
17	1199629960901	1199629965246
17	1199630487873	1199630490721
17	1199632205533	1199632208465
17	1199632208827	1199632215561
17	1199632628896	1199632632329
17	1199632647788	1199632651658
17	1199644193651	1199644200647
17	1199649732765	1199649735159
18	1199629430266	1199629434695
21	1199629468732	1199629472343
21	1199629517181	1199629519702
21	1199629555366	1199629557647
21	1199629568635	1199629572522
21	1199629573175	1199629580597
21	1199629583858	1199629586312
21	1199629761608	0
22	1199628516496	1199628520627
22	1199628595873	1199628599414
22	1199628614786	1199628619869
22	1199629451480	1199629455370
22	1199629462146	1199629465928
22	1199629549314	1199629551354
22	1199629563636	1199629565437
22	1199629568393	1199629571176
22	1199629703783	1199629707512
22	1199629754202	1199629758228
22	1199630028477	1199630032521
22	1199630044194	1199630046891
22	1199630048409	1199630056580
22	1199630093360	1199630096799
22	1199630099484	1199630102499
22	1199630841607	1199630844110
22	1199632635304	0
23	1199616801419	1199616805356
23	1199616867319	1199616872637
23	1199624959706	1199624960922
23	1199626503566	1199626504309
23	1199627149623	1199628193431
23	1199628241760	1199628243826
23	1199628530401	1199628531656
23	1199629518848	1199629521631
23	1199629550535	1199629552926
23	1199629705264	1199629735142
23	1199629742174	1199629745372
23	1199629840214	1199629847805
23	1199629855635	1199629860709
23	1199629906766	1199629908999
23	1199629909238	1199629921861
23	1199630065649	1199630067955
23	1199630073601	1199630073854
23	1199630076738	1199630079171
23	1199630622782	1199630634725
23	1199630643771	1199630655302
23	1199630663413	1199630673599
23	1199630674563	1199630680180
23	1199630686994	1199630691290
23	1199630692819	1199630744389
23	1199630770680	1199630782317
23	1199630782611	1199630795282
23	1199630797186	1199630807984
23	1199630813101	1199630860987
23	1199630861356	1199630863635
23	1199630881246	1199630889641
23	1199631013199	1199631015247
23	1199631015492	1199631025741
23	1199631062268	1199631063649
23	1199631079330	1199631084562
23	1199631138653	1199631147284
23	1199631147530	1199631150187
23	1199631153998	1199631168510
23	1199631200329	1199631206422
23	1199631216689	1199631221555
23	1199631286849	1199631298648
23	1199631301151	1199631303318
23	1199631321338	1199631332139
23	1199631332760	1199631335954
23	1199631336988	1199631341554
23	1199631342939	1199631351300
23	1199631354116	1199631358849
23	1199631359946	1199631400996
23	1199631409370	1199631461336
23	1199631470320	1199631501799
23	1199631504388	1199631538313
23	1199631562912	1199631578738
23	1199631579373	1199631610333
23	1199631610709	1199631623307
23	1199631642152	1199631662287
23	1199631664478	1199631665350
23	1199631724108	1199631734197
23	1199631742577	1199631748464
23	1199631750498	1199631761224
23	1199631798414	1199631809463
23	1199631812243	1199631831248
23	1199631844368	1199631861535
23	1199631862491	1199631868909
23	1199631875581	1199631882314
23	1199631882627	1199631896612
23	1199631913993	1199631944454
23	1199632016103	1199632029407
23	1199632031248	1199632032390
23	1199632034167	1199632037973
23	1199632049222	1199632054192
23	1199632067543	1199632071695
23	1199632082265	1199632096554
23	1199632100472	1199632113615
23	1199632116897	1199632135723
23	1199632139150	1199632149789
23	1199632156779	1199632187491
23	1199632193547	1199632218293
23	1199632219125	1199632222557
23	1199632257574	1199632260290
23	1199632388545	1199632390991
23	1199644085936	1199644087457
24	1199615736425	1199615742656
24	1199616839518	1199616841468
24	1199616881645	1199616884281
24	1199616908791	1199616915674
24	1199617006826	1199617009786
24	1199617017657	1199617018138
24	1199624960506	1199624963852
24	1199624964703	1199624968492
24	1199625045347	1199625048376
24	1199626983330	1199626987967
24	1199627093583	1199627098708
24	1199627161805	1199627169340
24	1199628203625	1199628206275
24	1199628223808	1199628225880
24	1199628317952	1199628322800
24	1199628332403	1199628339577
24	1199628343199	1199628348182
24	1199629733623	1199629736517
24	1199629770307	1199629784554
24	1199629967113	1199629979143
24	1199630050441	1199630080440
24	1199630083529	1199630085441
24	1199630090675	1199630098576
24	1199630099263	1199630116980
24	1199630118357	1199630124657
24	1199630125379	1199630135650
24	1199630135895	1199630145918
24	1199630146305	1199630152567
24	1199630153331	1199630159875
24	1199630170792	1199630178507
24	1199630180516	1199630182415
24	1199630271233	1199630283568
24	1199630294692	1199630295891
24	1199630299589	1199630304857
24	1199630316626	1199630323227
24	1199630345580	1199630347109
24	1199630352826	1199630362685
24	1199630382854	1199630387589
24	1199630391540	1199630399806
24	1199630457943	1199630459847
24	1199630467319	1199630470943
24	1199630475641	1199630484374
24	1199630484626	1199630489322
24	1199630491358	1199630498611
24	1199630499149	1199630507837
24	1199630518641	1199630520856
24	1199630523568	1199630524824
24	1199630525449	1199630535647
24	1199630536523	1199630537792
24	1199630542247	1199630550797
24	1199630550977	1199630553401
24	1199630555783	1199630560382
24	1199630561902	1199630572917
24	1199630583588	1199630584363
24	1199630587504	1199630591179
24	1199630591794	1199630600655
24	1199630607489	1199630610194
24	1199630610649	1199630620994
24	1199631247208	1199631253673
24	1199631267721	1199631269870
24	1199631280600	1199631283273
24	1199631547672	1199631555817
24	1199631632280	1199631637706
24	1199631764150	1199631768102
24	1199631790704	1199631791601
24	1199631793358	1199631796265
24	1199631967447	1199631967760
24	1199631982795	1199631987962
24	1199632097566	1199632099441
24	1199632368722	1199632370101
24	1199632374792	1199632378353
24	1199632392263	1199632394688
24	1199632470664	1199632471308
24	1199632474212	1199632479924
24	1199632480877	1199632493766
24	1199632494913	1199632505469
24	1199632510940	1199632512885
24	1199632515548	1199632525899
24	1199632526535	1199632530116
24	1199632572616	1199632578415
24	1199632584299	1199632606642
24	1199632609494	1199632612674
24	1199632617801	1199632626405
24	1199632640654	1199632644723
24	1199632649922	1199632657680
24	1199632771783	1199632776608
24	1199633264406	1199633269732
24	1199633392737	1199633394297
24	1199635074306	1199635077526
24	1199644076989	1199644081603
24	1199644086565	1199644088602
24	1199644106687	1199644110948
24	1199644116128	1199644120119
24	1199649733557	1199649736204
24	1199649771545	1199649776628
24	1199650286670	1199650287344
25	1199630396663	1199630401782
25	1199630416651	1199630420875
25	1199630422668	1199630431202
25	1199630441749	1199630447543
25	1199630450336	1199630455271
25	1199630468327	1199630481622
25	1199634348650	1199634357651
25	1199644106649	1199644108647
25	1199644118354	1199644121126
25	1199644191135	1199644193159
25	1199649734343	1199649737875
25	1199649770918	1199650287740
27	1199628518945	1199628528108
27	1199628616942	1199628623390
27	1199629463471	1199629468481
27	1199629473127	1199629478976
27	1199629486174	1199629487323
27	1199629487617	1199629490319
27	1199629554355	1199629556386
27	1199629587807	1199629590345
27	1199629706375	1199629709730
27	1199629759476	1199629761243
27	1199630094692	0
28	1199617005426	1199617006579
28	1199628212352	1199628214553
28	1199628237687	1199628240353
28	1199628298203	1199628308561
28	1199629450553	1199629452699
28	1199629465162	1199629469270
28	1199629470296	1199629478599
28	1199629699609	1199629704280
28	1199629707247	1199629716595
28	1199629757588	1199629762475
28	1199629811628	1199629818663
28	1199629948382	1199629954664
28	1199630051422	1199630061577
28	1199630739695	1199630742266
28	1199630746760	1199630753663
28	1199630843270	1199630846142
28	1199630850314	1199630855630
28	1199630941223	1199630943358
29	1199616898661	1199616900146
29	1199617002146	1199617005820
29	1199626985577	1199626987586
29	1199627136637	1199627141758
29	1199628296426	1199628299719
29	1199628340109	1199628342965
29	1199629740115	1199629744348
29	1199629790330	1199629793293
29	1199629981895	1199629983560
29	1199629995375	1199629997894
29	1199630043683	1199630050675
29	1199630184561	1199630184571
29	1199630219767	1199630221684
29	1199630263299	1199630269327
29	1199630348590	1199630356546
29	1199630367127	1199630372152
29	1199630433356	1199630438808
29	1199630440516	1199630442608
29	1199630442922	1199630448119
29	1199630740706	1199630743790
29	1199630844400	1199630847571
29	1199633391961	1199633393641
30	1199616830682	1199616834406
30	1199617008362	1199617011313
30	1199624961685	1199624966583
30	1199625047116	1199625059804
30	1199626985320	1199626996609
30	1199627135709	1199627138941
30	1199628191934	1199628195463
30	1199629738582	1199629742426
30	1199630048899	1199630051179
30	1199630229931	1199630234315
30	1199630234888	1199630236874
30	1199630237602	1199630243572
30	1199630244312	1199630253440
30	1199630741743	1199630747662
30	1199632624693	1199632628533
30	1199633388597	1199633395706
30	1199635075249	1199635078526
30	1199644103459	1199644105493
30	1199649734752	1199649742672
31	1199615728577	1199615731696
31	1199616833842	1199616841466
31	1199625058654	1199625062906
31	1199626487657	1199626494211
31	1199627090377	1199627093312
31	1199627135310	1199627137321
31	1199628193116	1199630486159
31	1199634365530	1199634374713
31	1199635076890	1199635088624
31	1199644186329	1199644188376
31	1199649768734	1199650290397
32	1199616835213	1199616837473
32	1199634306655	1199634310568
32	1199634345476	1199634348916
32	1199644067364	1199644069957
32	1199644149645	1199644152604
32	1199644183697	1199644189488
33	1199628526587	1199628529465
39	1199634306946	1199634309312
39	1199634312273	1199634313449
39	1199634344849	1199634347898
39	1199643974461	1199643982333
39	1199644055601	1199644064515
39	1199644065650	1199644069181
39	1199644150534	1199644154190
39	1199644175293	1199644188613
40	1199643980976	1199643987699
40	1199644025945	1199644031155
40	1199644038565	1199644040821
40	1199644160975	0
41	1199643997321	1199644000348
42	1199644055363	1199644059192
42	1199644150969	1199644154846
43	1199634315685	1199634318832
43	1199634333456	1199634335220
43	1199634340972	1199634342108
43	1199643985418	1199643987795
43	1199643990350	1199643991481
43	1199643991850	1199643996612
43	1199643999338	1199644016611
43	1199644018143	1199644024259
43	1199644024897	1199644031825
43	1199644047543	1199644050300
43	1199644169840	1199644172962
44	1199634313899	1199634316371
44	1199634328589	1199634333204
44	1199643979684	1199643983772
44	1199644052956	1199644057244
44	1199644160596	1199644166640
44	1199644174391	1199644176201
45	1199644152859	1199644156134
