1	1200439087935	1200439091325
1	1200467741830	1200467745187
1	1200467746493	1200467750844
1	1200467751247	1200467756411
1	1200467760197	1200467769100
1	1200467769771	1200467771732
1	1200467772640	1200467775986
1	1200467776357	1200467787108
1	1200467789345	1200467799942
1	1200467803734	1200467807593
1	1200467807708	1200467810480
1	1200467816754	1200467819346
1	1200467820738	1200467827597
1	1200467848384	1200467850992
1	1200467854920	1200467857108
1	1200467864731	1200467867591
1	1200467877617	1200467879953
1	1200467883600	1200467886548
1	1200467888350	1200467889640
1	1200467907503	1200467910151
1	1200467911707	1200467915565
1	1200467916464	1200467919770
1	1200467929230	1200467931709
1	1200467957634	1200467962148
1	1200468020199	1200468022677
1	1200468025912	1200468031204
1	1200468061291	1200468063513
1	1200468131904	1200468133938
1	1200468160607	1200468161863
1	1200468162149	1200468164767
1	1200468165829	1200468167825
1	1200468203493	1200468206133
1	1200468216280	1200468218716
1	1200468237149	1200468242302
1	1200468260156	1200468262771
1	1200468279853	1200468282281
1	1200468283434	1200468285498
1	1200468288354	1200468291196
1	1200468304685	1200468307153
1	1200468333988	1200468336466
1	1200468350376	1200468352571
1	1200468359320	1200468361498
1	1200468426873	1200468432832
1	1200468432978	1200468438579
1	1200468524721	1200468529761
1	1200468530429	1200468534437
1	1200468535946	1200468538404
1	1200468538569	1200468541525
1	1200468541715	1200468550940
1	1200468559198	1200468564377
1	1200468567376	1200468577637
1	1200468577798	1200468590768
1	1200468592880	1200468600191
1	1200468602274	1200468605836
1	1200468650622	1200468652788
1	1200468667882	1200468668601
1	1200468671143	1200468675815
1	1200468688337	1200468700532
1	1200468700885	1200468704245
1	1200468704890	1200468706877
1	1200468724514	1200468726613
1	1200468729138	1200468735881
1	1200468760922	1200468762842
1	1200468774629	1200468776447
1	1200468777687	1200468780151
1	1200468796370	1200468798658
1	1200468821509	1200468830588
1	1200468831696	1200468837346
1	1200468841778	1200468844539
1	1200468849641	1200468855469
1	1200468859929	1200468861153
1	1200468862893	1200468867561
1	1200472649601	1200472652747
1	1200475902722	1200475904716
1	1200480618426	1200480620312
1	1200480623840	1200480625126
1	1200481402881	1200481407579
1	1200483615193	1200483617601
1	1200486013898	1200486015992
1	1200486016991	1200486018607
1	1200486031118	1200486033731
1	1200489816582	1200489818934
1	1200495827875	1200495830376
1	1200496971430	1200496973982
1	1200498628347	1200498633592
2	1200439056835	1200439059913
2	1200439063153	1200439065115
2	1200439076654	1200439080593
2	1200439083848	1200439089874
2	1200439090372	1200439092502
2	1200439107236	1200439109390
2	1200439116777	1200439118964
2	1200439148769	1200439151261
2	1200439185601	1200439193429
2	1200439196175	1200439198795
2	1200439203956	1200439205272
2	1200439214101	1200439216313
2	1200439222730	1200439228788
2	1200439236695	1200439238799
2	1200439241159	1200439245123
2	1200439247553	1200439249793
2	1200439278860	1200439281786
2	1200439322193	1200439326685
2	1200439388561	1200439392719
2	1200468436941	1200468439742
2	1200468520443	1200468522523
2	1200468560908	1200468562995
2	1200468565727	1200468567880
2	1200468726317	1200468728789
2	1200471732779	1200471735362
2	1200473196366	1200473198296
2	1200480001859	1200480005380
2	1200480257825	1200480259947
2	1200480277820	1200480282984
2	1200480284901	1200480287674
2	1200480616783	1200480618694
2	1200480626355	1200480628491
2	1200481232813	1200481234539
2	1200481239373	1200481241539
2	1200481245753	1200481251777
2	1200481261170	1200481263448
2	1200481270754	1200481274957
2	1200481295221	1200481299379
2	1200484559566	1200484561892
2	1200484690898	1200484692896
2	1200486249534	1200486253362
2	1200486253486	1200486254814
2	1200486269355	1200486272361
2	1200486276928	1200486280565
2	1200487948887	1200487951357
2	1200491897539	1200491899715
2	1200493973884	1200493979366
2	1200494369940	1200494371658
3	1200438962536	1200438964832
3	1200439035570	1200439038136
3	1200439040580	1200439046791
3	1200439049284	1200439051940
3	1200439056479	1200439060143
3	1200439064153	1200439068834
3	1200439078170	1200439082274
3	1200439083371	1200439085981
3	1200439199108	1200439201411
3	1200439203364	1200439206360
3	1200439206846	1200439214659
3	1200439224440	1200439229635
3	1200473967931	1200473973802
3	1200473976317	1200473983685
3	1200473987322	1200473994592
3	1200473998444	1200474005544
3	1200474009510	1200474016673
3	1200474020636	1200474027236
3	1200474030324	1200474035326
3	1200474038665	1200474047101
3	1200474051207	1200474057622
3	1200474064182	1200474069292
3	1200474072509	1200474079271
3	1200474096945	1200474102145
3	1200474105335	1200474112537
3	1200474116365	1200474123976
3	1200474136562	1200474141736
3	1200474141854	1200474146379
3	1200480282711	1200480290489
3	1200480608721	1200480611411
3	1200480627141	1200480631358
3	1200480632487	1200480637232
3	1200480637715	1200480640554
3	1200480715122	1200480716920
3	1200480764482	1200480766684
3	1200480775514	1200480779763
3	1200480854997	1200480857719
3	1200480863427	1200480866149
3	1200480869286	1200480871306
3	1200480873750	1200480877306
3	1200480879800	1200480881311
3	1200481011578	1200481014372
3	1200481014546	1200481016666
3	1200481063123	1200481065753
3	1200481081760	1200481084380
3	1200481154317	1200481159737
3	1200481242451	1200481245885
3	1200486746236	1200486751426
3	1200486754582	1200486761492
3	1200486773789	1200486779409
3	1200486782121	1200486789323
3	1200486793781	1200486800624
3	1200486809626	1200486816481
3	1200486829360	1200486838556
3	1200487900692	1200487907121
3	1200487946551	1200487951919
7	1200438437189	1200438439521
7	1200438474787	1200438481141
7	1200438748516	1200438750674
7	1200438820290	1200438822638
7	1200438840167	1200438842370
7	1200438952628	1200438954968
7	1200438964578	1200438965881
7	1200439109660	1200439111972
7	1200439114230	1200439116530
7	1200439150237	1200439152590
7	1200439153715	1200439155334
7	1200439188393	1200439190693
7	1200439203490	1200439215855
7	1200439217540	1200439222426
7	1200439237897	1200439244682
7	1200439259217	1200439262161
7	1200439290292	1200439299722
7	1200439302905	1200439304986
7	1200439306465	1200439308901
7	1200439309532	1200439317786
7	1200439328569	1200439333126
7	1200439333693	1200439370131
7	1200439371167	1200439376602
7	1200439377746	1200439382445
7	1200439382844	1200439388200
7	1200471700378	1200471707625
7	1200471709131	1200471715989
7	1200471720979	1200471723628
7	1200471723763	1200471732920
7	1200472113635	1200472127908
7	1200472140684	1200472143451
7	1200472151487	1200472153452
7	1200472162337	1200472167320
7	1200472173573	1200472175729
7	1200472186962	1200472189360
7	1200472189570	1200472200289
7	1200472234432	1200472236483
7	1200472237898	1200472240193
7	1200472242515	1200472246930
7	1200472250512	1200472252365
7	1200472257921	1200472264530
7	1200472313873	1200472323597
7	1200472355166	1200472362290
7	1200472363108	1200472369679
7	1200472428778	1200472440401
7	1200472446497	1200472451175
7	1200472469560	1200472471615
7	1200472527128	1200472544897
7	1200472631387	1200472644276
7	1200472650981	1200472653119
7	1200472655672	1200472659910
7	1200472660530	1200472662107
7	1200472712409	1200472721291
7	1200472722483	1200472731586
7	1200472750190	1200472752141
7	1200472776901	1200472785937
7	1200472801310	1200472816435
7	1200472821269	1200472825238
7	1200472827679	1200472838108
7	1200472848793	1200472851151
7	1200472851609	1200472853709
7	1200472862840	1200472865143
7	1200472882649	1200472889961
7	1200472931992	1200472934212
7	1200472936587	1200472938502
7	1200472939804	1200472943408
7	1200473035911	1200473047782
7	1200473059587	1200473064339
7	1200473084931	1200473087473
7	1200473103337	1200473107348
7	1200473128553	1200473130852
7	1200473165975	1200473168976
7	1200473172923	1200473174301
7	1200473183832	1200473186179
7	1200473192677	1200473209546
7	1200473443252	1200473447124
7	1200475268878	1200475270702
7	1200475273855	1200475276325
7	1200475888775	1200475894108
7	1200475897648	1200475909794
7	1200476132869	1200476139322
7	1200476223360	1200476228260
7	1200476229134	1200476232401
7	1200477305365	1200477307571
7	1200477309459	1200477311842
7	1200477640154	1200477642154
7	1200478059956	1200478062616
7	1200478062768	1200478066377
7	1200478084406	1200478086465
7	1200478564656	1200478567883
7	1200478605143	1200478606439
7	1200478611568	1200478612872
7	1200478615550	1200478618550
7	1200479012950	1200479015338
7	1200479017414	1200479023378
7	1200479992284	1200480002513
7	1200480270143	1200480284289
7	1200480618974	1200480622239
7	1200481260856	1200481265757
7	1200481276475	1200481282104
7	1200481291413	1200481294739
7	1200482316865	1200482324662
7	1200482344711	1200482351785
7	1200482352916	1200482359661
7	1200482565689	1200482571870
7	1200482984615	1200482987155
7	1200483321194	1200483327907
7	1200483608803	1200483623206
7	1200483703344	1200483704311
7	1200483706532	1200483708542
7	1200484543327	1200484560796
7	1200484693151	1200484697980
7	1200485227344	1200485230425
7	1200485622684	1200485628814
7	1200485633735	1200485638290
7	1200485668520	1200485670569
7	1200486006216	1200486008700
7	1200486014478	1200486016515
7	1200486030794	1200486036614
7	1200486245627	1200486252598
7	1200486254538	1200486258982
7	1200486264507	1200486271715
7	1200486280153	1200486295881
7	1200486296281	1200486299686
7	1200486302564	1200486304919
7	1200486343103	1200486344919
7	1200486350571	1200486351860
7	1200486358541	1200486369642
7	1200486824180	1200486826396
7	1200486829226	1200486832541
7	1200486841841	1200486845307
7	1200486852683	1200486855855
7	1200486881757	1200486884223
7	1200487169501	1200487172193
7	1200487184706	1200487187229
7	1200487220618	1200487226114
7	1200487231534	1200487240349
7	1200487676131	1200487680751
7	1200487691620	1200487694293
7	1200487763284	1200487767973
7	1200487772630	1200487775198
7	1200487775439	1200487778228
7	1200487829923	1200487831193
7	1200487839620	1200487847856
7	1200487854297	1200487872351
7	1200487872494	1200487875919
7	1200487941602	1200487945885
7	1200487951483	1200487958516
7	1200488057445	1200488059607
7	1200488080971	1200488085202
7	1200488114995	1200488118883
7	1200488162362	1200488170302
7	1200488170514	1200488173733
7	1200488855845	1200488858103
7	1200489021274	1200489025646
7	1200489025812	1200489028210
7	1200489036831	1200489038139
7	1200489811669	1200489826705
7	1200489831680	1200489834428
7	1200489851639	1200489853715
7	1200489975692	1200489978788
7	1200490185944	1200490193291
7	1200490218784	1200490225720
7	1200490272723	1200490278211
7	1200490621886	1200490626261
7	1200490626990	1200490628311
7	1200491288150	1200491290588
7	1200491332116	1200491334420
7	1200491597751	1200491602324
7	1200491605821	1200491609835
7	1200491619714	1200491626694
7	1200491768894	1200491776477
7	1200491899842	1200491904533
7	1200491906112	1200491907348
7	1200492578119	1200492584501
7	1200493186925	1200493194249
7	1200493197413	1200493203981
7	1200493874905	1200493876139
7	1200493883457	1200493885874
7	1200493898805	1200493901537
7	1200493966543	1200493972906
7	1200493980161	1200493987979
7	1200493990771	1200493993255
7	1200493998484	1200494006702
7	1200494112454	1200494121352
7	1200494176829	1200494187545
7	1200494196923	1200494207615
7	1200494363171	1200494366175
7	1200494366308	1200494373371
7	1200494582114	1200494586433
7	1200494669198	1200494671437
7	1200494671566	1200494676589
7	1200494718487	1200494720797
7	1200495286802	1200495289442
7	1200495289586	1200495295115
7	1200495300304	1200495302766
7	1200495440747	1200495444866
7	1200495445788	1200495448327
7	1200495451685	1200495454170
7	1200495456902	1200495459196
7	1200495798613	1200495802492
7	1200495802952	1200495805779
7	1200495822364	1200495834936
7	1200495839865	1200495849401
7	1200496101461	1200496103877
7	1200496267617	1200496273498
7	1200496276340	1200496282753
7	1200496284198	1200496286528
7	1200496544225	1200496550103
7	1200496569474	1200496573801
7	1200496966634	1200496973131
7	1200496975218	1200496985344
7	1200497016727	1200497023185
7	1200497170727	1200497175591
7	1200497190810	1200497194690
7	1200497200153	1200497202497
7	1200497336181	1200497344289
7	1200497357711	1200497360806
7	1200497570282	1200497572825
7	1200497690512	1200497694337
7	1200497733507	1200497738196
7	1200497754797	1200497759507
7	1200497811169	1200497813861
7	1200497816898	1200497819226
7	1200497822540	1200497824663
7	1200498607299	1200498608513
7	1200498609432	1200498615782
7	1200498630423	1200498631719
7	1200498632183	1200498634541
7	1200498649514	1200498653480
7	1200498716990	1200498719268
7	1200498733378	1200498735874
7	1200499060335	1200499068760
7	1200499071535	1200499076649
7	1200499319723	1200499328132
7	1200499343173	1200499345542
7	1200499346562	1200499349622
7	1200499350541	1200499353582
7	1200499355776	1200499358974
7	1200499361595	1200499372560
8	1200439057713	1200439061621
8	1200439062265	1200439066283
8	1200439067104	1200439070125
8	1200439076286	1200439080570
8	1200439089796	1200439094161
8	1200439096453	1200439103787
8	1200439106852	1200439110324
8	1200439116408	1200439120940
8	1200439145450	1200439150993
8	1200439155274	1200439159622
8	1200439170893	1200439174473
8	1200439184130	1200439187430
8	1200439226688	1200439231283
8	1200439231507	1200439235687
8	1200439236193	1200439240810
8	1200439241462	1200439245877
8	1200439247945	1200439251558
8	1200439254628	1200439260427
8	1200439276854	1200439283266
8	1200439321877	1200439324309
8	1200439347448	1200439349957
8	1200439384366	1200439393955
8	1200439395418	1200439403878
8	1200467737469	1200467739799
8	1200468436505	1200468439649
8	1200468519242	1200468523299
8	1200468560769	1200468564495
8	1200468565547	1200468568453
8	1200468707781	1200468710447
8	1200468718505	1200468722187
8	1200468726185	1200468729607
8	1200468875861	1200468879374
8	1200471695782	1200471698491
8	1200471730781	1200471736567
8	1200472110778	1200472117461
8	1200472163544	1200472166186
8	1200472274610	1200472278280
8	1200472335265	1200472337498
8	1200472351597	1200472356729
8	1200472374224	1200472379745
8	1200472539329	1200472542796
8	1200472543343	1200472547268
8	1200472622137	1200472626878
8	1200473196630	1200473204786
8	1200479983606	1200479986695
8	1200480001681	1200480010117
8	1200480256535	1200480260836
8	1200480276292	1200480278648
8	1200480289496	1200480291769
8	1200480300307	1200480302658
8	1200480616511	1200480620805
8	1200480902327	1200480913195
8	1200481223497	1200481227803
8	1200481230783	1200481236632
8	1200481245322	1200481252808
8	1200481257475	1200481265246
8	1200481266734	1200481275369
8	1200481276905	1200481279688
8	1200481280656	1200481283368
8	1200481294863	1200481303261
8	1200481388774	1200481391352
8	1200481407745	1200481409933
8	1200482314192	1200482317879
8	1200482323691	1200482327410
8	1200482342358	1200482346168
8	1200484559827	1200484563883
8	1200484690206	1200484694810
8	1200486248936	1200486256204
8	1200486268873	1200486273807
8	1200486792223	1200486795331
8	1200486834913	1200486837586
8	1200487945783	1200487953997
8	1200488172376	1200488176844
8	1200488854627	1200488857943
8	1200491775644	1200491780579
8	1200491897103	1200491901257
8	1200493973339	1200493981170
8	1200494369666	1200494374205
8	1200494580657	1200494584586
8	1200499066338	1200499069722
8	1200499391196	1200499394909
9	1200438658167	1200438660282
9	1200438672189	1200438674381
9	1200438769973	1200438774147
9	1200439011972	1200439015226
9	1200439055241	1200439058465
9	1200439063509	1200439066409
9	1200439090912	1200439099405
9	1200439100301	1200439112897
9	1200439117548	1200439121919
9	1200439122479	1200439125303
9	1200439125633	1200439128933
9	1200439131661	1200439150371
9	1200439168665	1200439168774
9	1200439183531	1200439187162
9	1200439242530	1200439245265
9	1200439248476	1200439262311
9	1200439393212	1200439397305
9	1200468437723	1200468439850
9	1200468519613	1200468523203
9	1200468561251	1200468564255
9	1200471691404	1200471697186
9	1200472111465	1200472112961
9	1200474134816	1200474138772
9	1200474143816	1200474148467
9	1200480003818	1200480006631
9	1200480252887	1200480262241
9	1200480273420	1200480277950
9	1200480286451	1200480296508
9	1200480310634	1200480318810
9	1200480448106	1200480460414
9	1200480468435	1200480481152
9	1200480492890	1200480498534
9	1200480503623	1200480510175
9	1200480534507	1200480539951
9	1200480554575	1200480556662
9	1200480599848	1200480602201
9	1200480630270	1200480632870
9	1200480682671	1200480684375
9	1200480713265	1200480714599
9	1200480714816	1200480718655
9	1200480718815	1200480720142
9	1200480720616	1200480723164
9	1200480726181	1200480728192
9	1200480767220	1200480769393
9	1200480771534	1200480774616
9	1200480790810	1200480793231
9	1200480793529	1200480796503
9	1200480828665	1200480831175
9	1200480834876	1200480837488
9	1200480867149	1200480871508
9	1200480877484	1200480883747
9	1200480886785	1200480895624
9	1200480901872	1200480906718
9	1200480907556	1200480912595
9	1200480912815	1200480915415
9	1200480923824	1200480927568
9	1200480931915	1200480937278
9	1200480943746	1200480946156
9	1200480953375	1200480958125
9	1200480973441	1200480978289
9	1200480988122	1200480989352
9	1200480990158	1200480993118
9	1200480995124	1200480999131
9	1200481027245	1200481029511
9	1200481033761	1200481035927
9	1200481061741	1200481067409
9	1200481093619	1200481098465
9	1200481099335	1200481101997
9	1200481107160	1200481112955
9	1200481113170	1200481118466
9	1200481135513	1200481139271
9	1200481156592	1200481157929
9	1200481168750	1200481170947
9	1200481196758	1200481201843
9	1200481203954	1200481212812
9	1200481213795	1200481216272
9	1200481222104	1200481226335
9	1200481233710	1200481237805
9	1200481237993	1200481241158
9	1200481242114	1200481252267
9	1200481258874	1200481262611
9	1200481296833	1200481303473
9	1200482313385	1200482315414
9	1200482324501	1200482326685
9	1200484560532	1200484564355
9	1200484689584	1200484693232
9	1200486270667	1200486274182
9	1200486275507	1200486279548
9	1200486791444	1200486795206
9	1200486805290	1200486809335
9	1200486827787	1200486832972
9	1200486835850	1200486839511
9	1200488853517	1200488855631
9	1200491896527	1200491898807
9	1200494371882	1200494372900
9	1200499392147	1200499394317
10	1200440292572	1200440295164
10	1200440387977	1200440390131
10	1200466103568	1200466107415
10	1200466127282	1200466131687
10	1200466137899	1200466141677
10	1200466156963	1200466159150
10	1200486515735	1200486518672
10	1200486750812	1200486755399
10	1200486788137	1200486790860
10	1200486809469	1200486812560
10	1200486822413	1200486825421
10	1200486861385	1200486865924
10	1200486883231	1200486890108
10	1200486895955	1200486902830
10	1200488795699	1200488797434
10	1200488858542	1200488860818
10	1200488890476	1200488895797
10	1200490250440	1200490252458
10	1200490258883	1200490260588
10	1200490265240	1200490268711
10	1200490336682	1200490337896
10	1200490360419	1200490362896
10	1200490364437	1200490366339
10	1200492205833	1200492210902
10	1200492230936	1200492237755
10	1200494227812	1200494230467
10	1200494346923	1200494349105
10	1200494563435	1200494567694
10	1200495006468	1200495008630
10	1200495013150	1200495019312
10	1200495027477	1200495029989
10	1200495037296	1200495039786
10	1200495048501	1200495051352
10	1200495844547	1200495848157
10	1200495856509	1200495858878
10	1200495860609	1200495864180
10	1200495866445	1200495870181
10	1200495872935	1200495874925
10	1200495885160	1200495889349
10	1200495897381	1200495900734
10	1200496015425	1200496024361
10	1200496072486	1200496077228
10	1200496092832	1200496095467
10	1200496116900	1200496119718
10	1200496123113	1200496130253
10	1200496156851	1200496159590
10	1200501430351	1200501432859
10	1200506944669	1200506946422
10	1200507058608	1200507061150
10	1200509966734	1200509969262
10	1200517581919	1200517583886
10	1200517619417	1200517622815
10	1200520469329	1200520471619
10	1200520549424	1200520551790
11	1200440293148	1200440295107
11	1200466086472	1200466088421
11	1200466091789	1200466096108
11	1200466156823	1200466160441
11	1200466161995	1200466163220
11	1200466164884	1200466172368
11	1200486313490	1200486315827
11	1200486328220	1200486331300
11	1200486809639	1200486811477
11	1200486851535	1200486855131
11	1200486899603	1200486902491
11	1200488893505	1200488893798
11	1200490223215	1200490228334
11	1200490232312	1200490236838
11	1200490248171	1200490252578
11	1200490259550	1200490267848
11	1200490343404	1200490343867
11	1200490350869	1200490352861
11	1200490356649	1200490362757
11	1200490692847	1200490698417
11	1200494553716	1200494565960
11	1200495059911	1200495067748
11	1200495862753	1200495864503
11	1200495865244	1200495867142
11	1200496013400	1200496017500
11	1200496029543	1200496033162
11	1200496033170	1200496042984
11	1200496066847	1200496073722
11	1200496118143	1200496124991
11	1200496129738	1200496139160
11	1200496139347	1200496140575
11	1200496140906	1200496143346
11	1200496148908	1200496152844
11	1200496153173	1200496157635
11	1200506944947	1200506949698
11	1200520469838	0
12	1200466900278	1200466901950
12	1200481406341	1200481414918
12	1200481416856	1200481423344
12	1200481522830	1200481526976
12	1200481536729	1200481540891
12	1200481551600	1200481554986
12	1200481556304	1200481560282
12	1200481569185	1200481571546
12	1200481574997	1200481577395
12	1200481578706	1200481583435
12	1200481587620	1200481588887
12	1200481597576	1200481602847
12	1200481616929	1200481618651
12	1200481655946	1200481658101
12	1200481663272	1200481665766
12	1200481667845	1200481669590
12	1200481680803	1200481682585
12	1200481688632	1200481692632
12	1200481694385	1200481695238
12	1200481699344	1200481701676
12	1200481729254	1200481735548
13	1200481398828	1200481402584
13	1200481403677	1200481406931
13	1200481709929	1200481711757
13	1200481719520	1200481721719
14	1200439228924	1200439232611
14	1200439243269	1200439245429
14	1200439254853	1200439257797
14	1200468564618	1200468566739
14	1200468728580	1200468729955
14	1200474144746	1200474148187
14	1200477589611	1200477592534
14	1200477698989	1200477704269
14	1200480004181	1200480006501
14	1200480008727	1200480012174
14	1200480022948	1200480027632
14	1200480251184	1200480258149
14	1200480260483	1200480261995
14	1200480272288	1200480274577
14	1200480314523	1200480318696
14	1200480382166	1200480384524
14	1200480447252	1200480451490
14	1200484688458	1200484690515
14	1200486272752	1200486274482
14	1200486274855	1200486277681
14	1200486654892	1200486656211
14	1200486656335	1200486658326
14	1200486662968	1200486665605
14	1200486670338	1200486672937
14	1200486674783	1200486679549
14	1200486686312	1200486693703
14	1200486791718	1200486797458
14	1200488174645	1200488176980
14	1200494371818	1200494373787
14	1200494632291	1200494635537
14	1200494642407	1200494649132
14	1200494652711	1200494654162
14	1200494655870	1200494659158
14	1200494701131	1200494703283
14	1200494715932	1200494718599
14	1200494781924	1200494784718
14	1200494851264	1200494855618
14	1200494864646	1200494867134
14	1200494872942	1200494874256
14	1200494993270	1200494998123
14	1200494999202	1200495003511
14	1200495086562	1200495089939
14	1200495140823	1200495143949
14	1200495145624	1200495148277
14	1200495181596	1200495184202
14	1200495188720	1200495191453
14	1200495197217	1200495202512
14	1200495204515	1200495206827
14	1200495251723	1200495254123
14	1200495266220	1200495268638
14	1200495293379	1200495296957
14	1200495316573	1200495319178
14	1200495323467	1200495327708
14	1200495357491	1200495360552
14	1200495364903	1200495367171
14	1200495386281	1200495390918
14	1200495393415	1200495396752
14	1200495413183	1200495415533
14	1200495439709	1200495442229
14	1200495444709	1200495447922
14	1200495451101	1200495456277
14	1200495456414	1200495463217
14	1200495500820	1200495503377
14	1200495519715	1200495524710
14	1200495611474	1200495619509
14	1200495622524	1200495628492
14	1200495632290	1200495635404
14	1200495635864	1200495638583
14	1200495647977	1200495650609
14	1200495679662	1200495682546
14	1200495719661	1200495722874
14	1200495734714	1200495736218
14	1200495736677	1200495739455
14	1200495769154	1200495774720
14	1200495776992	1200495780123
14	1200495781237	1200495783736
14	1200495800517	1200495802629
14	1200495816776	1200495816970
14	1200495926717	1200495929935
14	1200495937666	1200495941462
15	1200439173429	1200439177567
15	1200439182286	1200439184942
15	1200439243583	1200439247234
15	1200439254960	1200439257577
15	1200439389849	1200439394168
15	1200439403188	1200439405276
15	1200468438730	1200468440933
15	1200468517823	1200468519800
15	1200468562405	1200468566872
15	1200468728385	1200468731881
15	1200471690380	1200471693604
15	1200471732273	1200471734863
15	1200471736197	1200471738862
15	1200472108856	1200472111335
15	1200473201897	1200473203587
15	1200474133858	1200474137376
15	1200474145293	1200474147309
15	1200476934132	1200476937979
15	1200476973982	1200476975939
15	1200476976690	1200476978718
15	1200477076438	1200477079858
15	1200477103325	1200477105267
15	1200477421736	1200477424355
15	1200477588755	1200477592382
15	1200477698684	1200477705866
15	1200477730539	1200477731785
15	1200477748652	1200477752328
15	1200479981801	1200479982991
15	1200480004965	1200480008596
15	1200480008933	1200480010990
15	1200480022468	1200480029350
15	1200480251420	1200480257265
15	1200480259441	1200480261751
15	1200480315594	1200480317268
15	1200480367524	1200480372655
15	1200480373151	1200480375677
15	1200480381288	1200480387650
15	1200480447103	1200480451374
15	1200481207757	1200481209964
15	1200481217690	1200481221236
15	1200481302892	1200481304617
15	1200481480121	1200481484228
15	1200481497299	1200481498298
15	1200481501882	1200481504317
15	1200482311934	1200482314459
15	1200482326177	1200482327543
15	1200482340309	1200482343666
15	1200484561628	1200484564485
15	1200484687894	1200484690640
15	1200485190261	1200485194235
15	1200485870408	1200485872560
15	1200486272495	1200486277544
15	1200486781249	1200486782423
15	1200486790382	1200486792828
15	1200486807409	1200486808825
15	1200486826613	1200486828899
15	1200486836562	1200486840124
15	1200486849431	1200486851651
15	1200488174947	1200488178801
15	1200488852549	1200488854933
15	1200491777742	1200491781725
15	1200491895415	1200491898637
15	1200494372882	1200494375857
15	1200494578573	1200494581574
15	1200494630981	1200494633821
15	1200494644538	1200494647626
15	1200494852439	1200494857129
15	1200494857821	1200494863222
15	1200495000624	1200495008384
15	1200495029785	1200495032130
15	1200495052566	1200495056404
15	1200495070262	1200495072563
15	1200495085198	1200495088907
15	1200495316297	1200495320295
15	1200495325592	1200495327897
15	1200495390503	1200495393144
15	1200495393280	1200495398402
15	1200495453169	1200495457554
15	1200495614287	1200495617309
15	1200495623280	1200495626428
15	1200495814473	1200495819258
15	1200495925637	1200495929295
15	1200495937295	1200495943999
16	1200439182639	1200439183934
16	1200440293882	1200440296794
16	1200440386694	1200440388767
16	1200450580232	1200450583487
16	1200466169287	1200466171300
16	1200468439202	1200468440811
16	1200468518555	1200468521750
16	1200468562543	1200468565421
16	1200471690130	1200471692208
16	1200471692730	1200471694217
16	1200471738194	1200471741233
16	1200473202261	1200473203461
16	1200474133584	1200474136696
16	1200477027690	1200477028881
16	1200477370507	1200477376477
16	1200477382700	1200477386966
16	1200477420650	1200477422655
16	1200477588322	1200477590367
16	1200477617921	1200477623194
16	1200477696698	1200477699913
16	1200477702429	1200477705732
16	1200477749657	1200477752973
16	1200480374922	1200480378320
16	1200480384278	1200480388670
16	1200481208910	1200481211740
16	1200481217386	1200481219527
16	1200481301276	1200481304484
16	1200481616587	1200481618505
16	1200481620776	1200481622708
16	1200481623544	1200481628759
16	1200484562308	1200484565278
16	1200485189234	1200485192151
16	1200486299800	1200486301480
16	1200486312611	1200486314656
16	1200486318194	1200486320340
16	1200486418474	1200486420984
16	1200486514967	1200486517327
16	1200486748274	1200486751291
16	1200486789737	1200486792917
16	1200486807214	1200486809837
16	1200486824753	1200486828656
16	1200486849811	1200486852178
16	1200490691455	1200490694450
16	1200490767633	1200490772971
16	1200491147267	1200491149460
16	1200491778411	1200491781175
16	1200491895339	1200491898213
16	1200492203553	1200492207274
16	1200492249421	1200492253580
16	1200492430852	1200492439643
16	1200494228952	1200494232843
16	1200494578294	1200494580159
16	1200494630183	1200494632189
16	1200495004365	1200495006996
16	1200495029425	1200495030691
16	1200495034554	1200495037983
16	1200495051489	1200495052648
16	1200495055436	1200495055803
16	1200495068183	1200495073381
16	1200495077154	1200495080358
16	1200495080766	1200495082673
16	1200495083910	1200495086916
16	1200495908383	1200495913167
16	1200495940228	1200495943837
16	1200496038846	1200496040786
16	1200496063600	1200496065311
16	1200496077713	1200496080939
16	1200501712633	1200501713963
16	1200501721863	1200501727688
16	1200501782832	1200501786130
16	1200502000629	1200502005528
16	1200502013179	1200502016826
16	1200502028129	1200502032899
16	1200502034335	1200502039706
16	1200502046549	1200502051736
16	1200502069436	1200502073849
16	1200502077583	1200502081516
16	1200509967660	1200509969796
16	1200517582315	1200517585297
16	1200517618112	1200517620351
16	1200520548498	1200520550404
17	1200440386500	1200440389907
17	1200465837479	1200465839718
17	1200466054222	1200466060279
17	1200466594662	1200466598876
17	1200466622928	1200466625133
17	1200466626843	1200466630390
17	1200466918825	1200466921544
17	1200466983908	1200466987685
17	1200467082471	1200467086377
17	1200467100666	1200467104638
17	1200471740683	1200471743687
17	1200476944522	1200476948495
17	1200477295258	1200477305126
17	1200477313906	1200477319424
17	1200477349529	1200477353632
17	1200477364989	1200477367722
17	1200477620428	1200477623424
17	1200477703602	1200477707899
17	1200479794760	1200479796725
17	1200479820388	1200479822636
17	1200479823958	1200479826607
17	1200481327301	1200481329458
17	1200481329764	1200481331881
17	1200481333325	1200481339199
17	1200481339313	1200481342705
17	1200481348564	1200481351116
17	1200481395652	1200481399789
17	1200481611244	1200481613512
17	1200481626556	1200481632402
17	1200481634782	1200481638467
17	1200485089208	1200485095685
17	1200486295373	1200486299438
17	1200486368578	1200486369860
17	1200486371237	1200486373951
17	1200486514683	1200486516327
17	1200486900571	1200486904698
17	1200488796710	1200488799126
17	1200488857569	1200488859851
17	1200488870441	1200488873941
17	1200488884453	1200488886827
17	1200488888600	1200488891718
17	1200488894918	1200488897123
17	1200490220881	1200490222200
17	1200490365660	1200490367839
17	1200490695436	1200490698553
17	1200490769971	1200490773113
17	1200491148544	1200491151497
17	1200491155789	1200491161268
17	1200492250245	1200492253694
17	1200492424487	1200492426615
17	1200492427258	1200492433616
17	1200494229225	1200494232491
17	1200494345707	1200494347977
17	1200494551763	1200494555478
17	1200495076428	1200495079380
17	1200495910228	1200495913294
17	1200496008611	1200496015608
17	1200496064666	1200496069843
17	1200496156304	1200496163569
17	1200496163686	1200496165749
17	1200501428572	1200501430502
17	1200507057703	1200507060630
17	1200509967910	1200509971148
17	1200517582575	1200517586936
17	1200517617845	1200517620216
17	1200520470243	1200520473584
17	1200520548125	1200520551595
18	1200465841650	1200465845106
18	1200465846358	1200465848818
18	1200465859241	1200465869635
18	1200465870516	1200465873794
18	1200465884875	1200465888804
18	1200465895573	1200465899847
18	1200465904225	1200465905404
18	1200465909957	1200465911265
18	1200465912423	1200465916252
18	1200465921437	1200465923459
18	1200465935998	1200465941133
18	1200465943961	1200465946499
18	1200465949740	1200465952240
18	1200465953357	1200465956693
18	1200465956830	1200465958877
18	1200465960558	1200465962299
18	1200465968275	1200465971428
18	1200465979706	1200465981898
18	1200465996422	1200465998815
18	1200465999232	1200466001272
18	1200466008779	1200466011171
18	1200466016729	1200466018636
18	1200466020511	1200466032574
18	1200466594940	1200466600246
18	1200466606557	1200466611419
18	1200466616198	1200466628923
18	1200466897283	1200466900691
18	1200466906947	1200466909973
18	1200466913336	1200466917345
18	1200466918990	1200466921194
18	1200466933197	1200466933778
18	1200466939473	1200466944570
18	1200466954368	1200466958296
18	1200466960372	1200466965614
18	1200466979137	1200466984359
18	1200466984585	1200466991251
18	1200466993370	1200466997260
18	1200466998154	1200467006795
18	1200467007753	1200467010145
18	1200467010666	1200467021766
18	1200467022853	1200467026593
18	1200467035539	1200467037177
18	1200467038915	1200467041292
18	1200467043173	1200467060380
18	1200467060992	1200467063546
18	1200467064104	1200467072947
18	1200467074375	1200467089100
18	1200477706787	1200477708912
18	1200477710984	1200477714675
18	1200479779624	1200479783244
18	1200479794112	1200479796288
18	1200479820606	1200479824432
18	1200481309834	1200481313332
18	1200481322102	1200481328727
18	1200481397472	1200481400325
18	1200481630476	1200481632928
18	1200481633108	1200481637611
18	1200481670548	1200481672512
18	1200481731216	1200481734192
19	1200477424985	1200477429190
19	1200477547282	1200477551352
19	1200477555302	1200477558965
19	1200486350192	1200486352373
19	1200489784983	1200489791308
19	1200489792212	1200489794618
19	1200489831290	1200489835788
20	1200466840530	1200466844934
20	1200474146609	1200474151657
20	1200474153339	1200474160224
20	1200474160772	1200474166444
20	1200476076941	1200476079286
20	1200476084409	1200476091368
20	1200476093641	1200476102171
20	1200476102296	1200476109157
20	1200476937251	1200476944389
20	1200477199444	1200477219497
20	1200477228912	1200477244646
20	1200477268357	1200477281479
20	1200477295531	1200477298731
20	1200477300450	1200477303137
20	1200477308954	1200477319655
20	1200477321133	1200477323951
20	1200477341618	1200477358982
20	1200477365977	1200477369545
20	1200477370374	1200477389864
20	1200477389978	1200477413273
20	1200477424512	1200477426735
20	1200477439560	1200477442372
20	1200477445714	1200477448174
20	1200477460522	1200477464615
20	1200477468589	1200477470683
20	1200477486391	1200477490517
20	1200477503325	1200477506661
20	1200477533639	1200477536325
20	1200477547430	1200477552144
20	1200477556522	1200477558810
20	1200477618848	1200477621610
20	1200477644929	1200477650714
20	1200477715356	1200477719224
20	1200477719362	1200477721880
20	1200477750884	1200477756534
20	1200481372433	1200481372470
20	1200481509618	1200481512177
20	1200481514491	1200481515772
20	1200481536588	1200481539479
20	1200481541337	1200481542319
20	1200481631396	1200481633771
20	1200481674586	1200481677763
20	1200481826408	1200481827614
20	1200481860994	1200481862246
20	1200482014551	1200482016765
20	1200482017165	1200482019577
20	1200482022863	1200482025313
20	1200482093317	1200482095878
20	1200482113785	1200482115841
20	1200482133793	1200482135741
20	1200482141188	1200482145439
20	1200482149627	1200482153955
20	1200482208149	1200482211854
20	1200482215965	1200482217256
20	1200482224879	1200482229831
20	1200482237856	1200482239982
20	1200482255618	1200482257919
20	1200482266991	1200482270436
20	1200482272662	1200482276515
20	1200482283113	1200482286235
20	1200482289741	1200482291309
20	1200482297601	1200482300699
20	1200482352310	1200482356617
20	1200482368413	1200482370165
20	1200482381451	1200482385529
20	1200483133611	1200483136141
20	1200483317601	1200483319928
20	1200483460320	1200483464652
20	1200483791558	1200483793824
20	1200483892664	1200483894809
20	1200483929826	1200483931786
20	1200484965455	1200484970733
20	1200485199946	1200485204657
20	1200485204931	1200485214655
20	1200485221670	1200485227919
20	1200485231299	1200485237635
20	1200485867690	1200485871926
20	1200485876793	1200485880370
20	1200485880813	1200485889461
20	1200486189570	1200486194529
20	1200486198304	1200486201615
20	1200486286709	1200486300532
20	1200486335709	1200486340700
20	1200486342565	1200486346687
20	1200486347448	1200486351372
20	1200486357437	1200486361793
20	1200486365951	1200486368464
20	1200486370784	1200486375757
20	1200486383835	1200486386909
20	1200486458200	1200486460252
20	1200486460768	1200486465358
20	1200486667391	1200486669406
20	1200486670858	1200486673719
20	1200486838225	1200486841233
20	1200486846728	1200486850359
20	1200487553544	1200487557417
20	1200487745217	1200487747983
20	1200487748107	1200487750517
20	1200487769810	1200487772494
20	1200487802816	1200487805384
20	1200487809661	1200487817273
20	1200487823907	1200487825870
20	1200487836991	1200487839459
20	1200488375171	1200488376765
20	1200488378853	1200488381226
20	1200489011859	1200489014211
20	1200489017734	1200489025448
20	1200489035535	1200489050621
20	1200489633854	1200489639130
20	1200489745225	1200489747762
20	1200489747902	1200489751289
20	1200489751699	1200489754879
20	1200489757249	1200489761999
20	1200489762723	1200489765171
20	1200489766969	1200489774734
20	1200489820507	1200489824514
20	1200489839708	1200489845598
20	1200489846800	1200489854701
20	1200489857232	1200489858491
20	1200489862245	1200489870440
20	1200489901546	1200489911648
20	1200489950545	1200489952226
20	1200489966418	1200489975835
20	1200489978524	1200489986999
20	1200490002667	1200490008558
20	1200490029647	1200490039448
20	1200490041254	1200490048263
20	1200490051146	1200490055795
20	1200490983769	1200490988699
20	1200491028748	1200491036803
20	1200491038599	1200491040620
20	1200491053982	1200491058793
20	1200491061199	1200491067741
20	1200491326842	1200491336326
20	1200491345626	1200491351267
20	1200492476729	1200492488815
20	1200494132145	1200494135511
20	1200494562375	1200494564832
20	1200494598226	1200494599488
20	1200495217622	1200495221769
20	1200495228327	1200495234385
20	1200495239530	1200495245104
20	1200495249711	1200495255323
20	1200495258898	1200495263482
20	1200495271301	1200495279758
20	1200495285744	1200495293893
20	1200495346747	1200495358283
20	1200495466730	1200495476348
20	1200495503969	1200495507756
20	1200495593609	1200495597667
20	1200495667938	1200495670122
20	1200495752347	1200495755545
20	1200495761189	1200495763466
20	1200495764496	1200495765786
20	1200495769718	1200495772100
20	1200495773327	1200495775443
20	1200495783579	1200495786181
20	1200495796699	1200495799103
20	1200495802763	1200495805271
20	1200495810775	1200495814987
20	1200495815105	1200495817467
20	1200495826581	1200495834656
20	1200495918295	1200495922292
20	1200495968515	1200495970768
20	1200495977798	1200495980752
20	1200501621537	1200501626336
20	1200501631519	1200501635949
20	1200501640484	1200501643452
20	1200502905245	1200502910495
20	1200502943284	1200502945601
20	1200502964271	1200502966550
20	1200502975933	1200502979227
20	1200502980313	1200502983140
20	1200502987582	1200502990872
20	1200502998144	1200503003667
20	1200503005437	1200503015643
20	1200503020632	1200503022803
20	1200503026574	1200503027868
20	1200503029930	1200503033840
20	1200503043934	1200503047670
20	1200503048994	1200503051681
20	1200503054264	1200503057500
20	1200503057886	1200503061738
20	1200503064591	1200503068946
21	1200466838683	1200466847378
21	1200474145831	1200474149423
21	1200474163254	1200474166310
21	1200476075857	1200476077593
21	1200476095483	1200476099155
21	1200476101803	1200476105345
21	1200476106293	1200476111165
21	1200476942339	1200476947251
21	1200477197562	1200477201513
21	1200477227289	1200477231847
21	1200477239879	1200477244305
21	1200477246312	1200477250711
21	1200477253835	1200477257948
21	1200477269373	1200477276235
21	1200477304274	1200477312304
21	1200477321546	1200477326585
21	1200477339432	1200477344195
21	1200477403393	1200477407698
21	1200477423714	1200477426125
21	1200477556830	1200477561977
21	1200477591672	1200477596269
21	1200477609995	1200477615114
21	1200477723762	1200477728560
21	1200477750758	1200477759249
21	1200484967409	1200484973433
21	1200485192903	1200485197964
21	1200485198295	1200485203102
21	1200485223950	1200485229597
21	1200485230913	1200485233375
21	1200485866677	1200485869650
21	1200485887774	1200485893675
21	1200486188198	1200486191854
21	1200486199128	1200486202451
21	1200486285930	1200486288926
21	1200486837740	1200486840385
21	1200486847390	1200486851870
21	1200489022634	1200489027833
21	1200489033535	1200489037776
21	1200489044208	1200489047786
21	1200489632500	1200489640591
21	1200489744405	1200489747625
21	1200489983358	1200489992314
21	1200490052613	1200490058545
21	1200490058775	1200490064711
21	1200490069646	1200490073272
21	1200490075831	1200490077135
21	1200490223837	1200490228198
21	1200490274201	1200490277330
21	1200490969328	1200490973539
21	1200490982151	1200490991701
21	1200491026699	1200491030735
21	1200491082527	1200491089636
21	1200491324362	1200491328391
21	1200491346378	1200491351597
21	1200492134299	1200492142414
21	1200492161363	1200492164389
21	1200492173258	1200492175988
21	1200492182431	1200492188371
21	1200492254549	1200492262843
21	1200492271473	1200492272789
21	1200492273837	1200492276238
21	1200492313488	1200492316248
21	1200492389519	1200492391925
21	1200492475362	1200492479604
21	1200495352392	1200495356174
21	1200495465162	1200495468760
21	1200495828751	1200495833966
21	1200495917128	1200495922759
21	1200495923192	1200495926996
21	1200495932746	1200495948358
21	1200495954813	1200495957539
21	1200495958977	1200495965461
21	1200495966732	1200495972142
21	1200497344441	1200497347751
21	1200497349612	1200497353236
21	1200501620442	1200501623763
21	1200501642405	1200501645738
21	1200501656756	1200501664597
21	1200502754326	1200502761662
21	1200502862119	1200502867859
21	1200502902839	1200502904944
21	1200503066934	1200503069774
22	1200466837857	1200466841982
22	1200466843427	1200466847428
22	1200474163999	1200474167164
22	1200476075581	1200476077429
22	1200476108151	1200476110737
22	1200476943986	1200476947123
22	1200477122622	1200477126377
22	1200477147742	1200477150384
22	1200477156781	1200477166877
22	1200477169200	1200477174564
22	1200477196842	1200477199326
22	1200477216230	1200477219748
22	1200477226262	1200477229456
22	1200477323180	1200477326313
22	1200477338632	1200477341622
22	1200477558550	1200477561453
22	1200477612511	1200477618387
22	1200477755401	1200477758397
22	1200480026937	1200480031247
22	1200480248916	1200480256831
22	1200480271316	1200480274242
22	1200480316266	1200480320794
22	1200480445828	1200480450634
22	1200481366177	1200481367393
22	1200484969699	1200484972645
22	1200485228565	1200485233223
22	1200485239701	1200485242374
22	1200485888698	1200485893795
22	1200486187932	1200486190145
22	1200489024396	1200489027105
22	1200489045478	1200489048302
22	1200489631952	1200489634418
22	1200489636764	1200489639851
22	1200489743123	1200489746211
22	1200489982660	1200489985631
22	1200489988585	1200489991905
22	1200490056875	1200490074200
22	1200490074365	1200490081363
22	1200490102137	1200490109426
22	1200490111676	1200490116124
22	1200490123793	1200490131227
22	1200490136845	1200490150694
22	1200490154423	1200490166803
22	1200490167370	1200490176127
22	1200490181681	1200490186402
22	1200490197199	1200490202503
22	1200490214347	1200490222650
22	1200490228661	1200490232809
22	1200490244476	1200490246553
22	1200490404274	1200490410968
22	1200490417271	1200490423687
22	1200490426289	1200490430828
22	1200490431610	1200490447451
22	1200490448708	1200490451442
22	1200490459757	1200490463667
22	1200490468843	1200490471868
22	1200490484618	1200490492208
22	1200490497413	1200490508447
22	1200490508633	1200490509923
22	1200490511952	1200490515770
22	1200490564568	1200490572499
22	1200490615357	1200490619726
22	1200490626616	1200490638981
22	1200490640913	1200490645143
22	1200490647271	1200490651976
22	1200490655394	1200490664428
22	1200490666826	1200490669712
22	1200490670226	1200490683403
22	1200490687261	1200490693476
22	1200490968220	1200490974853
22	1200490981186	1200490983839
22	1200490988155	1200490992623
22	1200490994715	1200491002300
22	1200491025743	1200491028881
22	1200491085375	1200491090715
22	1200491312483	1200491314622
22	1200491323116	1200491326580
22	1200491348245	1200491351446
22	1200492133473	1200492136303
22	1200492138535	1200492142147
22	1200492157159	1200492169524
22	1200492170662	1200492176946
22	1200492185309	1200492187643
22	1200492259373	1200492262683
22	1200492269175	1200492273220
22	1200492273365	1200492276565
22	1200492309985	1200492317436
22	1200492366501	1200492367309
22	1200492385963	1200492393500
22	1200492409662	1200492413765
22	1200492473945	1200492477452
22	1200495353636	1200495356654
22	1200495464863	1200495466980
22	1200495830499	1200495833482
22	1200495903677	1200495919396
22	1200495922896	1200495929758
22	1200495930526	1200495934331
22	1200495981966	1200495983995
22	1200501619766	1200501622602
22	1200501644271	1200501646406
22	1200501655324	1200501659524
22	1200501661917	1200501664888
22	1200501959657	1200501964699
22	1200502083934	1200502087858
22	1200502739939	1200502744466
22	1200502753429	1200502758146
22	1200502758259	1200502763780
22	1200502860777	1200502864375
22	1200502864961	1200502868817
22	1200502901119	1200502903337
22	1200503068273	1200503071831
23	1200439174868	1200439177976
23	1200439244998	1200439246978
23	1200439252724	1200439255669
23	1200466075267	1200466080329
23	1200466170457	1200466175367
23	1200466836674	1200466839202
23	1200471689474	1200471691177
23	1200471736655	1200471739988
23	1200474164731	1200474168819
23	1200476109769	1200476112770
23	1200476546689	1200476548194
23	1200476575378	1200476579580
23	1200476580853	1200476585903
23	1200476594376	1200476597384
23	1200476609839	1200476613763
23	1200476628807	1200476633507
23	1200476653869	1200476658275
23	1200476685424	1200476689526
23	1200476700358	1200476705678
23	1200476713150	1200476717159
23	1200476730991	1200476734482
23	1200476739385	1200476741328
23	1200476932279	1200476934886
23	1200476944904	1200476948317
23	1200476954720	1200476958671
23	1200477061643	1200477063633
23	1200477217216	1200477219321
23	1200477337966	1200477339842
23	1200477559537	1200477563663
23	1200477757325	1200477759559
23	1200478044558	1200478046420
23	1200478082333	1200478084797
23	1200480006233	1200480009430
23	1200480011429	1200480013320
23	1200480015530	1200480017198
23	1200480020627	1200480024635
23	1200480376373	1200480379528
23	1200481364302	1200481367294
23	1200481502434	1200481505669
23	1200481638927	1200481644642
23	1200481682914	1200481683964
23	1200481686557	1200481688780
23	1200482310818	1200482312843
23	1200482327879	1200482329618
23	1200484685764	1200484688954
23	1200484970561	1200484973647
23	1200485094634	1200485096273
23	1200485116713	1200485119273
23	1200485152162	1200485154144
23	1200485162149	1200485166587
23	1200485167724	1200485170613
23	1200485170648	1200485172736
23	1200485210647	1200485212683
23	1200485218990	1200485222192
23	1200485224723	1200485230759
23	1200485240487	1200485244533
23	1200485864471	1200485867554
23	1200485889221	1200485891966
23	1200486185819	1200486189442
23	1200486202454	1200486205591
23	1200486289142	1200486291959
23	1200486292117	1200486295648
23	1200486319698	1200486322568
23	1200486325136	1200486327602
23	1200486366730	1200486368877
23	1200486782697	1200486784205
23	1200489025194	1200489029558
23	1200489031727	1200489034875
23	1200489046148	1200489049163
23	1200489630735	1200489633506
23	1200489637478	1200489640491
23	1200489742192	1200489745924
23	1200489981356	1200489984693
23	1200490055917	1200490059287
23	1200490195363	1200490197325
23	1200490216967	1200490219339
23	1200490228626	1200490230333
23	1200490245388	1200490247311
23	1200490274645	1200490278531
23	1200490279619	1200490281666
23	1200490296732	1200490300765
23	1200490318348	1200490322357
23	1200490330226	1200490333338
23	1200490343243	1200490347577
23	1200490375134	1200490377627
23	1200490381220	1200490384949
23	1200490394939	1200490396257
23	1200490399312	1200490401866
23	1200490405863	1200490409362
23	1200490418683	1200490419986
23	1200490967146	1200490970152
23	1200490973436	1200490977490
23	1200490996726	1200491002951
23	1200491010492	1200491017255
23	1200491020141	1200491027868
23	1200491086864	1200491093211
23	1200491293644	1200491297565
23	1200491309827	1200491314488
23	1200492132820	1200492135511
23	1200492139618	1200492144750
23	1200492145912	1200492149134
23	1200492155775	1200492155879
23	1200492187217	1200492191750
23	1200492260573	1200492272948
23	1200492276400	1200492281463
23	1200492287990	1200492293682
23	1200492296377	1200492301124
23	1200492307361	1200492310479
23	1200492317854	1200492321272
23	1200492327983	1200492332428
23	1200492336654	1200492345161
23	1200492345655	1200492350899
23	1200492359902	1200492365252
23	1200492368653	1200492374258
23	1200492384201	1200492388213
23	1200492391794	1200492398532
23	1200492405946	1200492410114
23	1200492413258	1200492419351
23	1200492449252	1200492457514
23	1200492460776	1200492466543
23	1200492472776	1200492475922
23	1200494373925	1200494376103
23	1200495354434	1200495357242
23	1200495463160	1200495466394
23	1200495832626	1200495835607
23	1200495901648	1200495904489
23	1200495916450	1200495918563
23	1200495983171	1200495985163
23	1200496045183	1200496049984
23	1200496160510	1200496163907
23	1200497342721	1200497344709
23	1200498050838	1200498055554
23	1200501618732	1200501621800
23	1200501645902	1200501648159
23	1200501651737	1200501654848
23	1200501664328	1200501668983
23	1200501702751	1200501706352
23	1200501728112	1200501732740
23	1200501735701	1200501745874
23	1200501746926	1200501752790
23	1200501777985	1200501783739
23	1200501784439	1200501786616
23	1200501817502	1200501820245
23	1200501824991	1200501829851
23	1200501858116	1200501864967
23	1200501871949	1200501876422
23	1200501889877	1200501894133
23	1200501896647	1200501907167
23	1200501909476	1200501917492
23	1200501920384	1200501931419
23	1200501938751	1200501942418
23	1200501949194	1200501951256
23	1200501952198	1200501957715
23	1200501965893	1200501971156
23	1200501977182	1200501981595
23	1200501985255	1200501990110
23	1200501996351	1200502002365
23	1200502017354	1200502022627
23	1200502023679	1200502028617
23	1200502038402	1200502047795
23	1200502051136	1200502053507
23	1200502062114	1200502069987
23	1200502079497	1200502083158
23	1200502088530	1200502093299
23	1200502095453	1200502099262
23	1200502102764	1200502106627
23	1200502106768	1200502111827
23	1200502116603	1200502121366
23	1200502135641	1200502142616
23	1200502149834	1200502154260
23	1200502164741	1200502169147
23	1200502189724	1200502194936
23	1200502211814	1200502215521
23	1200502738355	1200502741975
23	1200502759574	1200502769442
23	1200502776837	1200502779939
23	1200502782174	1200502788752
23	1200502859952	1200502861983
23	1200503069358	1200503071676
24	1200439176458	1200439178638
24	1200439180354	1200439182716
24	1200439246435	1200439249104
24	1200439251210	1200439253980
24	1200439403678	1200439407365
24	1200440294617	1200440297234
24	1200440385827	1200440387756
24	1200450581559	1200450583682
24	1200465793981	1200465795856
24	1200465812516	1200465828132
24	1200465858960	1200465864481
24	1200466032427	1200466034606
24	1200466051936	1200466056960
24	1200466569332	1200466573832
24	1200466591657	1200466597580
24	1200466628215	1200466632332
24	1200466821251	1200466823170
24	1200466827407	1200466833479
24	1200466833782	1200466837250
24	1200466891357	1200466899631
24	1200466944697	1200466949364
24	1200466952212	1200466964262
24	1200466964506	1200466971848
24	1200466972171	1200466976828
24	1200466977770	1200466989861
24	1200466995896	1200467004571
24	1200467099281	1200467100993
24	1200467102198	1200467106904
24	1200467733145	1200467734913
24	1200468440520	1200468443121
24	1200468516398	1200468520678
24	1200468729741	1200468732415
24	1200468878926	1200468880944
24	1200471688183	1200471692388
24	1200472106162	1200472108723
24	1200473203713	1200473206162
24	1200474131596	1200474134462
24	1200474165962	1200474168954
24	1200476073405	1200476075449
24	1200476111979	1200476116442
24	1200476255214	1200476261224
24	1200476270945	1200476277189
24	1200476277323	1200476283487
24	1200476298263	1200476309435
24	1200476320200	1200476322330
24	1200476330876	1200476339555
24	1200476343741	1200476345806
24	1200476356229	1200476360544
24	1200476362545	1200476366554
24	1200476367115	1200476380313
24	1200476380854	1200476383494
24	1200476384321	1200476392893
24	1200476403220	1200476408678
24	1200476471727	1200476477363
24	1200476487142	1200476495603
24	1200476511383	1200476512605
24	1200476515220	1200476523930
24	1200476537635	1200476542322
24	1200476712850	1200476715215
24	1200476919251	1200476920429
24	1200476922919	1200476924956
24	1200476940453	1200476943826
24	1200476948581	1200476953696
24	1200477121423	1200477129457
24	1200477150515	1200477152770
24	1200477159291	1200477159716
24	1200477166719	1200477172486
24	1200477294199	1200477296238
24	1200477302877	1200477306447
24	1200477386700	1200477389183
24	1200477418429	1200477421778
24	1200477561209	1200477564515
24	1200477585980	1200477589455
24	1200477695245	1200477697157
24	1200477712540	1200477714267
24	1200477726353	1200477730303
24	1200477751549	1200477754994
24	1200477758965	1200477762255
24	1200477791340	1200477797829
24	1200477810686	1200477815318
24	1200477831521	1200477834422
24	1200478043445	1200478046581
24	1200478056735	1200478059587
24	1200478067582	1200478069714
24	1200478083443	1200478087131
24	1200478214149	1200478215214
24	1200479826137	1200479828228
24	1200479979393	1200479981549
24	1200481209714	1200481212694
24	1200481214668	1200481217944
24	1200481306658	1200481315676
24	1200481346778	1200481355108
24	1200481363241	1200481365814
24	1200481386560	1200481389705
24	1200481390779	1200481396676
24	1200481410701	1200481412593
24	1200481503357	1200481506635
24	1200481607693	1200481612204
24	1200481638775	1200481641167
24	1200481641641	1200481645426
24	1200481646567	1200481649605
24	1200481679935	1200481679996
24	1200481687768	1200481690762
24	1200482309878	1200482311808
24	1200482337765	1200482339658
24	1200482723457	1200482727849
24	1200484564939	1200484566982
24	1200484972273	1200484975739
24	1200485088360	1200485091656
24	1200485095915	1200485103991
24	1200485107343	1200485113344
24	1200485187828	1200485189963
24	1200485238431	1200485240845
24	1200485863575	1200485865273
24	1200485865837	1200485869435
24	1200485890206	1200485893683
24	1200485909112	1200485912368
24	1200486184507	1200486188616
24	1200486279324	1200486281849
24	1200486282280	1200486285434
24	1200486419401	1200486421318
24	1200486513849	1200486517453
24	1200486649111	1200486650959
24	1200486746514	1200486749771
24	1200486783859	1200486786352
24	1200486910275	1200486914368
24	1200488177717	1200488180977
24	1200488797760	1200488799573
24	1200488850872	1200488854340
24	1200488856287	1200488859714
24	1200488868950	1200488872406
24	1200488885651	1200488890201
24	1200488895937	1200488898623
24	1200489026318	1200489029175
24	1200489030645	1200489033271
24	1200489629257	1200489632306
24	1200489979972	1200489984132
24	1200490029231	1200490031686
24	1200490054461	1200490057335
24	1200490219782	1200490220642
24	1200490366651	1200490368812
24	1200490699200	1200490701217
24	1200490760398	1200490765609
24	1200490772451	1200490776511
24	1200490925672	1200490929802
24	1200490938254	1200490940305
24	1200490947865	1200490949981
24	1200490963712	1200490966740
24	1200490975529	1200490980458
24	1200491142842	1200491146908
24	1200491164764	1200491168383
24	1200491290440	1200491296546
24	1200491780194	1200491782990
24	1200491892878	1200491895699
24	1200492156517	1200492160202
24	1200492279698	1200492282938
24	1200492283756	1200492288704
24	1200492299161	1200492309489
24	1200492320243	1200492324139
24	1200492324815	1200492330638
24	1200492349642	1200492356128
24	1200492376171	1200492386912
24	1200492397531	1200492408304
24	1200492417782	1200492423955
24	1200492465884	1200492474373
24	1200494230111	1200494232924
24	1200494344783	1200494346794
24	1200494375275	1200494378627
24	1200494549167	1200494553985
24	1200494576593	1200494578976
24	1200495834400	1200495837924
24	1200495893513	1200495895291
24	1200495898534	1200495903446
24	1200495911398	1200495914699
24	1200495921785	1200495926780
24	1200495942295	1200495945866
24	1200497354834	1200497356698
24	1200498049376	1200498052432
24	1200499395734	1200499398581
24	1200501427626	1200501429899
24	1200501667866	1200501669891
24	1200501678698	1200501683616
24	1200501828757	1200501830783
24	1200501930408	1200501932537
24	1200502092715	1200502097219
24	1200502106894	1200502108952
24	1200502787233	1200502789700
24	1200507055841	1200507057960
24	1200509968600	1200509970600
24	1200517583373	1200517586705
24	1200517616712	1200517619922
24	1200520471318	1200520473207
24	1200520546844	1200520550788
25	1200450582598	1200450584557
25	1200465773295	1200465776879
25	1200465778142	1200465786616
25	1200465790599	1200465802226
25	1200465803726	1200465815570
25	1200465839599	1200465843566
25	1200465860715	1200465867773
25	1200465868540	1200465871106
25	1200465871719	1200465876326
25	1200465917258	1200465919507
25	1200465927799	1200465933114
25	1200465934677	1200465939774
25	1200465940734	1200465946121
25	1200465954612	1200465963639
25	1200465966527	1200465971789
25	1200465974806	1200465982898
25	1200465984916	1200465989889
25	1200465990975	1200466002336
25	1200466031867	1200466053876
25	1200466059143	1200466074133
25	1200466555340	1200466556977
25	1200466593944	1200466596293
25	1200466835613	1200466837721
25	1200466894365	1200466896224
25	1200466905198	1200466915920
25	1200466930363	1200466945702
25	1200466945913	1200466955700
25	1200466979826	1200466982655
25	1200466987878	1200467001134
25	1200467086633	1200467093820
25	1200467103690	1200467107473
25	1200467178368	1200467195403
25	1200471748181	1200471750997
25	1200476113718	1200476114938
25	1200476280686	1200476282487
25	1200476332612	1200476338382
25	1200476357845	1200476360238
25	1200476367897	1200476370119
25	1200476426949	1200476430307
25	1200476431491	1200476436922
25	1200476469687	1200476470944
25	1200476471958	1200476474503
25	1200476951192	1200476956393
25	1200476959584	1200476963767
25	1200477025296	1200477029421
25	1200477047500	1200477051702
25	1200477117889	1200477121552
25	1200477157692	1200477165306
25	1200477171161	1200477175644
25	1200477294467	1200477297422
25	1200477352337	1200477356837
25	1200477418586	1200477419733
25	1200477585363	1200477589298
25	1200477622774	1200477628395
25	1200477635143	1200477641704
25	1200477644682	1200477650578
25	1200477694256	1200477698256
25	1200477712790	1200477716792
25	1200477725723	1200477729915
25	1200477808935	1200477812442
25	1200477832589	1200477835743
25	1200479776537	1200479780786
25	1200479798431	1200479801905
25	1200479818562	1200479822498
25	1200479828396	1200479830640
25	1200481308516	1200481314115
25	1200481314444	1200481317550
25	1200481318329	1200481320619
25	1200481321288	1200481323194
25	1200481324354	1200481326853
25	1200481327620	1200481334690
25	1200481345886	1200481355232
25	1200481357172	1200481362941
25	1200481385647	1200481386936
25	1200481473415	1200481477199
25	1200481661110	1200481667305
25	1200481673648	1200481675700
25	1200481733267	1200481736521
25	1200482725913	1200482729874
25	1200484564618	1200484568515
25	1200485087792	1200485090333
25	1200485187108	1200485190725
25	1200485910371	1200485913438
25	1200486903164	1200486904365
25	1200486911616	1200486914702
25	1200488798217	1200488799962
25	1200488867887	1200488872273
25	1200488886620	1200489630593
25	1200490697308	1200490700945
25	1200490840668	1200490843195
25	1200490961114	1200490964300
25	1200491165737	1200491174484
25	1200491214814	1200491222714
25	1200491286700	1200491293910
25	1200492281653	1200492286234
25	1200492421491	1200492423631
25	1200494344363	1200494345579
25	1200502792335	1200502796949
25	1200502803537	1200502813400
25	1200502818515	1200502824259
25	1200502844513	1200502845780
25	1200502846426	1200502852457
25	1200502853181	1200502858956
25	1200506949421	1200506952299
25	1200507055247	1200507057262
25	1200509969107	1200509970796
25	1200510093292	1200510095292
25	1200517583632	1200517584722
25	1200520471860	1200520475954
26	1200465756726	1200465758885
26	1200465759267	1200465763369
26	1200465772579	1200465775153
26	1200465908951	1200465910415
26	1200465914682	1200465917715
26	1200465968302	1200465970131
26	1200466034441	1200466049738
26	1200466061957	1200466069461
26	1200466086804	1200466091608
26	1200466583729	1200466585903
26	1200466586331	1200466589808
26	1200466593822	1200466596780
26	1200466599522	1200466604523
26	1200466619716	1200466621987
26	1200466660690	1200466662728
26	1200466692184	1200466694223
26	1200466717789	1200466722173
26	1200466782967	1200466785418
26	1200466795316	1200466796547
26	1200466796856	1200466799131
26	1200466810804	1200466812644
26	1200466827275	1200466829539
26	1200466852534	1200466886984
26	1200466888819	1200466890693
26	1200467105505	1200467110358
26	1200481423626	1200481426548
26	1200481429635	1200481435357
26	1200481463451	1200481466578
26	1200481469173	1200481475111
26	1200481538750	1200481542974
26	1200482728814	1200482731370
26	1200482731566	1200482735978
26	1200482738429	1200482740600
26	1200482743611	1200482747256
26	1200482747504	1200482751687
26	1200482789353	1200482791559
26	1200482794493	1200482798216
26	1200482798973	1200482802460
26	1200482822794	1200482825269
26	1200482838934	1200482842560
26	1200482889719	1200482897163
26	1200482932277	1200482933505
26	1200482984492	1200482986510
26	1200483033655	1200483035380
26	1200483037587	1200483040372
26	1200483074867	1200483075288
26	1200483095141	1200483102623
26	1200483108519	1200483111156
26	1200483126325	1200483126678
26	1200483151610	1200483155396
26	1200483175963	1200483179764
26	1200483197363	1200483198223
26	1200483205318	1200483210762
26	1200496018580	1200496022405
26	1200496026603	1200496028901
26	1200496081943	1200496084514
26	1200501724514	1200501726654
26	1200501726869	1200501736225
26	1200501763284	1200501766931
26	1200501778121	1200501780713
26	1200501853326	1200501855326
26	1200501901498	1200501903738
26	1200501942419	1200501944462
26	1200501990244	1200501992567
26	1200502053200	1200502055563
26	1200502066209	1200502068596
26	1200502068811	1200502070816
26	1200502070934	1200502074717
26	1200502084204	1200502086380
26	1200502222378	1200502224441
26	1200502227295	1200502232427
27	1200466056768	1200466062882
27	1200466063666	1200466064319
27	1200466066823	1200466069819
27	1200466070530	1200466078108
27	1200466844475	1200466848907
27	1200466855568	1200466859544
27	1200477324875	1200477326701
27	1200478045330	1200478048655
27	1200478069830	1200478073802
27	1200478080362	1200478084547
27	1200480017996	1200480019670
27	1200480028820	1200480032238
27	1200480247138	1200480255819
27	1200480262119	1200480265419
27	1200480361486	1200480365609
27	1200480389176	1200480393418
27	1200480419819	1200480425627
27	1200480444518	1200480451894
27	1200481650607	1200481655812
27	1200481656904	1200481662521
27	1200481684833	1200481688356
27	1200485106538	1200485108826
27	1200486302140	1200486304351
27	1200486310143	1200486312465
27	1200486356387	1200486359716
27	1200486365403	1200486367130
27	1200490234310	1200490238213
27	1200490242249	1200490245998
27	1200490277757	1200490282413
27	1200490294338	1200490303488
27	1200490305904	1200490315436
27	1200490318537	1200490328180
27	1200490330853	1200490335528
27	1200490352973	1200490356894
27	1200490370828	1200490372753
27	1200490374673	1200490381106
27	1200490393443	1200490401584
27	1200490405448	1200490411984
27	1200490412143	1200490415270
27	1200490415431	1200490417744
27	1200490418496	1200490422901
27	1200490429103	1200490439650
27	1200490443536	1200490445549
27	1200490452618	1200490454700
27	1200490455160	1200490458558
27	1200490466537	1200490470757
27	1200490473528	1200490481450
27	1200490484411	1200490487576
27	1200490495893	1200490497277
27	1200490503302	1200490504542
27	1200490505986	1200490509263
27	1200490509476	1200490513277
27	1200490514720	1200490515936
27	1200490526927	1200490532429
27	1200490535913	1200490537111
27	1200490539853	1200490548261
27	1200490550420	1200490552287
27	1200490554234	1200490556695
27	1200490561227	1200490562486
27	1200490564517	1200490571494
27	1200490576238	1200490578348
27	1200490585375	1200490588396
27	1200490596308	1200490601650
27	1200490621726	1200490632658
27	1200490634174	1200490641494
27	1200490644958	1200490648279
27	1200490660409	1200490665206
27	1200493038354	1200493039976
27	1200493075491	1200493077415
27	1200501956759	1200501960315
28	1200466054644	1200466059995
28	1200466172176	1200466190619
28	1200466265585	1200466269802
28	1200466271178	1200466277845
28	1200466281320	1200466286870
28	1200466288351	1200466291907
28	1200466292791	1200466296772
28	1200466296911	1200466299274
28	1200466301459	1200466305626
28	1200466317333	1200466318953
28	1200466325877	1200466328479
28	1200466344735	1200466347667
28	1200466352842	1200466361206
28	1200466377774	1200466380170
28	1200466381644	1200466386810
28	1200466390375	1200466392465
28	1200466392927	1200466397437
28	1200466399275	1200466404312
28	1200466416581	1200466418611
28	1200466420348	1200466422487
28	1200466433728	1200466435147
28	1200466443513	1200466445498
28	1200466448370	1200466450641
28	1200466464539	1200466468615
28	1200466474172	1200466476322
28	1200466481883	1200466483140
28	1200466490190	1200466491418
28	1200466510481	1200466518285
28	1200466525913	1200466526946
28	1200466529300	1200466531611
28	1200466532795	1200466535257
28	1200466537727	1200466539915
28	1200466543127	1200466545474
28	1200466550784	1200466552554
28	1200466555616	1200466557474
28	1200466560339	1200466564444
28	1200466564963	1200466572258
28	1200466639828	1200466647780
28	1200466651937	1200466656727
28	1200466681377	1200466682587
28	1200466683814	1200466689632
28	1200466705780	1200466712145
28	1200466856412	1200466860102
28	1200471737670	1200471745111
28	1200471746151	1200471750323
28	1200477218434	1200477228777
28	1200477325129	1200477333727
28	1200477335384	1200477341132
28	1200477812824	1200477818801
28	1200477819942	1200477825263
28	1200477825497	1200477836201
28	1200478044973	1200478046971
28	1200478054885	1200478058235
28	1200478069577	1200478072852
28	1200480007460	1200480010254
28	1200480010414	1200480024853
28	1200481649109	1200481652258
28	1200481658417	1200481661796
28	1200481682707	1200481685841
28	1200485224790	1200485226860
28	1200485892813	1200485896720
28	1200485907229	1200485910817
28	1200486280725	1200486286939
28	1200486336305	1200486338333
28	1200486339669	1200486341733
28	1200486349949	1200486356196
28	1200489990107	1200489993906
28	1200490023392	1200490033249
28	1200490280149	1200490284281
28	1200490293601	1200490301632
28	1200490697584	1200490699871
28	1200491350351	1200491357519
28	1200491376449	1200491378417
28	1200491379283	1200491381198
28	1200491382384	1200491384393
28	1200491385160	1200491387951
28	1200491388462	1200491390704
28	1200491391708	1200491393775
28	1200491395806	1200491397952
28	1200491399592	1200491401591
28	1200491402461	1200491409634
28	1200491411195	1200491413261
28	1200491419543	1200491424961
28	1200491428817	1200491428932
28	1200491435460	1200491437491
28	1200491439237	1200491441657
28	1200491442644	1200491445191
28	1200491449639	1200491451612
28	1200491579559	1200491584986
28	1200491586145	1200491598629
28	1200491598979	1200491601325
28	1200491601794	1200491605346
28	1200491609459	1200491611569
28	1200491612173	1200491614238
28	1200491614771	1200491616819
28	1200491617487	1200491619589
28	1200491620200	1200491622302
28	1200491625234	1200491627414
28	1200491628144	1200491630200
28	1200491630845	1200491633224
28	1200491633534	1200491635433
28	1200491635643	1200491637841
28	1200491638503	1200491640740
28	1200491641276	1200491643527
28	1200491644413	1200491646331
28	1200491647751	1200491649445
28	1200491650120	1200491652538
28	1200491653297	1200491655467
28	1200491655960	1200491658212
28	1200491658891	1200491660895
28	1200491661804	1200491663894
28	1200491664760	1200491666927
28	1200491667439	1200491669631
28	1200491670101	1200491672109
28	1200491672900	1200491675200
28	1200491675658	1200491679404
28	1200491681183	1200491685199
28	1200491686641	1200491689452
28	1200491689587	1200491692321
28	1200491695848	1200491697519
28	1200491697962	1200491700372
28	1200491700830	1200491702964
28	1200491749486	1200491751715
28	1200491752381	1200491758363
28	1200491762537	1200491768766
28	1200491774874	1200491779549
28	1200491783543	1200491792582
28	1200491798651	1200491799872
28	1200491800470	1200491802536
28	1200491804182	1200491806107
28	1200491933306	1200491935442
28	1200492047247	1200492056576
28	1200492115781	1200492119176
28	1200492132331	1200492135343
28	1200497258450	1200497261822
28	1200497266749	1200497269852
28	1200501731396	1200501736889
28	1200501954582	1200501959330
28	1200502042490	1200502043677
28	1200502122198	1200502122606
28	1200502167807	1200502174472
28	1200502214477	1200502219960
28	1200502256519	1200502260516
28	1200502260678	1200502263343
28	1200502265301	1200502266532
28	1200502859250	1200502861124
29	1200440379389	1200440381166
29	1200440381469	1200440387279
29	1200466052738	1200466057481
29	1200466569553	1200466570762
29	1200466590788	1200466592820
29	1200466632191	1200466642557
29	1200466706286	1200466708415
29	1200466710111	1200466711380
29	1200466817220	1200466820487
29	1200466858678	1200466862997
29	1200466997744	1200467001671
29	1200468516269	1200468518297
29	1200477173481	1200477178583
29	1200477181637	1200477188640
29	1200477193283	1200477195144
29	1200477195315	1200477198347
29	1200477269810	1200477273407
29	1200477387860	1200477392271
29	1200477758135	1200477760307
29	1200477832166	1200477835342
29	1200478069358	1200478078496
29	1200478079221	1200478081301
29	1200478082589	1200478084287
29	1200478090686	1200478092881
29	1200478094437	1200478095702
29	1200478096188	1200478098599
29	1200478100234	1200478101504
29	1200478106736	1200478110427
29	1200478113221	1200478114493
29	1200478122148	1200478125381
29	1200478133589	1200478143506
29	1200478144464	1200478148120
29	1200478173868	1200478175121
29	1200478175362	1200478178101
29	1200478184816	1200478187356
29	1200478206451	1200478209130
29	1200478212772	1200478214327
29	1200478214550	1200478219298
29	1200478220324	1200478222434
29	1200478241773	1200478246114
29	1200478252830	1200478255858
29	1200478259525	1200478261117
29	1200478281232	1200478285663
29	1200478316261	1200478317525
29	1200478334414	1200478341255
29	1200481383977	1200481386465
29	1200481647645	1200481649387
29	1200484683362	1200484685274
29	1200485112136	1200485117494
29	1200485221791	1200485225172
29	1200485237997	1200485240667
29	1200485923186	1200485924381
29	1200488887108	1200488889601
29	1200490755659	1200490757862
29	1200490759942	1200490761281
29	1200490949833	1200490952343
29	1200491374959	1200491376146
29	1200491377642	1200491378933
29	1200491381905	1200491383822
29	1200491399175	1200491401293
29	1200491402577	1200491404698
29	1200491405702	1200491407720
29	1200491578896	1200491581657
29	1200491764477	1200491766638
29	1200492118191	1200492124509
29	1200492133954	1200492134159
29	1200495912560	1200495914221
29	1200495920746	1200495923552
29	1200496162698	1200496164623
29	1200497257250	1200497258934
29	1200498054591	1200498056572
29	1200501970657	1200501972695
29	1200502218472	1200502220622
29	1200502497545	1200502502431
29	1200502732940	1200502738932
29	1200502779582	1200502781968
29	1200520539891	1200520542722
29	1200520543737	1200520548775
30	1200439177221	1200439181244
30	1200439247438	1200439252846
30	1200439405454	1200439410218
30	1200440295886	1200440299205
30	1200440378461	1200440384796
30	1200465764575	1200465769372
30	1200466041766	1200466042968
30	1200466045320	1200466055216
30	1200466859285	1200466861726
30	1200466884894	1200466889568
30	1200467105242	1200467108695
30	1200468442110	1200468444757
30	1200468515213	1200468518187
30	1200468730632	1200468733274
30	1200472104873	1200472106771
30	1200474130435	1200474134192
30	1200474166842	1200474169756
30	1200476071683	1200476073840
30	1200476936831	1200476942621
30	1200476947643	1200476955186
30	1200476957138	1200476962658
30	1200477182144	1200477184378
30	1200477291276	1200477296370
30	1200477354744	1200477361105
30	1200477389521	1200477393851
30	1200477416899	1200477420785
30	1200477562689	1200477565901
30	1200477584627	1200477588505
30	1200477646396	1200477649642
30	1200477692960	1200477697305
30	1200477713678	1200477716625
30	1200477755223	1200477764393
30	1200477772554	1200477775975
30	1200477780107	1200477781405
30	1200477798189	1200477799963
30	1200477803483	1200477805625
30	1200477807305	1200477811184
30	1200477813775	1200477815170
30	1200477833871	1200477838228
30	1200477846963	1200477850689
30	1200478024567	1200478028872
30	1200478058383	1200478060859
30	1200478061947	1200478065270
30	1200478065693	1200478072241
30	1200478085955	1200478089304
30	1200478340124	1200478343220
30	1200479775657	1200479779452
30	1200479814729	1200479817302
30	1200479817390	1200479821224
30	1200479978334	1200479979977
30	1200481210992	1200481217512
30	1200481352400	1200481360459
30	1200481381557	1200481387238
30	1200481411679	1200481413596
30	1200481504445	1200481507378
30	1200481520702	1200481522127
30	1200481606341	1200481610365
30	1200481733792	1200481736366
30	1200482308429	1200482311110
30	1200482330466	1200482332657
30	1200482336273	1200482338781
30	1200482721663	1200482724569
30	1200484682848	1200484686856
30	1200484973278	1200484977431
30	1200484992445	1200484996672
30	1200485036125	1200485038149
30	1200485059969	1200485062199
30	1200485087228	1200485092844
30	1200485101734	1200485107885
30	1200485179465	1200485182855
30	1200485185987	1200485188622
30	1200485238789	1200485241858
30	1200485243768	1200485246558
30	1200485862645	1200485868209
30	1200485891722	1200485909497
30	1200485910890	1200485916776
30	1200485920588	1200485925163
30	1200485944272	1200485945544
30	1200485951126	1200485953738
30	1200485986590	1200485990895
30	1200486182422	1200486186270
30	1200486204269	1200486207458
30	1200486278360	1200486284690
30	1200486512741	1200486514849
30	1200486745289	1200486748106
30	1200486785315	1200486786573
30	1200488179237	1200488182689
30	1200488798844	1200488801232
30	1200488849423	1200488852981
30	1200488855122	1200488857729
30	1200488865208	1200488869223
30	1200488896151	1200488898986
30	1200489047991	1200489051892
30	1200489639588	1200489643738
30	1200489739972	1200489743664
30	1200489978532	1200489982520
30	1200490029494	1200490033548
30	1200490051630	1200490057131
30	1200490367568	1200490370274
30	1200490697897	1200490704624
30	1200490759283	1200490761873
30	1200490775203	1200490778700
30	1200490817642	1200490821342
30	1200490838220	1200490841323
30	1200490846828	1200490853289
30	1200490871330	1200490873671
30	1200490893812	1200490897913
30	1200490901193	1200490904848
30	1200490907342	1200490917105
30	1200490920217	1200490926926
30	1200490957654	1200490963899
30	1200491135945	1200491139393
30	1200491141217	1200491144990
30	1200491891888	1200491895159
30	1200492128151	1200492132496
30	1200492158483	1200492162541
30	1200493035726	1200493036912
30	1200494231116	1200494233965
30	1200494376507	1200494380352
30	1200494547191	1200494550807
30	1200494575133	1200494578733
30	1200495356396	1200495359804
30	1200495461337	1200495464576
30	1200495912827	1200495916577
30	1200495918769	1200495924552
30	1200495932751	1200495937942
30	1200495943534	1200495946971
30	1200495985377	1200495986801
30	1200495997857	1200495999860
30	1200496003659	1200496008753
30	1200496162853	1200496170433
30	1200497256500	1200497259260
30	1200497268663	1200497271795
30	1200498048324	1200498052101
30	1200498054431	1200498057515
30	1200501616668	1200501620804
30	1200501669722	1200501673571
30	1200501674391	1200501678578
30	1200501973538	1200501976104
30	1200502854907	1200502858825
30	1200503073611	1200503075661
30	1200506949834	1200506952623
30	1200517584441	1200517587314
30	1200517614700	1200517619953
30	1200520472136	1200520475336
30	1200520539348	1200520542266
31	1200439407630	1200439413598
31	1200440377147	1200440379829
31	1200465741737	1200465752232
31	1200465754127	1200465767279
31	1200467107743	1200467113314
31	1200467145339	1200467149760
31	1200467156343	1200467161436
31	1200467357487	1200467364917
31	1200467725533	1200467727843
31	1200467846683	1200467850855
31	1200468882643	1200468885262
31	1200469367427	1200469371657
31	1200469887588	1200469889571
31	1200470910908	1200470915762
31	1200471559522	1200471562379
31	1200471592651	1200471596362
31	1200471685445	1200471689723
31	1200471750881	1200471755949
31	1200472101498	1200472106118
31	1200472161914	1200472164888
31	1200473206370	1200473208775
31	1200474190649	1200474194488
31	1200474332277	1200474334797
31	1200474342358	1200474346739
31	1200474556816	1200474559284
31	1200476069430	1200476072898
31	1200477281733	1200477283839
31	1200477286488	1200477289757
31	1200477577131	1200477581815
31	1200477582476	1200477586112
31	1200477835557	1200477841857
31	1200477849255	1200477853360
31	1200477915448	1200477918978
31	1200477941899	1200477944405
31	1200478023989	1200478026672
31	1200478378304	1200478382339
31	1200478384490	1200478386171
31	1200478400749	1200478406360
31	1200479772146	1200479776839
31	1200479818425	1200479824788
31	1200479825894	1200479828294
31	1200479830113	1200479833380
31	1200479976975	1200479979175
31	1200480175557	1200480181406
31	1200480817265	1200480819891
31	1200481067986	1200481072748
31	1200481280536	1200481287454
31	1200481352800	1200481360282
31	1200481362115	1200481365942
31	1200481383336	1200481387770
31	1200481412471	1200481414446
31	1200481543390	1200481545805
31	1200481604766	1200481608173
31	1200481690252	1200481698778
31	1200482198504	1200482201187
31	1200482218370	1200482220198
31	1200482307212	1200482308818
31	1200482605813	1200482607888
31	1200482695975	1200482698101
31	1200483059957	1200483061943
31	1200484566623	1200484569235
31	1200484680239	1200484683696
31	1200484954940	1200484956832
31	1200484977267	1200484982229
31	1200485035481	1200485038975
31	1200485050862	1200485054858
31	1200485059956	1200485065178
31	1200485086107	1200485089826
31	1200485177860	1200485180559
31	1200485240339	1200485247720
31	1200485312536	1200485314586
31	1200485858139	1200485862848
31	1200486058871	1200486062561
31	1200486180107	1200486184910
31	1200486252724	1200486254688
31	1200486274319	1200486280425
31	1200486511604	1200486514125
31	1200486646537	1200486648263
31	1200486786556	1200486787885
31	1200487174492	1200487177140
31	1200487238759	1200487243161
31	1200487936335	1200487939484
31	1200487958850	1200487961317
31	1200487998699	1200488001150
31	1200488180710	1200488183471
31	1200488372714	1200488375481
31	1200488391235	1200488393640
31	1200488733290	1200488735643
31	1200488848326	1200488851559
31	1200489048898	1200489050958
31	1200489169625	1200489174219
31	1200489640619	1200489642871
31	1200489737993	1200489741176
31	1200490041370	1200490046854
31	1200490049880	1200490055337
31	1200490216696	1200490218917
31	1200490368285	1200490370434
31	1200490605465	1200490607409
31	1200490961722	1200490967798
31	1200491082162	1200491087350
31	1200491096303	1200491106801
31	1200491110332	1200491114147
31	1200491117180	1200491124488
31	1200491136194	1200491143989
31	1200491783125	1200491786215
31	1200491890208	1200491893820
31	1200492126584	1200492129475
31	1200492159769	1200492162573
31	1200492460499	1200492462815
31	1200493079222	1200493081316
31	1200494233692	1200494236295
31	1200494342653	1200494345247
31	1200494377815	1200494380630
31	1200494541568	1200494544433
31	1200494573457	1200494576357
31	1200495459817	1200495462604
31	1200495581482	1200495583844
31	1200495908936	1200495915286
31	1200495944560	1200495946809
31	1200495983325	1200495986333
31	1200496083530	1200496085732
31	1200496166125	1200496169899
31	1200496172495	1200496174961
31	1200497330917	1200497333481
31	1200497362347	1200497364346
31	1200498055948	1200498059545
31	1200499398715	1200499402673
31	1200499404656	1200499407617
31	1200501114516	1200501122822
31	1200501148699	1200501152174
31	1200501152851	1200501156625
31	1200501422606	1200501423858
31	1200501615271	1200501619276
31	1200501708327	1200501712128
31	1200502255817	1200502261536
31	1200503141619	1200503143595
31	1200506951928	1200506954307
31	1200507047617	1200507050195
31	1200507051697	1200507055451
31	1200509970166	1200509972122
31	1200510090478	1200510093435
31	1200520536314	1200520539171
32	1200439248722	1200439252246
32	1200465763122	1200465766721
32	1200466861219	1200466863771
32	1200466883157	1200466887944
32	1200467108205	1200467109504
32	1200467157825	1200467160873
32	1200467176180	1200467179195
32	1200467194715	1200467198355
32	1200467356765	1200467359435
32	1200467847599	1200467850503
32	1200467850667	1200467856219
32	1200468444311	1200468446623
32	1200468514206	1200468518898
32	1200468731368	1200468734658
32	1200469367128	1200469370791
32	1200469888801	1200469891179
32	1200470911181	1200470913308
32	1200471560170	1200471563847
32	1200471591981	1200471595946
32	1200472162956	1200472165726
32	1200474094763	1200474101515
32	1200474104393	1200474109807
32	1200474167759	1200474172103
32	1200474190369	1200474192874
32	1200474333190	1200474336582
32	1200474342136	1200474344332
32	1200474557261	1200474560344
32	1200476110459	1200476117366
32	1200476321224	1200476323408
32	1200476331366	1200476338518
32	1200476346665	1200476353188
32	1200476354872	1200476360376
32	1200476408811	1200476412458
32	1200476444504	1200476446848
32	1200476451618	1200476454128
32	1200476481981	1200476484350
32	1200476490907	1200476492216
32	1200476542929	1200476547118
32	1200476560647	1200476567304
32	1200476572603	1200476575495
32	1200476640755	1200476646213
32	1200476651901	1200476658602
32	1200476659712	1200476664239
32	1200476698143	1200476699988
32	1200476719723	1200476723901
32	1200476763296	1200476771778
32	1200476772342	1200476774113
32	1200476832300	1200476837714
32	1200476874127	1200476876257
32	1200476935635	1200476940683
32	1200477275141	1200477277157
32	1200477391532	1200477393475
32	1200477415763	1200477419897
32	1200477564196	1200477566195
32	1200477576882	1200477578853
32	1200477648806	1200477651434
32	1200477691794	1200477695556
32	1200477714944	1200477716957
32	1200477721366	1200477723481
32	1200477849859	1200477851611
32	1200477915700	1200477919491
32	1200477942811	1200477946473
32	1200478022570	1200478026154
32	1200478049243	1200478051189
32	1200478061813	1200478063995
32	1200478087565	1200478094181
32	1200478102335	1200478108454
32	1200478119818	1200478125519
32	1200478135822	1200478140984
32	1200478151256	1200478155998
32	1200478156302	1200478160803
32	1200478166421	1200478186872
32	1200478187866	1200478191603
32	1200478192201	1200478197188
32	1200478199260	1200478203403
32	1200478207523	1200478210850
32	1200478269249	1200478271661
32	1200478271781	1200478273216
32	1200478277933	1200478279208
32	1200478280105	1200478284364
32	1200478284737	1200478288345
32	1200478288516	1200478289830
32	1200478320129	1200478326188
32	1200478377962	1200478380443
32	1200478385424	1200478387310
32	1200478400885	1200478404208
32	1200479773133	1200479777606
32	1200479778916	1200479784582
32	1200479815773	1200479821865
32	1200480178944	1200480182897
32	1200480818253	1200480821497
32	1200480939387	1200480942690
32	1200480952615	1200480957999
32	1200480995240	1200480999793
32	1200481012432	1200481017994
32	1200481043401	1200481050530
32	1200481054306	1200481061301
32	1200481065895	1200481068960
32	1200481223207	1200481226669
32	1200481354158	1200481359323
32	1200481363838	1200481367543
32	1200481379832	1200481385480
32	1200481446976	1200481448238
32	1200481505435	1200481507729
32	1200481519653	1200481521182
32	1200481536847	1200481540758
32	1200481734469	1200481737298
32	1200482199470	1200482202380
32	1200482217739	1200482221307
32	1200482335627	1200482338253
32	1200482602187	1200482608241
32	1200482696273	1200482699853
32	1200482720553	1200482724421
32	1200483060222	1200483063655
32	1200483210978	1200483213634
32	1200484689314	1200484696224
32	1200484697320	1200484707222
32	1200484727896	1200484732149
32	1200484789771	1200484793112
32	1200484956199	1200484958428
32	1200484976294	1200484979989
32	1200485060743	1200485062698
32	1200485859297	1200485864746
32	1200485913564	1200485918566
32	1200485942753	1200485946573
32	1200485983846	1200485996410
32	1200486058150	1200486062300
32	1200486205725	1200486209619
32	1200486252468	1200486255739
32	1200486275373	1200486278733
32	1200486279802	1200486283333
32	1200486300324	1200486302291
32	1200486744559	1200486748554
32	1200486912736	1200486916294
32	1200487175523	1200487178523
32	1200487229210	1200487231671
32	1200487232617	1200487241567
32	1200487937255	1200487941718
32	1200487958646	1200487960564
32	1200487998192	1200488002334
32	1200488374542	1200488375908
32	1200488390692	1200488392836
32	1200488404466	1200488408534
32	1200488734526	1200488737250
32	1200488799402	1200488802724
32	1200488854658	1200488856927
32	1200488864575	1200488868827
32	1200488885389	1200488887640
32	1200488896999	1200488900485
32	1200489171147	1200489174761
32	1200489626775	1200489628870
32	1200489977436	1200489981234
32	1200490031418	1200490034176
32	1200490043934	1200490047338
32	1200490048872	1200490065771
32	1200490604527	1200490608367
32	1200490699505	1200490701487
32	1200490702155	1200490710464
32	1200490712462	1200490714794
32	1200490717410	1200490725344
32	1200490726391	1200490732627
32	1200490733449	1200490735440
32	1200490745674	1200490751875
32	1200490777419	1200490782369
32	1200490783849	1200490795281
32	1200490806374	1200490808419
32	1200490813954	1200490818550
32	1200490818758	1200490822479
32	1200490823635	1200490825477
32	1200490955202	1200490959195
32	1200491081221	1200491083875
32	1200491098729	1200491101577
32	1200491137921	1200491139693
32	1200492460143	1200492462491
32	1200494232217	1200494237389
32	1200495582493	1200495585338
32	1200495922428	1200495926396
32	1200495937807	1200495940392
32	1200495941803	1200495943867
32	1200495953211	1200495955785
32	1200495961281	1200495967853
32	1200495970208	1200495975410
32	1200495979691	1200495982426
32	1200495982837	1200495986573
32	1200495988372	1200495996756
32	1200496016528	1200496019423
32	1200496083770	1200496086984
32	1200496173599	1200496174811
32	1200497255831	1200497258276
32	1200497269979	1200497272294
32	1200498056260	1200498060373
32	1200500478178	1200500483750
32	1200501033179	1200501039529
32	1200501113565	1200501116280
32	1200501154405	1200501157338
32	1200501676587	1200501680768
32	1200501700913	1200501710448
32	1200502255406	1200502258214
32	1200507049836	1200507050313
32	1200507051921	1200507054553
32	1200517585476	1200517588834
32	1200517609705	1200517620832
32	1200520537480	1200520541434
33	1200466846732	1200466850668
33	1200466850959	1200466852778
33	1200466853254	1200466858140
33	1200478052619	1200478055761
33	1200478071107	1200478074464
33	1200478078641	1200478081941
33	1200480018727	1200480022148
33	1200480029691	1200480033930
33	1200480244937	1200480253279
33	1200480263612	1200480266216
33	1200480269237	1200480270898
33	1200480319788	1200480324709
33	1200480359669	1200480364897
33	1200480391779	1200480396578
33	1200480416663	1200480421978
33	1200480426555	1200480431371
33	1200480443376	1200480447412
33	1200485096917	1200485098851
33	1200485105293	1200485107668
33	1200486302839	1200486304803
33	1200486309117	1200486311279
33	1200486357717	1200486360385
33	1200486364502	1200486366352
33	1200490235607	1200490239338
33	1200490240638	1200490245150
33	1200493039538	1200493041152
33	1200493074551	1200493076367
34	1200478047105	1200478049993
34	1200478051376	1200478055565
34	1200478072128	1200478075412
34	1200478077420	1200478080715
34	1200480019907	1200480022334
34	1200480031881	1200480034514
34	1200480127974	1200480129914
34	1200480162838	1200480169128
34	1200480199840	1200480203571
34	1200480215530	1200480216694
34	1200480224213	1200480226417
34	1200480243607	1200480252359
34	1200480264295	1200480267144
34	1200480268310	1200480270359
34	1200480320914	1200480327619
34	1200480358405	1200480362366
34	1200480393304	1200480399444
34	1200480415208	1200480417948
34	1200480427968	1200480431639
34	1200480442622	1200480446944
34	1200485098193	1200485099915
34	1200485104639	1200485106316
34	1200486303891	1200486306575
34	1200486358706	1200486361188
34	1200486363355	1200486365112
34	1200490237240	1200490243275
36	1200478047456	1200478049281
36	1200478052342	1200478054588
36	1200480020763	1200480023827
36	1200480031383	1200480036604
36	1200480115538	1200480117671
36	1200480126373	1200480134402
36	1200480137146	1200480143238
36	1200480153356	1200480155140
36	1200480162700	1200480167994
36	1200480186749	1200480188731
36	1200480191679	1200480196396
36	1200480197821	1200480199120
36	1200480199966	1200480205123
36	1200480212683	1200480218961
36	1200480220605	1200480229226
36	1200480240490	1200480252238
36	1200480264597	1200480270736
36	1200480321730	1200480325165
36	1200480358243	1200480362502
36	1200480393795	1200480395883
36	1200480414742	1200480418524
36	1200480428527	1200480430544
36	1200480442418	1200480448538
36	1200490237481	1200490243469
36	1200493040718	1200493044332
36	1200493063108	1200493065312
36	1200493065602	1200493069147
37	1200480021395	1200480027101
37	1200480028319	1200480029549
37	1200480031741	1200480037287
37	1200480049631	1200480051569
37	1200480053693	1200480078911
37	1200480084561	1200480086579
37	1200480093395	1200480098228
37	1200480098541	1200480103628
37	1200480225841	1200480227865
37	1200480232832	1200480234423
37	1200480237742	1200480246861
37	1200480248308	1200480251942
37	1200480265623	1200480269910
37	1200480334541	1200480337188
37	1200480353525	1200480360125
37	1200480403570	1200480408288
37	1200480412198	1200480416973
37	1200480429863	1200480431825
37	1200480436691	1200480440495
37	1200480441199	1200480446141
37	1200485101884	1200485103765
37	1200493061908	1200493064730
