1	1202173966564	1202173970571
1	1202173979877	1202173983443
1	1202174000267	1202174003623
1	1202174189509	1202174191488
1	1202197001193	1202197004614
1	1202197024222	1202197026686
1	1202197029606	1202197031529
1	1202197038422	1202197040653
1	1202197050243	1202197050861
1	1202197056106	1202197057413
1	1202197072870	1202197074140
1	1202197227692	1202197232507
1	1202197298226	1202197305202
1	1202197329502	1202197335707
1	1202197395411	1202197399162
1	1202197517980	1202197520621
1	1202197527469	1202197531992
1	1202197543989	1202197549727
1	1202197583860	1202197588102
1	1202197622424	1202197628366
1	1202197630730	1202197637972
1	1202197648724	1202197654323
1	1202197660329	1202197664351
1	1202197685674	1202197690549
1	1202197696868	1202197699523
1	1202197704635	1202197712948
1	1202197716822	1202197719682
1	1202197732593	1202197736365
1	1202197740394	1202197745676
1	1202197776247	1202197781635
1	1202203807875	1202203823875
1	1202203825701	1202203839700
1	1202203855105	1202203860447
1	1202203861499	1202203866743
1	1202203870502	1202203871796
1	1202203934448	1202203941719
1	1202203948309	1202203953406
1	1202204046290	1202204049166
1	1202204155217	1202204160137
1	1202204163160	1202204165301
1	1202204188448	1202204193919
1	1202204495660	1202204508123
1	1202204525271	1202204530795
1	1202204531593	1202204535670
1	1202204551197	1202204553395
1	1202204553597	1202204558306
1	1202204567245	1202204570176
1	1202204592314	1202204594772
1	1202204599208	1202204601734
1	1202204642824	1202204643340
1	1202204685643	1202204690456
1	1202204720718	1202204726134
1	1202204817219	1202204821708
1	1202204840754	1202204846800
1	1202204887194	1202204893436
1	1202204895380	1202204897868
1	1202204915154	1202204917567
1	1202204919667	1202204920942
1	1202204924599	1202204930999
1	1202205047993	1202205053169
1	1202205057793	1202205060599
1	1202205070742	1202205076218
1	1202205085545	1202205089201
1	1202205090591	1202205096273
1	1202205099237	1202205102125
1	1202205105752	1202205111786
1	1202205114602	1202205119658
1	1202205131802	1202205133734
1	1202205138213	1202205142803
1	1202205147717	1202205152635
1	1202205158159	1202205162208
1	1202205166691	1202205170478
1	1202205200656	1202205207440
1	1202205213915	1202205216666
1	1202205216962	1202205224680
1	1202214484131	1202214485963
1	1202221491534	1202221493793
1	1202228123810	1202228125896
2	1202166003346	1202166004869
2	1202166006501	1202166009559
2	1202166107772	1202166111691
2	1202166133349	1202166136219
2	1202166243439	1202166247198
2	1202166260729	1202166263435
2	1202166472132	1202166478242
2	1202166541813	1202166544167
2	1202166619235	1202166623432
2	1202166632977	1202166636571
2	1202166640227	1202166641516
2	1202166688122	1202166690797
2	1202166763591	1202166765686
2	1202166795912	1202166799662
2	1202166941641	1202166944125
2	1202166952466	1202166955320
2	1202166960395	1202166963972
2	1202166968899	1202166973810
2	1202167530241	1202167533288
2	1202167643259	1202167647743
2	1202167718856	1202167722689
2	1202167786449	1202167788553
2	1202167831526	1202167833781
2	1202167845905	1202167849733
2	1202167892884	1202167898440
2	1202168195329	1202168198659
2	1202168204388	1202168205699
2	1202168224861	1202168227580
2	1202168242970	1202168249156
2	1202168262338	1202168265743
2	1202168332980	1202168336778
2	1202168343937	1202168347608
2	1202168358911	1202168361799
2	1202168392689	1202168396807
2	1202168408522	1202168409820
2	1202168410114	1202168413891
2	1202168507880	1202168509120
2	1202168509888	1202168512328
2	1202168548191	1202168550309
2	1202168615714	1202168617608
2	1202168621222	1202168622578
2	1202168702741	1202168705169
2	1202168735476	1202168737626
2	1202168751607	1202168755222
2	1202168762161	1202168767957
2	1202168768698	1202168771391
2	1202168781690	1202168783591
2	1202168824829	1202168829728
2	1202168851906	1202168853257
2	1202168857956	1202168859156
2	1202168899247	1202168906493
2	1202168908299	1202168916482
2	1202168933626	1202168935686
2	1202169173356	1202169175344
2	1202169180184	1202169182920
2	1202169184511	1202169187835
2	1202169346245	1202169348412
2	1202169383933	1202169386542
2	1202169454655	1202169457651
2	1202169567324	1202169569322
2	1202169621944	1202169624445
2	1202169765174	1202169767205
2	1202169993696	1202169997926
2	1202170066394	1202170068846
2	1202170231403	1202170235841
2	1202170248439	1202170257137
2	1202170265205	1202170267947
2	1202170458904	1202170460192
2	1202170548158	1202170549423
2	1202170549599	1202170552345
2	1202170648242	1202170650320
2	1202170653698	1202170656155
2	1202170664472	1202170667529
2	1202170667743	1202170670108
2	1202170715548	1202170717848
2	1202170732465	1202170734679
2	1202170772489	1202170773769
2	1202170779525	1202170781855
2	1202170823806	1202170827232
2	1202170865601	1202170867449
2	1202170901374	1202170906110
2	1202170922188	1202170924715
2	1202170958695	1202170961476
2	1202170975894	1202170978254
2	1202171080141	1202171082626
2	1202171094334	1202171095626
2	1202171125506	1202171128144
2	1202171142541	1202171144860
2	1202171156568	1202171158447
2	1202171198661	1202171200907
2	1202171262324	1202171264654
2	1202171308512	1202171310376
2	1202171355535	1202171357961
2	1202171554499	1202171556440
2	1202171571269	1202171573612
2	1202171578433	1202171581936
2	1202171591458	1202171593577
2	1202171621573	1202171623235
2	1202171722267	1202171724267
2	1202171761471	1202171763863
2	1202171801380	1202171803795
2	1202171827737	1202171830137
2	1202171861223	1202171863159
2	1202171880910	1202171884726
2	1202171893996	1202171897823
2	1202171989238	1202171993405
2	1202171998730	1202172000738
2	1202172025775	1202172029347
2	1202172031211	1202172033736
2	1202172037659	1202172041639
2	1202172128123	1202172132910
2	1202172143798	1202172145926
2	1202172151812	1202172155564
2	1202172213816	1202172214880
2	1202172265828	1202172267953
2	1202172291919	1202172294169
2	1202172338772	1202172342222
2	1202172344767	1202172348882
2	1202172349667	1202172354487
2	1202172489135	1202172491386
2	1202172497775	1202172500323
2	1202172530836	1202172533284
2	1202172614703	1202172617933
2	1202172626739	1202172629516
2	1202172643300	1202172648420
2	1202172649932	1202172652260
2	1202172652894	1202172663449
2	1202172668162	1202172672155
2	1202172823363	1202172825566
2	1202172830820	1202172834819
2	1202172863917	1202172866869
2	1202172975593	1202172979895
2	1202172981310	1202172983677
2	1202173001301	1202173003589
2	1202173041353	1202173043571
2	1202173046597	1202173047912
2	1202173063404	1202173065956
2	1202173072264	1202173074575
2	1202173107356	1202173109507
2	1202173110644	1202173112811
2	1202173229604	1202173233929
2	1202173272199	1202173274547
2	1202173280944	1202173282234
2	1202173484122	1202173486749
2	1202173502810	1202173505180
2	1202173576691	1202173579646
2	1202173582316	1202173584779
2	1202173634441	1202173637600
2	1202173678571	1202173681236
2	1202173719692	1202173723286
2	1202173725842	1202173728543
2	1202173769697	1202173772563
2	1202173784774	1202173789835
2	1202173847404	1202173850484
2	1202173851162	1202173853468
2	1202173905946	1202173915568
2	1202173917997	1202173921941
2	1202173928268	1202173933885
2	1202173944291	1202173946507
2	1202173949457	1202173954842
2	1202173977739	1202173980757
2	1202173988164	1202173990412
2	1202174001402	1202174006441
2	1202174006808	1202174008911
2	1202174009465	1202174015849
2	1202174016875	1202174033746
2	1202174037765	1202174042674
2	1202174046347	1202174051188
2	1202174051505	1202174053362
2	1202174053576	1202174054900
2	1202174055173	1202174059697
2	1202174071191	1202174073288
2	1202174075400	1202174077249
2	1202174080966	1202174087531
2	1202174127924	1202174129954
2	1202174139198	1202174144626
2	1202174153955	1202174157983
2	1202174159552	1202174162538
2	1202174170729	1202174173993
2	1202174190453	1202174192196
2	1202197230995	1202197233951
2	1202197548223	1202197551581
2	1202197582328	1202197584170
2	1202197629204	1202197632548
2	1202197734596	1202197737572
2	1202197738724	1202197741876
2	1202197778518	1202197780994
2	1202200286596	1202200288819
2	1202200794161	1202200796883
2	1202204235191	1202204237759
2	1202207644514	1202207646705
2	1202207840239	1202207844709
2	1202207850248	1202207852580
2	1202214487725	1202214489858
2	1202218614906	1202218616284
2	1202221752680	1202221753874
2	1202221754856	1202221757784
2	1202221766602	1202221768673
3	1202166536436	1202166538920
3	1202167734107	1202167737127
3	1202168356152	1202168358152
3	1202168387990	1202168393828
3	1202168393963	1202168398306
3	1202169518365	1202169520429
3	1202169645995	1202169649116
3	1202170735434	1202170737566
3	1202171549458	1202171553518
3	1202172650488	1202172651156
3	1202173896409	1202173898698
3	1202173907510	1202173911551
3	1202173951655	1202173956342
3	1202174003498	1202174007367
3	1202174022902	1202174031438
3	1202174055385	1202174058893
3	1202174070475	1202174076223
3	1202174077367	1202174083998
3	1202197232232	1202197234456
3	1202197289610	1202197294342
3	1202197294791	1202197297879
3	1202197551405	1202197553704
3	1202197555652	1202197563625
3	1202197570194	1202197580581
3	1202197580715	1202197584426
3	1202197625977	1202197631898
3	1202197735356	1202197741287
3	1202207643753	1202207648395
3	1202207653941	1202207657536
3	1202207840403	1202207843784
3	1202212288337	1202212294622
3	1202212316850	1202212325457
3	1202212332942	1202212337956
3	1202212348213	1202212351824
3	1202212514463	0
7	1202166120138	1202166122976
7	1202166286447	1202166288495
7	1202166364230	1202166365483
7	1202166438987	1202166441111
7	1202166486571	1202166489110
7	1202166493672	1202166496359
7	1202166740443	1202166743933
7	1202166754202	1202166756932
7	1202166893785	1202166898462
7	1202166966862	1202166970900
7	1202166971459	1202166974348
7	1202166985188	1202166989738
7	1202167007346	1202167011332
7	1202167011450	1202167013846
7	1202167074414	1202167078938
7	1202167087511	1202167090481
7	1202167154927	1202167156171
7	1202167357832	1202167359875
7	1202167503652	1202167506140
7	1202167532829	1202167535280
7	1202167535416	1202167537538
7	1202167628386	1202167630574
7	1202167638509	1202167645345
7	1202168737758	1202168742107
7	1202168764630	1202168770302
7	1202168785152	1202168791531
7	1202168855205	1202168857997
7	1202168887128	1202168889422
7	1202168908771	1202168910730
7	1202168911336	1202168918882
7	1202168922747	1202168925191
7	1202168980240	1202168984325
7	1202169080390	1202169083989
7	1202169436884	1202169442375
7	1202169542699	1202169543949
7	1202169554801	1202169557434
7	1202169573311	1202169575903
7	1202169977126	1202169978484
7	1202169987734	1202169989998
7	1202170197445	1202170199638
7	1202170230541	1202170232842
7	1202170233651	1202170237713
7	1202170368985	1202170373101
7	1202170408755	1202170410897
7	1202170446961	1202170448256
7	1202170477442	1202170479899
7	1202170493414	1202170495696
7	1202170890833	1202170894484
7	1202171448512	1202171456763
7	1202171482898	1202171485355
7	1202171485737	1202171489342
7	1202171503476	1202171505596
7	1202171528221	1202171529528
7	1202171567449	1202171569771
7	1202171736867	1202171737979
7	1202171738115	1202171739433
7	1202171775888	1202171780951
7	1202172020193	1202172022418
7	1202172154928	1202172159445
7	1202173038455	1202173041692
7	1202173436692	1202173438760
7	1202173894390	1202173898416
7	1202173940603	1202173951779
7	1202173955436	1202173959985
7	1202173962945	1202173968903
7	1202173970890	1202173974617
7	1202173983833	1202173985161
7	1202173991152	1202174020273
7	1202174020521	1202174054281
7	1202174129667	1202174134169
7	1202174145809	1202174148209
7	1202174169124	1202174171293
7	1202174179509	1202174182101
7	1202174184294	1202174189752
7	1202197236711	1202197238783
7	1202200288954	1202200293224
7	1202200297272	1202200300728
7	1202200306273	1202200310209
7	1202200310772	1202200314520
7	1202200328322	1202200332573
7	1202200335401	1202200338407
7	1202200359892	1202200363963
7	1202200433725	1202200436507
7	1202200437978	1202200439440
7	1202200439683	1202200441803
7	1202200790398	1202200792746
7	1202200922542	1202200925116
7	1202200926404	1202200930302
7	1202201126519	1202201128904
7	1202201253841	1202201256802
7	1202201260229	1202201263168
7	1202202122330	1202202124830
7	1202202293742	1202202295745
7	1202202299103	1202202302785
7	1202203183243	1202203185987
7	1202203187691	1202203191112
7	1202203236202	1202203238632
7	1202203241923	1202203246291
7	1202203278901	1202203281132
7	1202203287570	1202203290459
7	1202203835205	1202203839156
7	1202204219858	1202204229111
7	1202204232490	1202204235472
7	1202207571144	1202207590954
7	1202207592250	1202207603659
7	1202207613421	1202207618889
7	1202207625633	1202207626957
7	1202207634379	1202207639967
7	1202207651294	1202207653435
7	1202207653670	1202207655928
7	1202207658286	1202207665307
7	1202207667838	1202207678860
7	1202207841847	1202207844214
7	1202214484579	1202214486505
7	1202214595554	1202214596765
7	1202214599258	1202214599742
7	1202214805633	1202214807525
7	1202214807646	1202214811352
7	1202214822961	1202214825899
7	1202214828860	1202214832809
7	1202214882132	1202214884422
7	1202214885348	1202214888174
7	1202214986905	1202214989420
7	1202214990159	1202214992984
7	1202215065485	1202215067688
7	1202215068940	1202215071604
7	1202215151255	1202215153509
7	1202215261127	1202215263380
7	1202215428625	1202215431206
7	1202215539884	1202215544740
7	1202215614131	1202215617812
7	1202215629336	1202215632330
7	1202215634408	1202215638827
7	1202215883460	1202215885701
7	1202215886472	1202215888701
7	1202216543623	1202216551308
7	1202216610288	1202216612181
7	1202216616971	1202216620786
7	1202216622254	1202216625364
7	1202216626248	1202216627569
7	1202216786455	1202216791389
7	1202216975229	1202216981294
7	1202217124482	1202217126190
7	1202218077313	1202218079992
7	1202218081502	1202218084128
7	1202218085555	1202218089560
7	1202218094375	1202218103444
7	1202218141339	1202218143902
7	1202218400920	1202218410461
7	1202218603444	1202218609971
7	1202218805268	1202218809382
7	1202218916368	1202218921545
7	1202219047941	1202219056224
7	1202219079146	1202219081730
7	1202219085149	1202219087441
7	1202219147370	1202219154139
7	1202219787787	1202219793273
7	1202220092217	1202220094533
7	1202220308402	1202220310439
7	1202220442348	1202220444602
7	1202220507899	1202220509907
7	1202220525124	1202220529110
7	1202220535757	1202220537560
7	1202220541823	1202220545710
7	1202220547246	1202220549582
7	1202221255223	1202221262912
7	1202221288914	1202221295712
7	1202221309902	1202221315109
7	1202221459121	1202221463461
7	1202221463866	1202221470357
7	1202221491799	1202221495221
7	1202221624548	1202221624629
7	1202221629404	1202221631920
7	1202221633556	1202221643486
7	1202221668822	1202221674364
7	1202221743216	1202221747285
7	1202221758120	1202221764189
7	1202221764314	1202221767466
7	1202228004322	1202228010249
7	1202228037349	1202228039312
7	1202228052464	1202228054876
7	1202228057251	1202228063998
7	1202228064294	1202228069796
7	1202228069915	1202228075585
7	1202228077441	1202228079695
7	1202228081487	1202228085987
7	1202228087363	1202228089836
7	1202228092956	1202228118628
7	1202228118847	1202228129854
8	1202167644333	1202167648341
8	1202168735195	1202168739580
8	1202168768890	1202168772927
8	1202168780898	1202168785406
8	1202168823981	1202168826302
8	1202168910490	1202168917695
8	1202168933752	1202168937602
8	1202169172888	1202169176733
8	1202172031132	1202172035301
8	1202172127535	1202172132289
8	1202172342357	1202172349182
8	1202173907911	1202173915628
8	1202173929841	1202173934291
8	1202173969339	1202173971257
8	1202173973215	1202173977552
8	1202173987811	1202173991623
8	1202174017715	1202174021994
8	1202174050644	1202174057234
8	1202174079953	1202174083281
8	1202174127348	1202174131845
8	1202174135757	1202174139536
8	1202174196151	1202174196911
8	1202197778242	1202197781339
8	1202200313433	1202200316142
8	1202200326538	1202200329528
8	1202200337529	1202200340377
8	1202200353852	1202200355204
8	1202200793908	1202200797179
8	1202200919354	1202200923116
8	1202203804600	1202203807751
8	1202204214130	1202204216322
8	1202204228983	1202204238892
8	1202207568731	1202207575588
8	1202207584182	1202207586895
8	1202207601411	1202207605370
8	1202207611384	1202207615571
8	1202207636943	1202207641258
8	1202207648368	1202207651919
8	1202207842222	1202207845677
8	1202207850905	1202207855836
8	1202212349413	1202212352267
8	1202212513795	1202212515992
8	1202214474862	1202214477299
8	1202214487599	1202214490495
8	1202214593974	1202214597813
8	1202214809529	1202214813482
8	1202214820102	1202214823961
8	1202218613695	1202218618259
8	1202218802706	1202218807306
8	1202221750793	1202221758429
8	1202221766469	1202221770476
8	1202228001978	1202228005824
8	1202228131751	1202228135272
9	1202167644663	1202167648433
9	1202168734404	1202168736805
9	1202168769732	1202168772290
9	1202168934732	1202168936770
9	1202169172318	1202169174496
9	1202172031881	1202172035791
9	1202172126891	1202172130499
9	1202172343162	1202172347788
9	1202173908935	1202173914566
9	1202173940847	1202173945963
9	1202173973976	1202173977672
9	1202173987565	1202173990664
9	1202174051932	1202174057937
9	1202174078489	1202174084167
9	1202174084703	1202174089231
9	1202174105427	1202174115923
9	1202174125423	1202174129496
9	1202174131130	1202174133575
9	1202174191625	1202174200588
9	1202197779102	1202197782827
9	1202200285814	1202200287778
9	1202200794798	1202200798115
9	1202203804452	1202203807443
9	1202204212464	1202204215346
9	1202204233771	1202204238373
9	1202205223476	1202205225512
9	1202207568422	1202207572614
9	1202207602222	1202207604289
9	1202207638106	1202207640155
9	1202207647694	1202207649794
9	1202207851924	1202207855708
9	1202212287125	1202212291222
9	1202212349809	1202212353581
9	1202212394456	1202212397973
9	1202212512943	1202212516772
9	1202212517158	1202212521850
9	1202214488657	1202214490868
9	1202214593405	1202214595674
9	1202214810302	1202214812342
9	1202218614890	1202218617145
9	1202221767192	1202221770996
10	1202204654783	1202204657276
10	1202204824178	1202204826892
10	1202209464515	1202209466563
10	1202218466354	1202218468954
10	1202223285641	1202223288232
10	1202243052228	1202243056798
10	1202243080540	1202243083281
10	1202243250882	1202243252394
10	1202244705547	1202244707131
10	1202247113117	1202247115279
10	1202247407737	1202247409606
11	1202203985211	1202203989213
11	1202204401394	1202204403108
11	1202204655467	1202204658700
11	1202209464719	1202209467975
11	1202218465706	1202218469409
11	1202219845591	1202219847513
11	1202220043290	1202220045525
11	1202220280825	1202220282928
11	1202220289776	1202220290982
11	1202220291121	1202220294617
11	1202223268491	1202223272116
11	1202223285225	1202223287337
11	1202233352827	1202233354878
11	1202243051132	1202243055903
11	1202244705832	1202244707553
11	1202247113707	1202247115791
12	1202203932669	1202203935646
12	1202203937583	1202203941598
12	1202204479576	1202204483338
12	1202204484715	1202204486449
12	1202204497390	1202204500314
12	1202204500708	1202204502871
12	1202204513292	1202204515395
12	1202204517634	1202204519717
12	1202209467698	1202209470438
12	1202209470763	1202209472888
12	1202209477196	1202209479403
12	1202209490793	1202209495653
12	1202213229435	1202213232706
12	1202213240864	1202213242933
12	1202213245465	1202213249894
12	1202213477340	1202213480491
12	1202213482930	1202213485566
12	1202213489708	1202213490920
12	1202213492418	1202213500354
12	1202213503416	1202213505408
12	1202213508140	1202213511663
12	1202213516429	1202213517617
12	1202213517865	1202213524792
12	1202213531744	1202213538106
12	1202213538465	1202213541217
12	1202220045272	1202220057133
12	1202220082491	1202220086763
13	1202204502308	1202204505723
13	1202204509750	1202204512249
13	1202204521351	1202204525881
13	1202213251440	1202213253552
13	1202213464252	1202213467590
14	1202167645710	1202167647873
14	1202169171830	1202169173763
14	1202173932336	1202173934149
14	1202174102700	1202174104983
14	1202174107135	1202174109605
14	1202174118971	1202174120172
14	1202174122776	1202174126508
14	1202200315201	1202200317914
14	1202200352719	1202200354117
14	1202204236853	1202204239186
14	1202207610358	1202207612468
14	1202207638720	1202207640747
14	1202207646567	1202207648766
14	1202211255969	1202211258107
14	1202211541506	1202211547345
14	1202211547645	1202211550847
14	1202211552413	1202211554531
14	1202211557732	1202211561316
14	1202211566342	1202211568881
14	1202211586784	1202211589584
14	1202211603570	1202211605657
14	1202211606656	1202211610129
14	1202211711215	1202211713397
14	1202212518930	1202212523253
14	1202214810866	1202214812894
14	1202214818698	1202214820884
14	1202218615586	1202218617675
15	1202167645983	1202167650619
15	1202168732937	1202168735963
15	1202168770615	1202168774556
15	1202168779895	1202168781986
15	1202168935480	1202168939262
15	1202169171153	1202169173637
15	1202172033107	1202172036883
15	1202172125603	1202172128635
15	1202173931694	1202173934688
15	1202173939685	1202173942565
15	1202173974991	1202173977417
15	1202173985626	1202173988972
15	1202174056165	1202174061138
15	1202174086359	1202174088930
15	1202174102572	1202174104695
15	1202174106811	1202174111213
15	1202174114204	1202174115492
15	1202174115733	1202174118835
15	1202174119770	1202174121685
15	1202174122638	1202174126648
15	1202174194921	1202174196913
15	1202174199358	1202200286893
15	1202200315470	1202200317608
15	1202200339783	1202200342367
15	1202200351942	1202200353984
15	1202200795776	1202200799709
15	1202203802912	1202203805768
15	1202204237135	1202204239591
15	1202207567126	1202207569193
15	1202207602915	1202207605490
15	1202207638853	1202207640884
15	1202207646419	1202207648566
15	1202207853661	1202207855931
15	1202211256241	1202211258266
15	1202211267691	1202211271309
15	1202211288682	1202211292540
15	1202211372851	1202211379596
15	1202211416271	1202211421156
15	1202211432359	1202211437361
15	1202212285982	1202212288657
15	1202212396553	1202212399844
15	1202212511727	1202212514849
15	1202212518709	1202212524166
15	1202214473250	1202214475140
15	1202214489537	1202214492155
15	1202214592318	1202214594445
15	1202218615851	1202218619591
15	1202218801101	1202218804204
15	1202221768833	1202221772634
15	1202227999980	1202228002905
16	1202167646667	1202167650195
16	1202168732460	1202168735691
16	1202168771259	1202168774440
16	1202168936987	1202168938584
16	1202172033486	1202172036599
16	1202172125361	1202172127270
16	1202173939368	1202173941389
16	1202173985378	1202173988649
16	1202174199737	1202174201832
16	1202196996836	1202196998738
16	1202197780720	1202197782668
16	1202200284141	1202200286164
16	1202203802454	1202203803685
16	1202204208761	1202204210671
16	1202204237517	1202204240295
16	1202204822894	1202204825460
16	1202207568597	1202207570120
16	1202207854395	1202207857980
16	1202211412829	1202211419254
16	1202211521796	1202211525130
16	1202211602473	1202211605490
16	1202211677219	1202211682950
16	1202211692526	1202211696521
16	1202211714756	1202211716848
16	1202212285732	1202212287699
16	1202212408913	1202212410989
16	1202212431902	1202212437741
16	1202212446834	1202212451279
16	1202212490594	1202212494354
16	1202214472998	1202214474743
16	1202214592137	1202214594122
16	1202218616466	1202218618379
16	1202221769424	1202221771339
16	1202243050739	1202243054380
16	1202243081768	1202243084168
16	1202243249287	1202243252552
16	1202247114612	1202247116760
17	1202203941232	1202203944762
17	1202203953424	1202203956835
17	1202203961953	1202203963982
17	1202203967120	1202203972224
17	1202203987907	1202203991745
17	1202204238159	1202204240455
17	1202204398667	1202204402636
17	1202204477942	1202204481619
17	1202209479121	1202209483385
17	1202211391911	1202211397629
17	1202211411286	1202211418334
17	1202212448288	1202212451586
17	1202216959576	1202216962925
17	1202216969291	1202216974568
17	1202218465309	1202218467436
17	1202219824167	1202219826849
17	1202219827485	1202219831505
17	1202223284463	1202223286858
17	1202243050113	1202243054668
17	1202244706331	1202244708661
17	1202247114353	1202247116628
17	1202247406264	1202247408698
18	1202203897763	1202203898907
18	1202203951985	1202203953176
18	1202203969136	1202203974518
18	1202203983142	1202203986851
18	1202204399253	1202204402757
18	1202204485385	1202204488755
18	1202204496386	1202204500184
18	1202204514596	1202204519252
18	1202209467174	1202209469233
18	1202209477789	1202209481370
18	1202209483766	1202209485873
18	1202213248678	1202213251952
18	1202213465748	1202213468569
19	1202211167728	1202211168917
19	1202211175222	1202211177606
19	1202211261688	1202211263901
19	1202211428158	1202211438974
19	1202214060161	1202214063606
19	1202223496182	1202223499541
19	1202223700274	1202223702253
19	1202223702496	1202223704592
20	1202203997164	1202204002243
20	1202211167345	1202211169984
20	1202211176154	1202211178714
20	1202211181305	1202211183823
20	1202211258638	1202211261356
20	1202211262276	1202211265312
20	1202211341457	1202211349644
20	1202211381615	1202211396968
20	1202211406345	1202211418485
20	1202211426568	1202211429370
20	1202211434876	1202211446243
20	1202211492102	1202211499387
20	1202211501490	1202211508553
20	1202211522745	1202211527972
20	1202211536592	1202211539234
20	1202211715784	1202211726678
20	1202211731613	1202211736465
20	1202211812333	1202211814627
20	1202211821228	1202211821855
20	1202211830888	1202211832292
20	1202211841208	1202211842499
20	1202211924650	1202211928261
20	1202212024459	1202212036256
20	1202212041166	1202212049810
20	1202212070206	1202212073776
20	1202212098453	1202212101279
20	1202212257344	1202212259523
20	1202212293726	1202212295755
20	1202212328981	1202212331360
20	1202212331942	1202212333240
20	1202212341367	1202212354195
20	1202212357302	1202212359258
20	1202212368993	1202212372281
20	1202212389946	1202212394697
20	1202212406505	1202212408715
20	1202212429912	1202212432617
20	1202212434215	1202212440974
20	1202212454590	1202212459171
20	1202212511575	1202212518346
20	1202212594675	1202212598745
20	1202212679821	1202212684410
20	1202212697882	1202212701564
20	1202212707452	1202212707760
20	1202212836409	1202212838268
20	1202212838645	1202212841286
20	1202212845254	1202212849194
20	1202212852347	1202212855707
20	1202212856379	1202212870801
20	1202212892650	1202212905990
20	1202212913203	1202212915738
20	1202212945639	1202212947723
20	1202212949385	1202212952933
20	1202212962442	1202212964680
20	1202212965624	1202212968469
20	1202212976266	1202212977552
20	1202213044999	1202213051706
20	1202213165631	1202213166843
20	1202213426720	1202213430690
20	1202213474986	1202213479546
20	1202213552684	1202213555977
20	1202213612725	1202213615514
20	1202213619359	1202213623738
20	1202213672644	1202213673908
20	1202213721201	1202213723703
20	1202213793829	1202213795633
20	1202213796425	1202213798912
20	1202213879398	1202213887720
20	1202213893383	1202213897248
20	1202213909526	1202213910807
20	1202213925451	1202213932601
20	1202214034989	1202214039461
20	1202214055412	1202214066473
20	1202214109807	1202214111892
20	1202214119478	1202214122172
20	1202218840723	1202218843600
20	1202218843708	1202218847522
20	1202220073916	1202220082630
20	1202220327172	1202220329992
20	1202220481790	1202220484190
20	1202220484881	1202220487229
20	1202220690353	1202220693462
20	1202220740123	1202220742253
20	1202220742768	1202220745522
20	1202220782518	1202220783750
20	1202220827206	1202220829345
20	1202220937324	1202220944243
20	1202220970434	1202220976218
20	1202220978553	1202220982461
20	1202220983685	1202220988165
20	1202220988709	1202220992602
20	1202220993984	1202220996280
20	1202220999984	1202221006798
20	1202221007259	1202221015693
20	1202221029854	1202221032228
20	1202221128635	1202221129845
20	1202221169234	1202221170498
20	1202221937329	1202221946284
20	1202223277597	1202223282224
20	1202223283548	1202223288483
20	1202223415834	1202223420184
20	1202223423101	1202223427359
20	1202223470198	1202223473738
20	1202223474373	1202223481718
20	1202223485390	1202223491236
20	1202223492384	1202223498140
20	1202223499968	1202223503279
20	1202223503495	1202223511619
21	1202203995311	1202203999933
21	1202204000269	1202204005230
21	1202211166154	1202211169132
21	1202211177418	1202211186293
21	1202211232735	1202211235932
21	1202211237691	1202211242776
21	1202211257948	1202211260452
21	1202211263227	1202211269267
21	1202211291426	1202211293420
21	1202211293597	1202211298579
21	1202211304505	1202211315679
21	1202211325358	1202211327512
21	1202211328680	1202211331222
21	1202211332533	1202211335189
21	1202211337865	1202211340249
21	1202211340749	1202211344811
21	1202211347330	1202211353238
21	1202211379192	1202211385923
21	1202211444372	1202211450735
21	1202211476135	1202211480441
21	1202211487842	1202211496736
21	1202211520456	1202211524492
21	1202211537565	1202211543984
21	1202211714251	1202211719119
21	1202212528852	1202212539310
21	1202212867680	1202212871641
21	1202212891313	1202212894842
21	1202214056380	1202214058204
21	1202214061700	1202214064403
21	1202214108589	1202214111307
21	1202214119934	1202214122813
21	1202218838983	1202218842882
21	1202218844665	1202218850710
21	1202220072580	1202220076406
21	1202221940834	1202221947959
21	1202223156926	1202223159255
21	1202223275848	1202223279746
21	1202223283841	1202223289878
21	1202223414379	1202223418293
21	1202223424190	1202223430366
21	1202223456636	1202223461894
21	1202223508908	1202223514258
21	1202223594586	1202223604637
21	1202223607515	1202223612653
21	1202223698535	1202223700675
21	1202223703515	1202223706218
21	1202223792294	1202223794517
21	1202223796799	1202223798647
21	1202223848511	1202223853938
22	1202174104563	1202174107951
22	1202203994765	1202203998282
22	1202204002127	1202204006216
22	1202211231755	1202211235390
22	1202211240332	1202211244263
22	1202211507778	1202211511451
22	1202211519527	1202211522476
22	1202212535616	1202212538989
22	1202212868752	1202212871504
22	1202212890889	1202212893168
22	1202214062242	1202214065351
22	1202214107679	1202214110380
22	1202214120843	1202214123497
22	1202218838196	1202218841116
22	1202218847289	1202218850443
22	1202220071440	1202220074457
22	1202221943872	1202221947937
22	1202222094455	1202222099293
22	1202222103974	1202222105349
22	1202222126510	1202222132767
22	1202222326658	1202222331778
22	1202222332393	1202222342774
22	1202222343465	1202222345984
22	1202222351400	1202222366564
22	1202222862640	1202222864571
22	1202222876864	1202222879335
22	1202222935717	1202222938673
22	1202222946347	1202222951328
22	1202222951463	1202222953477
22	1202222955975	1202222960676
22	1202222964411	1202222964988
22	1202222972431	1202222973717
22	1202222973862	1202222985242
22	1202222985498	1202222986820
22	1202222986949	1202222989772
22	1202222990816	1202223007899
22	1202223047123	1202223054152
22	1202223080890	1202223088269
22	1202223153538	1202223161342
22	1202223173294	1202223175878
22	1202223253926	1202223259884
22	1202223260630	1202223264119
22	1202223271277	1202223274725
22	1202223286431	1202223290221
22	1202223309729	1202223315713
22	1202223330812	1202223335640
22	1202223389229	1202223395698
22	1202223413478	1202223416129
22	1202223427169	1202223431154
22	1202223455627	1202223458807
22	1202223460469	1202223468411
22	1202223510849	1202223514534
22	1202223574296	1202223579289
22	1202223583288	1202223591992
22	1202223593522	1202223597694
22	1202223600892	1202223614861
22	1202223616610	1202223621158
22	1202223696843	1202223700246
22	1202223705386	1202223706675
22	1202223790282	1202223792552
22	1202223798138	1202223801235
22	1202223834865	1202223837641
22	1202223851875	1202223855226
22	1202243248506	1202243250627
23	1202168731695	1202168733648
23	1202169170181	1202169173201
23	1202173933172	1202173936561
23	1202174101232	1202174104279
23	1202200283195	1202200285337
23	1202200316694	1202200318539
23	1202200323276	1202200326637
23	1202200342596	1202200343351
23	1202200797293	1202200799163
23	1202203944228	1202203945924
23	1202203948435	1202203950871
23	1202203991965	1202203995656
23	1202204003373	1202204007272
23	1202204238729	1202204242257
23	1202204658306	1202204660419
23	1202204821830	1202204825256
23	1202207604307	1202207606464
23	1202207609300	1202207611238
23	1202207639831	1202207642411
23	1202207644959	1202207647616
23	1202207855404	1202207857824
23	1202211163901	1202211166540
23	1202211512262	1202211516152
23	1202211518775	1202211520594
23	1202212398648	1202212400516
23	1202212536743	1202212540890
23	1202212869752	1202212872535
23	1202212889900	1202212892485
23	1202214063327	1202214067496
23	1202214106917	1202214109667
23	1202214472306	1202214474398
23	1202214812928	1202214813711
23	1202218617266	1202218618990
23	1202218837239	1202218839976
23	1202218848309	1202218852462
23	1202220070562	1202220073388
23	1202221987263	1202221991314
23	1202222004536	1202222007144
23	1202222068884	1202222074136
23	1202222083337	1202222096628
23	1202222097946	1202222105223
23	1202222150173	1202222152105
23	1202222161698	1202222163660
23	1202222592445	1202222596237
23	1202222935440	1202222937516
23	1202222958345	1202222960791
23	1202223005684	1202223008349
23	1202223022769	1202223024668
23	1202223028254	1202223031532
23	1202223052391	1202223059166
23	1202223086845	1202223093250
23	1202223151384	1202223154723
23	1202223264297	1202223271981
23	1202223324650	1202223329936
23	1202223336599	1202223340769
23	1202223347656	1202223360655
23	1202223395844	1202223401240
23	1202223411465	1202223415106
23	1202223428737	1202223430964
23	1202224042209	1202224043449
23	1202224828462	1202224834530
23	1202225040939	1202225043670
23	1202225050848	1202225054951
23	1202243082881	1202243085912
23	1202243248355	1202243250501
23	1202247115533	1202247118725
23	1202247128608	1202247131726
24	1202167648887	1202167651974
24	1202168720175	1202168724247
24	1202168773122	1202168776463
24	1202168776580	1202168779460
24	1202168937730	1202168940717
24	1202172035237	1202172037911
24	1202172123424	1202172127250
24	1202173937481	1202173940261
24	1202173977201	1202173980353
24	1202173982807	1202173986242
24	1202174088577	1202174091760
24	1202174100342	1202174102196
24	1202174197520	1202174199957
24	1202174201521	1202174204464
24	1202196994634	1202196997246
24	1202197782256	1202197784792
24	1202200282348	1202200284443
24	1202200798126	1202200801304
24	1202200916350	1202200918572
24	1202203800454	1202203802325
24	1202203891188	1202203892388
24	1202203904414	1202203906620
24	1202203927791	1202203929875
24	1202203974742	1202203978720
24	1202204006343	1202204008864
24	1202204207135	1202204209174
24	1202204239377	1202204243489
24	1202205226331	1202205228594
24	1202207565428	1202207568321
24	1202207856777	1202207859955
24	1202211162923	1202211165769
24	1202211187185	1202211189906
24	1202211513381	1202211518633
24	1202211726512	1202211730552
24	1202212283955	1202212286843
24	1202212399360	1202212402305
24	1202212406647	1202212409715
24	1202212449490	1202212453142
24	1202212488319	1202212491126
24	1202212538127	1202212541247
24	1202212871491	1202212873754
24	1202212888658	1202212891469
24	1202214471532	1202214473812
24	1202214491833	1202214494268
24	1202214590339	1202214592803
24	1202216971740	1202216973860
24	1202218618634	1202218621160
24	1202218798948	1202218801492
24	1202219822537	1202219825678
24	1202220293261	1202220295303
24	1202221771476	1202221774715
24	1202221950715	1202221955617
24	1202221957429	1202221961841
24	1202221979369	1202221983815
24	1202223283272	1202223286999
24	1202223339356	1202223344744
24	1202224135195	1202224137561
24	1202224218923	1202224220855
24	1202224232231	1202224238558
24	1202224244984	1202224247291
24	1202224321535	1202224323589
24	1202224342912	1202224345998
24	1202224365212	1202224369268
24	1202224417330	1202224418552
24	1202224419467	1202224422112
24	1202224426803	1202224428805
24	1202224429343	1202224431866
24	1202224553316	1202224555301
24	1202224826786	1202224829968
24	1202224841933	1202224844926
24	1202224997212	1202225002239
24	1202225002369	1202225008653
24	1202227998278	1202228000234
24	1202228135307	1202228137390
24	1202243049482	1202243052896
24	1202244713163	1202244715112
24	1202247130266	1202247132410
24	1202247405528	1202247407604
25	1202172035543	1202172036767
25	1202203906128	1202203908764
25	1202203911165	1202203916122
25	1202203973372	1202203977829
25	1202203978205	1202203984670
25	1202204240171	1202204243774
25	1202204397369	1202204400502
25	1202204403224	1202204407192
25	1202204487175	1202204490723
25	1202204494751	1202204498120
25	1202207858164	1202207860436
25	1202209505346	1202209508481
25	1202211382930	1202211392983
25	1202211727373	1202211731474
25	1202212449928	1202212451152
25	1202213165957	1202213170237
25	1202216957108	1202216961716
25	1202216972227	1202216975760
25	1202218463763	1202218466423
25	1202219821699	1202219825844
25	1202219829647	1202219832517
25	1202219839132	1202219842970
25	1202220293752	1202220297170
25	1202221962113	1202221965316
25	1202221978249	1202221980517
25	1202223270741	1202223274711
25	1202224137765	1202224139611
25	1202224768422	1202224770892
25	1202225291361	1202225293329
25	1202225342322	1202225344668
25	1202225629594	1202225631468
25	1202225644937	1202225646655
25	1202233355927	1202233358260
25	1202243048904	1202243052503
25	1202247130782	1202247134956
25	1202247405373	1202247407472
26	1202222236695	1202222243297
26	1202222843547	1202222845549
26	1202222926779	1202222931825
26	1202225206627	1202225208341
26	1202225213402	1202225214638
26	1202225339240	1202225342642
26	1202225344240	1202225346344
26	1202225673539	1202225675443
26	1202225731518	1202225733180
26	1202225766928	1202225769966
26	1202225834849	1202225837236
26	1202225841385	1202225842621
27	1202174059835	1202174063472
27	1202174078789	1202174082827
27	1202174094767	1202174098524
27	1202174102850	1202174106944
27	1202204659432	1202204662706
27	1202204820608	1202204823276
27	1202209990390	1202209992228
27	1202221945438	1202221948265
27	1202222220341	1202222222420
27	1202222232415	1202222235817
27	1202222245340	1202222247360
27	1202222373348	1202222381415
27	1202222384206	1202222417637
27	1202222417775	1202222423188
27	1202222424436	1202222436803
27	1202222441150	1202222446212
27	1202222453299	1202222456596
27	1202222472425	1202222478542
27	1202222480328	1202222495735
27	1202222496679	1202222499393
27	1202222502841	1202222513618
27	1202222514262	1202222528491
27	1202222534450	1202222537254
27	1202222554179	1202222566596
27	1202222570202	1202222576887
27	1202222577843	1202222584719
27	1202222604423	1202222609277
27	1202222617394	1202222621158
27	1202222621377	1202222623363
27	1202222624909	1202222632985
27	1202222637206	1202222644284
27	1202222644722	1202222654716
27	1202222654957	1202222666335
27	1202222668658	1202222685494
27	1202222688814	1202222717893
27	1202222718483	1202222723335
27	1202222736602	1202222740958
27	1202222743770	1202222747701
27	1202222753337	1202222754561
27	1202222761457	1202222768447
27	1202222769265	1202222781808
27	1202222788108	1202222793142
27	1202222798800	1202222803661
27	1202222807267	1202222813475
27	1202222814397	1202222819674
27	1202222832425	1202222834748
27	1202222835386	1202222838594
27	1202222845265	1202222850568
27	1202222851236	1202222854293
27	1202222854679	1202222857398
27	1202222859208	1202222866147
27	1202222870310	1202222875103
27	1202222876729	1202222879198
27	1202222897721	1202222903870
27	1202222904584	1202222908421
27	1202222910184	1202222916326
27	1202222918434	1202222922541
27	1202223078634	1202223079788
27	1202223113785	1202223116372
27	1202223376632	1202223378556
27	1202223559335	1202223561920
27	1202223571637	1202223573260
27	1202223574126	1202223576623
27	1202243083877	1202243086983
27	1202243116688	1202243118322
27	1202243247397	1202243250754
27	1202247116363	1202247119611
27	1202247126642	1202247130290
28	1202200317728	1202200319665
28	1202200320483	1202200324172
28	1202200342781	1202200345585
28	1202200345791	1202200348452
28	1202200348636	1202200352260
28	1202207604784	1202207613244
28	1202207640478	1202207646841
28	1202209963102	1202209965810
28	1202209990635	1202209993552
28	1202214121923	1202214127760
28	1202214812590	1202214820136
28	1202221946531	1202221949763
28	1202221986753	1202221990913
28	1202222065418	1202222070584
28	1202222182878	1202222185454
28	1202222246585	1202222252664
28	1202222264105	1202222267762
28	1202222268308	1202222270857
28	1202222273796	1202222279995
28	1202222289694	1202222292672
28	1202222304913	1202222307240
28	1202222308902	1202222311379
28	1202222312433	1202222314630
28	1202222321460	1202222328229
28	1202222436545	1202222441272
28	1202222587109	1202222592901
28	1202222593355	1202222594292
28	1202222594828	1202222604171
28	1202222611115	1202222618242
28	1202223008978	1202223011510
28	1202223017821	1202223023310
28	1202223029989	1202223033598
28	1202223034241	1202223037807
28	1202223040269	1202223047664
28	1202223057218	1202223061744
28	1202223069349	1202223080409
28	1202223091706	1202223093778
28	1202223094812	1202223095316
28	1202223100171	1202223100588
28	1202223111700	1202223115123
28	1202223125291	1202223127715
28	1202223128990	1202223133492
28	1202223137725	1202223142500
28	1202223177426	1202223181858
28	1202223189967	1202223194399
28	1202223214860	1202223217646
28	1202223228662	1202223236416
28	1202223242293	1202223247890
28	1202223248684	1202223256332
28	1202223289738	1202223295216
28	1202223297563	1202223298803
28	1202223303772	1202223311979
28	1202223326556	1202223331406
28	1202223345600	1202223349504
28	1202223378416	1202223379608
28	1202223384191	1202223387574
28	1202223453435	1202223456761
28	1202223513700	1202223519298
28	1202223550472	1202223553912
28	1202223708214	1202223710822
28	1202223785672	1202223786856
28	1202223787490	1202223791522
28	1202243116971	1202243119562
28	1202243160914	1202243163178
28	1202243184309	1202243186825
28	1202243230184	1202243232160
29	1202168719340	1202168720805
29	1202168774319	1202168776340
29	1202174089588	1202174091623
29	1202209962641	1202209964605
29	1202214124587	1202214127473
29	1202223466732	1202223469647
29	1202223472209	1202223476758
29	1202223517393	1202223521254
29	1202227994988	1202227996632
29	1202243160416	1202243162296
30	1202167650570	1202167654301
30	1202168718420	1202168722127
30	1202168774204	1202168778425
30	1202169168346	1202169171673
30	1202172036271	1202172039918
30	1202172122214	1202172125849
30	1202173935458	1202173940133
30	1202174089762	1202174094642
30	1202174203852	1202174206753
30	1202196993711	1202196995888
30	1202197783551	1202197785461
30	1202200280855	1202200283546
30	1202200799457	1202200801958
30	1202200914510	1202200916871
30	1202203883115	1202203885125
30	1202204007678	1202204011666
30	1202204205665	1202204206897
30	1202204241630	1202204245363
30	1202204395309	1202204399790
30	1202204404744	1202204407548
30	1202204472150	1202204478108
30	1202204488933	1202204496549
30	1202207563869	1202207567907
30	1202207857612	1202207861881
30	1202207988781	1202207993330
30	1202209499447	1202209501384
30	1202209501505	1202209503395
30	1202209508101	1202209510154
30	1202209510739	1202209518310
30	1202209961120	1202209963859
30	1202209992434	1202209995678
30	1202211162137	1202211165248
30	1202211188457	1202211190303
30	1202211232702	1202211236853
30	1202211270259	1202211273319
30	1202211347849	1202211350180
30	1202211381141	1202211386143
30	1202211512541	1202211519124
30	1202211729229	1202211732610
30	1202212282926	1202212286493
30	1202212400275	1202212402930
30	1202212405116	1202212409787
30	1202212450818	1202212453764
30	1202212487275	1202212490584
30	1202212539448	1202212542323
30	1202212872563	1202212875487
30	1202212887526	1202212890290
30	1202213168635	1202213169839
30	1202214065831	1202214069567
30	1202214105366	1202214108728
30	1202214125390	1202214128866
30	1202214470224	1202214472880
30	1202214588654	1202214591228
30	1202216956701	1202216959908
30	1202216973209	1202216976653
30	1202218619107	1202218622920
30	1202218798633	1202218800316
30	1202218835720	1202218837419
30	1202218851375	1202218855407
30	1202219820750	1202219824625
30	1202219838365	1202219841136
30	1202220068344	1202220071898
30	1202220294336	1202220296878
30	1202221772899	1202221776715
30	1202223281484	1202223287141
30	1202223464959	1202223468261
30	1202223473469	1202223477422
30	1202223732298	1202223739318
30	1202223740647	1202223744240
30	1202223744922	1202223748531
30	1202223763721	1202223768718
30	1202223768919	1202223771509
30	1202223774772	1202223777170
30	1202223778779	1202223782914
30	1202223784218	1202223785504
30	1202224459982	1202224464312
30	1202224503364	1202224505384
30	1202224510738	1202224518953
30	1202224522415	1202224528506
30	1202224578111	1202224580238
30	1202224600558	1202224607492
30	1202224640165	1202224643101
30	1202224684501	1202224689505
30	1202224696982	1202224701294
30	1202224801987	1202224808927
30	1202224812902	1202224819871
30	1202224916919	1202224918143
30	1202224946137	1202224948209
30	1202224985324	1202224988386
30	1202224993748	1202224998331
30	1202225013299	1202225016584
30	1202225035355	1202225039809
30	1202225062510	1202225065823
30	1202225071278	1202225073775
30	1202225282251	1202225286849
30	1202225402359	1202225404499
30	1202225418661	1202225421295
30	1202225778966	1202225782488
30	1202225822850	1202225824104
30	1202225826551	1202225828625
30	1202226044141	1202226046856
30	1202227994266	1202228000354
30	1202243047184	1202243052506
30	1202243118500	1202243120990
30	1202243159174	1202243161762
30	1202243185702	1202243187844
30	1202243228810	1202243230845
30	1202244711609	1202244714372
30	1202247132124	1202247134963
30	1202247401858	1202247408564
31	1202167651702	1202167656765
31	1202168716414	1202168719294
31	1202168940193	1202168945712
31	1202169164533	1202169170182
31	1202172037607	1202172040403
31	1202172120324	1202172122908
31	1202174200750	1202174204278
31	1202174204621	1202174210360
31	1202194908630	1202194912677
31	1202196991835	1202196995458
31	1202197117477	1202197119871
31	1202197122799	1202197129334
31	1202197784385	1202197786635
31	1202197788369	1202197790967
31	1202200156900	1202200170880
31	1202200199177	1202200201203
31	1202200279533	1202200282213
31	1202200800764	1202200803501
31	1202200913471	1202200915899
31	1202203591308	1202203593732
31	1202203792213	1202203794730
31	1202203880437	1202203881711
31	1202204204635	1202204207264
31	1202204211355	1202204224358
31	1202204242100	1202204246308
31	1202204316512	1202204318747
31	1202204405286	1202204408113
31	1202204469730	1202204474402
31	1202205228306	1202205230325
31	1202205557571	1202205566623
31	1202207562536	1202207567772
31	1202207851760	1202207855566
31	1202207859404	1202207864138
31	1202207910555	1202207912919
31	1202207925670	1202207929410
31	1202207986392	1202207988814
31	1202208095894	1202208097862
31	1202209517108	1202209518980
31	1202209527881	1202209528890
31	1202209993288	1202209995524
31	1202210485359	1202210487808
31	1202211160341	1202211163504
31	1202213162360	1202213166961
31	1202213545799	1202213548957
31	1202213549221	1202213554962
31	1202214067241	1202214071227
31	1202214104319	1202214106563
31	1202214126314	1202214128982
31	1202214469456	1202214472712
31	1202214494628	1202214496610
31	1202214563554	1202214566708
31	1202215229832	1202215232874
31	1202215342151	1202215348679
31	1202215637141	1202215640429
31	1202216974253	1202216977883
31	1202217055253	1202217057603
31	1202217079972	1202217085773
31	1202217657654	1202217660159
31	1202218621381	1202218625108
31	1202218796850	1202218799351
31	1202218833650	1202218836786
31	1202218852960	1202218858141
31	1202219669289	1202219673550
31	1202220067645	1202220069556
31	1202221774440	1202221777787
31	1202223322109	1202223325317
31	1202223463405	1202223466343
31	1202223944725	1202223947118
31	1202224657478	1202224659870
31	1202224681797	1202224683817
31	1202226046590	1202226051296
31	1202227631919	1202227634967
31	1202227644663	1202227647916
31	1202227992924	1202227995630
31	1202228137126	1202228139127
31	1202233358980	1202233362160
31	1202233362553	1202233364900
31	1202243044966	1202243049278
31	1202243119894	1202243123935
31	1202243125158	1202243127281
31	1202243158328	1202243160947
31	1202243186961	1202243189481
31	1202247133825	1202247137588
31	1202247400623	1202247403232
32	1202194912412	1202194916301
32	1202194918516	1202194923686
32	1202197056379	1202197060365
32	1202197114190	1202197120133
32	1202197131237	1202197134103
32	1202200156600	1202200158324
32	1202200164555	1202200169365
32	1202200199557	1202200201381
32	1202200968685	1202200972477
32	1202203592243	1202203594362
32	1202204010678	1202204013220
32	1202204014882	1202204016960
32	1202204211131	1202204214856
32	1202204220718	1202204224744
32	1202204315108	1202204319612
32	1202204319754	1202204320974
32	1202204329367	1202204331598
32	1202204336854	1202204341252
32	1202204394141	1202204398291
32	1202205562233	1202205565313
32	1202207538825	1202207541326
32	1202207562644	1202207567398
32	1202207772463	1202207781130
32	1202207850414	1202207853822
32	1202207860749	1202207863824
32	1202207911362	1202207914532
32	1202207925656	1202207927131
32	1202207987202	1202207990829
32	1202207991127	1202207993722
32	1202208094936	1202208097114
32	1202209526648	1202209527832
32	1202209960463	1202209962445
32	1202210486312	1202210489335
32	1202211189577	1202211193493
32	1202211201603	1202211206973
32	1202211211775	1202211217335
32	1202211221434	1202211225115
32	1202211225317	1202211227651
32	1202211231518	1202211235550
32	1202211730211	1202211734108
32	1202212282137	1202212284529
32	1202212401812	1202212406913
32	1202212451972	1202212453918
32	1202212486490	1202212490400
32	1202212540378	1202212543455
32	1202212874151	1202212876308
32	1202212887384	1202212889533
32	1202213210937	1202213215557
32	1202213221399	1202213225906
32	1202214565100	1202214571682
32	1202214587479	1202214589877
32	1202215231186	1202215234380
32	1202215342374	1202215344278
32	1202215345618	1202215348535
32	1202215638305	1202215642640
32	1202216021278	1202216027761
32	1202216954647	1202216958805
32	1202217056155	1202217058852
32	1202217079813	1202217082172
32	1202217658266	1202217660450
32	1202218620335	1202218623872
32	1202219668643	1202219672288
32	1202219819765	1202219822835
32	1202219830464	1202219832812
32	1202219837648	1202219841188
32	1202220294999	1202220297384
32	1202222001232	1202222006589
32	1202222232931	1202222238546
32	1202222929271	1202222931507
32	1202223321739	1202223325188
32	1202223475161	1202223478893
32	1202223505730	1202223513113
32	1202223732570	1202223733909
32	1202225015182	1202225020520
32	1202227632279	1202227633963
32	1202227644760	1202227647310
33	1202174061561	1202174065812
33	1202174077487	1202174080853
33	1202174096864	1202174100470
33	1202174101406	1202174105112
33	1202204660140	1202204664819
33	1202204819560	1202204822745
33	1202209964886	1202209967710
33	1202209988940	1202209991842
33	1202243085254	1202243087834
33	1202243115222	1202243117986
33	1202243162409	1202243165213
33	1202243182989	1202243184693
33	1202247117803	1202247121837
33	1202247125190	1202247128624
34	1202174063205	1202174065267
34	1202204818299	1202204822288
34	1202209966196	1202209968686
34	1202209987659	1202209991174
34	1202243085637	1202243088936
34	1202243114727	1202243116324
34	1202243163376	1202243165864
34	1202243168822	1202243174697
34	1202243231421	1202243233292
34	1202243244347	1202243249567
34	1202247118528	1202247127936
36	1202174099718	1202174101838
36	1202204661615	1202204665905
36	1202204668266	1202204674215
36	1202204680602	1202204685191
36	1202204685312	1202204701599
36	1202204795109	1202204798512
36	1202204805310	1202204806481
36	1202204810861	1202204815213
36	1202204817739	1202204823153
36	1202209988506	1202209990511
36	1202243114958	1202243116949
37	1202243113995	1202243115633
37	1202243244696	1202243246191
