1	1200987346942	1200987349482
1	1200987397525	1200987401395
1	1200987434845	1200987440181
1	1200987885804	1200987889333
1	1200987909935	1200987912769
1	1200988031744	1200988037873
1	1200988194464	1200988196572
1	1200988478619	1200988485151
1	1200988516395	1200988529712
1	1200988530542	1200988531809
1	1200988534697	1200988540208
1	1200988731630	1200988736818
1	1200988753132	1200988757152
1	1200988777326	1200988781714
1	1200988828719	1200988836509
1	1200988891413	1200988896880
1	1200988904394	1200988906671
1	1200988949451	1200988950706
1	1200988975498	1200988977738
1	1200989044958	1200989047686
1	1200989088626	1200989089861
1	1200989090278	1200989093633
1	1200989112971	1200989116118
1	1200990097859	1200990101530
1	1201029080238	1201029082404
1	1201035450912	1201035453496
1	1201037924937	1201037927441
1	1201040195346	1201040196545
2	1200988514890	1200988516885
2	1200990094979	1200990098496
2	1201004999809	1201005002876
2	1201005020645	1201005022649
2	1201008137209	1201008140427
2	1201010448151	1201010450543
2	1201019470684	1201019472323
2	1201029115379	1201029118556
2	1201029147700	1201029149169
2	1201029256537	1201029258494
2	1201032819187	1201032821407
2	1201032919179	1201032921955
2	1201035453152	1201035455652
2	1201037869850	1201037872242
2	1201037913678	1201037915682
2	1201037932937	1201037935360
2	1201038033644	1201038035427
2	1201038049821	1201038053431
2	1201038715757	1201038716903
2	1201039015938	1201039019674
2	1201039040288	1201039045278
2	1201039045647	1201039047836
2	1201039071759	1201039079393
2	1201039087220	1201039092899
2	1201039093556	1201039095550
2	1201039116537	1201039117809
2	1201039146821	1201039149300
2	1201039171911	1201039174566
2	1201039176433	1201039181262
2	1201039184106	1201039186743
2	1201039199857	1201039201769
2	1201039205863	1201039209960
2	1201039221553	1201039222828
2	1201039456578	1201039463390
2	1201039469559	1201039471922
2	1201039538232	1201039540700
2	1201039559431	1201039562838
2	1201039575331	1201039577678
2	1201039590938	1201039591405
2	1201039668453	1201039670869
2	1201039709783	1201039715938
2	1201039741737	1201039743111
2	1201039788532	1201039790970
2	1201039807197	1201039812589
2	1201039812715	1201039814705
2	1201039817554	1201039823435
2	1201039849241	1201039851253
2	1201039851877	1201039856171
2	1201039857765	1201039876229
2	1201039878615	1201039880649
2	1201039886635	1201039889859
2	1201039890735	1201039893343
2	1201039961105	1201039963573
2	1201039983376	1201039986358
2	1201040062700	1201040073782
2	1201040075236	1201040077314
2	1201040085626	1201040087707
2	1201040101753	1201040110744
2	1201040111772	1201040113656
2	1201040146756	1201040149902
2	1201040153422	1201040155528
2	1201040178786	1201040182235
2	1201040315919	1201040317891
2	1201040328728	1201040330480
2	1201040362275	1201040364237
3	1200988453712	1200988465539
3	1200988469202	1200988475297
3	1200988479404	1200988492313
3	1200988493853	1200988498540
3	1200988505625	1200988512249
3	1200988512885	1200988517471
3	1201039791730	1201039804219
3	1201040307181	1201040309185
3	1201040312871	1201040314641
3	1201040314825	1201040316817
3	1201040363260	1201040368187
7	1200990101108	1200990104152
7	1200990105108	1200990112384
7	1200990112764	1200990120624
7	1200990121972	1200990132204
7	1200990145954	1200990154847
7	1200990156629	1200990166378
7	1200990167726	1200990171858
7	1200990183303	1200990194737
7	1200990199175	1200990205376
7	1200990210340	1200990214324
7	1200990217450	1200990219311
7	1200990263736	1200990276528
7	1200990293755	1200990300539
7	1200992032118	1200992037282
7	1200992639290	1200992641327
7	1200993520941	1200993523277
7	1200993527634	1200993531311
7	1200993726167	1200993727386
7	1200993955517	1200993958136
7	1200993960165	1200993965198
7	1200993966432	1200993968640
7	1200993968998	1200993974827
7	1200993975447	1200993976792
7	1200993976943	1200993979489
7	1200994208416	1200994213505
7	1200994219182	1200994223205
7	1200994258702	1200994260268
7	1200994260482	1200994264759
7	1200994276239	1200994277560
7	1200994461345	1200994463345
7	1200994463960	1200994466906
7	1200994646767	1200994650459
7	1200994924685	1200994930470
7	1200994931270	1200994939254
7	1200994943799	1200994946196
7	1200995088171	1200995090557
7	1200995408712	1200995411856
7	1200995413940	1200995417238
7	1200995463287	1200995466563
7	1200996065363	1200996067741
7	1200996127156	1200996129432
7	1200996129883	1200996135103
7	1200996287294	1200996292382
7	1200996339437	1200996340699
7	1200997096689	1200997111814
7	1200997245441	1200997249712
7	1200997586152	1200997588490
7	1200997898524	1200997903640
7	1200997903965	1200997910936
7	1200997989133	1200997991286
7	1200997992114	1200998000958
7	1200998093302	1200998095867
7	1200998100187	1200998102225
7	1200998337285	1200998341289
7	1200998686211	1200998690220
7	1200998692560	1200998693884
7	1200998694231	1200998696755
7	1200998700715	1200998704853
7	1200998705439	1200998710241
7	1200998713854	1200998728581
7	1201005001131	1201005011338
7	1201005013493	1201005015373
7	1201005015626	1201005017362
7	1201005018981	1201005021878
7	1201005034102	1201005038492
7	1201005042832	1201005050875
7	1201005146346	1201005148978
7	1201005160793	1201005162113
7	1201005193347	1201005205252
7	1201005205540	1201005209860
7	1201005242326	1201005248199
7	1201005259890	1201005262126
7	1201005280316	1201005281621
7	1201005312887	1201005315111
7	1201005355723	1201005358148
7	1201005408761	1201005411794
7	1201005486482	1201005490544
7	1201005524580	1201005526938
7	1201005847357	1201005849823
7	1201005952347	1201005954495
7	1201006147961	1201006148691
7	1201006257743	1201006258975
7	1201006412262	1201006413472
7	1201006414248	1201006416893
7	1201006542351	1201006544394
7	1201006804950	1201006810484
7	1201007381553	1201007385316
7	1201007436768	1201007439501
7	1201007468994	1201007470807
7	1201007771809	1201007773809
7	1201007774404	1201007776639
7	1201007917659	1201007921367
7	1201008011705	1201008016113
7	1201008263544	1201008269211
7	1201008783651	1201008785927
7	1201008787603	1201008790872
7	1201009152626	1201009153875
7	1201009162562	1201009168702
7	1201009362400	1201009364931
7	1201009382354	1201009383922
7	1201009388157	1201009390685
7	1201009410874	1201009414297
7	1201009456343	1201009458434
7	1201009464360	1201009468516
7	1201009854460	1201009858154
7	1201010132936	1201010135207
7	1201010139428	1201010143605
7	1201010171885	1201010175332
7	1201010176332	1201010182272
7	1201010381962	1201010384916
7	1201010434156	1201010436366
7	1201010442215	1201010449253
7	1201014048201	1201014050125
7	1201014201801	1201014203143
7	1201014796691	1201014801670
7	1201014808451	1201014811539
7	1201014812934	1201014817763
7	1201015186507	1201015192200
7	1201015202304	1201015204883
7	1201015250382	1201015254168
7	1201015257556	1201015259550
7	1201015264118	1201015266487
7	1201015832115	1201015833230
7	1201015849820	1201015852274
7	1201015969614	1201015972135
7	1201015973644	1201015976524
7	1201015980596	1201015982920
7	1201016065480	1201016071544
7	1201016078145	1201016080457
7	1201016087521	1201016088830
7	1201016096456	1201016099199
7	1201016301658	1201016302860
7	1201016351977	1201016354325
7	1201016883948	1201016890436
7	1201016890689	1201016891894
7	1201017191884	1201017194282
7	1201017738642	1201017741206
7	1201017741570	1201017743768
7	1201017746986	1201017749813
7	1201018528962	1201018531920
7	1201018532692	1201018534944
7	1201018535240	1201018537991
7	1201018540303	1201018549864
7	1201018919223	1201018923167
7	1201019097909	1201019100130
7	1201019102223	1201019105382
7	1201019426236	1201019446838
7	1201019454492	1201019456497
7	1201019459220	1201019462135
7	1201029119786	1201029125365
7	1201029125725	1201029137162
7	1201029137554	1201029140236
7	1201029258315	1201029259997
7	1201029261863	1201029264573
7	1201029276863	1201029278180
7	1201029287171	1201029292193
7	1201029292486	1201029297429
7	1201029308504	1201029310742
7	1201029356855	1201029358571
7	1201029363789	1201029366306
7	1201029843291	1201029845721
7	1201029880686	1201029887766
7	1201030044884	1201030046225
7	1201030058860	1201030061471
7	1201030062238	1201030068499
7	1201030099767	1201030104693
7	1201032104668	1201032106996
7	1201032107324	1201032110432
7	1201032260804	1201032274177
7	1201032540200	1201032542535
7	1201032590106	1201032592415
7	1201032779849	1201032784906
7	1201032788479	1201032792322
7	1201032817354	1201032820112
7	1201032940846	1201032943167
7	1201033033202	1201033038877
7	1201033634213	1201033636637
7	1201033657380	1201033658670
7	1201033676819	1201033680766
7	1201034024721	1201034025944
7	1201034436147	1201034438415
7	1201034438544	1201034441577
7	1201034637449	1201034639604
7	1201034642362	1201034644673
7	1201034679809	1201034683690
7	1201034814943	1201034819394
7	1201034866633	1201034868574
7	1201034870238	1201034873126
7	1201034877433	1201034881503
7	1201034887394	1201034889926
7	1201034894513	1201034898955
7	1201034905682	1201034905907
7	1201034940584	1201034943147
7	1201035117150	1201035121966
7	1201035404143	1201035406644
7	1201035442664	1201035452398
7	1201035470941	1201035477667
7	1201036009232	1201036013128
7	1201036563734	1201036565947
7	1201037865723	1201037872775
7	1201037925958	1201037930101
7	1201037934965	1201037938497
7	1201037939487	1201037948788
7	1201037951784	1201037954443
7	1201037955547	1201037958158
7	1201037975476	1201037979486
7	1201037980581	1201037983141
7	1201038009870	1201038011923
7	1201038015780	1201038018188
7	1201038022234	1201038024119
7	1201038032714	1201038039168
7	1201038056233	1201038058525
7	1201038076182	1201038077492
7	1201038110824	1201038112902
7	1201038158652	1201038160895
7	1201038193714	1201038195918
7	1201038217575	1201038219793
7	1201038222766	1201038227273
7	1201038255260	1201038259201
7	1201038329799	1201038331674
7	1201038363319	1201038365457
7	1201038367990	1201038370220
7	1201038413160	1201038418413
7	1201038463278	1201038465396
7	1201038486920	1201038489148
7	1201038554556	1201038556394
7	1201038567965	1201038569283
7	1201038584756	1201038587246
7	1201038623887	1201038626238
7	1201038646357	1201038651834
7	1201038665635	1201038668750
7	1201038676718	1201038679316
7	1201038694995	1201038697920
7	1201038699186	1201038705136
7	1201038744431	1201038747912
7	1201038797671	1201038799496
7	1201038801256	1201038802590
7	1201038844946	1201038846864
7	1201038850504	1201038857617
7	1201038865565	1201038866870
7	1201038880753	1201038885378
7	1201038891753	1201038893814
7	1201038925221	1201038942850
7	1201038977381	1201038981162
7	1201038998106	1201039002447
7	1201039008262	1201039012473
7	1201039022671	1201039026901
7	1201039095720	1201039097253
7	1201039113883	1201039119887
7	1201039124927	1201039127591
7	1201039131298	1201039135795
7	1201039136644	1201039138796
7	1201039148837	1201039151374
7	1201039161285	1201039166808
7	1201039178618	1201039182606
7	1201039186228	1201039190137
7	1201039196549	1201039201905
7	1201039224766	1201039226882
7	1201039256482	1201039258477
7	1201039266601	1201039271201
7	1201039309605	1201039312657
7	1201039344320	1201039346268
7	1201039346540	1201039351810
7	1201039360927	1201039365805
7	1201039386697	1201039389594
7	1201039459736	1201039461726
7	1201039462264	1201039464556
7	1201039482718	1201039484917
7	1201039500350	1201039502591
7	1201039524234	1201039526769
7	1201039534284	1201039536464
7	1201039554151	1201039561424
7	1201039578414	1201039587157
7	1201039597397	1201039599577
7	1201039612587	1201039614586
7	1201039632899	1201039634723
7	1201039639517	1201039642130
7	1201039644625	1201039644793
7	1201039677512	1201039685448
7	1201039688799	1201039695477
7	1201039702184	1201039712887
7	1201039734369	1201039735745
7	1201039737141	1201039739274
7	1201039739825	1201039774656
7	1201039778697	1201039780705
7	1201039791350	1201039793204
7	1201039808619	1201039823299
7	1201039825671	1201039826976
7	1201039828989	1201039833404
7	1201039836907	1201039839576
7	1201039861366	1201039872400
7	1201039874135	1201039886474
7	1201039896846	1201039910944
7	1201039921136	1201039926429
7	1201039931481	1201039933585
7	1201039944640	1201039949455
7	1201039978923	1201039983566
7	1201039999461	1201040001758
7	1201040050430	1201040052598
7	1201040057478	1201040060459
7	1201040064497	1201040067621
7	1201040087431	1201040093933
7	1201040102264	1201040108390
7	1201040111929	1201040117828
7	1201040175179	1201040184476
7	1201040184671	1201040197865
7	1201040292191	1201040294222
7	1201040299187	1201040303860
7	1201040323821	1201040327688
8	1200988514639	1200988518609
8	1200988536357	1200988539291
8	1200988723686	1200988725902
8	1200989157618	1200989160305
8	1200990094531	1200990099342
8	1200990130293	1200990132792
8	1200990143386	1200990145838
8	1200998727133	1200998730973
8	1201004999222	1201005001619
8	1201005020926	1201005024355
8	1201005032959	1201005035722
8	1201008136934	1201008141434
8	1201008261547	1201008265451
8	1201010447253	1201010454847
8	1201014046538	1201014050259
8	1201019460951	1201019465964
8	1201019469542	1201019474858
8	1201029078182	1201029080514
8	1201029084328	1201029087968
8	1201029115642	1201029118912
8	1201029147232	1201029149846
8	1201029263469	1201029265585
8	1201029274726	1201029277538
8	1201032818835	1201032821874
8	1201032918673	1201032923527
8	1201035452575	1201035456716
8	1201035468613	1201035472653
8	1201037869360	1201037873718
8	1201037913222	1201037916713
8	1201037917411	1201037920531
8	1201037932381	1201037936881
8	1201037938306	1201037941243
8	1201038029545	1201038037726
8	1201038046412	1201038050896
8	1201038377733	1201038379837
8	1201038675962	1201038678687
8	1201038713159	1201038720961
8	1201038740317	1201038742904
8	1201038800427	1201038803847
8	1201038836225	1201038838557
8	1201038860905	1201038863379
8	1201038882621	1201038885834
8	1201039146326	1201039148480
8	1201039176305	1201039178790
8	1201039219790	1201039223409
8	1201039223955	1201039227821
8	1201039228100	1201039231922
8	1201039233492	1201039237263
8	1201039238157	1201039242108
8	1201039242667	1201039246550
8	1201039246950	1201039249616
8	1201039266475	1201039267819
8	1201039268835	1201039271465
8	1201039272827	1201039275214
8	1201039276803	1201039279194
8	1201039280610	1201039282995
8	1201039284785	1201039287177
8	1201039307513	1201039309721
8	1201039312357	1201039314775
8	1201039316400	1201039319138
8	1201039320744	1201039323364
8	1201039350282	1201039351626
8	1201039352443	1201039354915
8	1201039356698	1201039359165
8	1201039366349	1201039369363
8	1201039389446	1201039392906
8	1201039393719	1201039396466
8	1201039397992	1201039400722
8	1201039415389	1201039417939
8	1201039428980	1201039431650
8	1201039450977	1201039452433
8	1201039455515	1201039458202
8	1201039459503	1201039461852
8	1201039469432	1201039472471
8	1201039542406	1201039546476
8	1201039546640	1201039549258
8	1201039591757	1201039592877
8	1201039742231	1201039743529
8	1201039787467	1201039793662
8	1201039810327	1201039816832
8	1201039817154	1201039819884
8	1201039820338	1201039822552
8	1201039823602	1201039825909
8	1201039849459	1201039850799
8	1201039867175	1201039876105
8	1201039886339	1201039888148
8	1201039888949	1201039893669
8	1201039904897	1201039907391
8	1201039931983	1201039934204
8	1201039953631	1201039964468
8	1201039981517	1201039988499
8	1201040016198	1201040018205
8	1201040104308	1201040104485
8	1201040107619	1201040109913
8	1201040111613	1201040113996
8	1201040115552	1201040116909
8	1201040130212	1201040132431
8	1201040153925	1201040156356
8	1201040179549	1201040182987
8	1201040200361	1201040204464
8	1201040294869	1201040294904
8	1201040318929	1201040322176
8	1201040324829	1201040330942
8	1201040359756	1201040360410
8	1201040362143	1201040364429
9	1200990094311	1200990097651
9	1201004998876	1201005002315
9	1201008137886	1201008141163
9	1201008260945	1201008263120
9	1201014046258	1201014047985
9	1201021813766	1201021815912
9	1201022090546	1201022092798
9	1201022122346	1201022124810
9	1201022158766	1201022161407
9	1201022162383	1201022163731
9	1201022181815	1201022184936
9	1201022273731	1201022276129
9	1201029114582	1201029116702
9	1201029148112	1201029150194
9	1201029255624	1201029257776
9	1201029263881	1201029266922
9	1201032819811	1201032823304
9	1201032917877	1201032920251
9	1201035454480	1201035458824
9	1201035468815	1201035471718
9	1201037870458	1201037874261
9	1201037912707	1201037916221
9	1201037916850	1201037920371
9	1201038045855	1201038049456
9	1201040180629	1201040183772
9	1201040323984	1201040326297
9	1201040329702	1201040335204
9	1201040366711	1201040370821
10	1200993020543	1200993023347
10	1200993044183	1200993046897
10	1200993066947	1200993069904
10	1200993424290	1200993427726
10	1200993481173	1200993484611
10	1200997453868	1200997457714
10	1200997513331	1200997517199
10	1200998713604	1200998717566
10	1201000753476	1201000755986
10	1201000818234	1201000823124
10	1201000890237	1201000893661
10	1201015187130	1201015190522
10	1201015215270	1201015218345
10	1201015226997	1201015237441
10	1201015237791	1201015242341
10	1201015382202	1201015399437
10	1201015399556	1201015406376
10	1201015412898	1201015428133
11	1200993054881	1200993055704
11	1200993065969	1200993068285
11	1201015236174	1201015240245
11	1201015286585	1201015298804
11	1201015307410	1201015313557
11	1201015319750	1201015322290
11	1201015349972	1201015357547
11	1201015391362	1201015396222
11	1201015429867	1201015432192
11	1201015446467	1201015450806
11	1201015451576	1201015459507
11	1201015460413	1201015462821
11	1201015464769	1201015467347
11	1201015467645	1201015472458
11	1201018137875	1201018142554
11	1201023001189	1201023021844
12	1200998154733	1200998158808
12	1201000343540	1201000346885
12	1201000421570	1201000422245
12	1201013065310	1201013066451
12	1201015316624	1201015324509
13	1200993057121	1200993060753
13	1200998200399	1200998202300
13	1200998212307	1200998214868
13	1201000345514	1201000349129
13	1201000418974	1201000422886
13	1201012800365	1201012802846
13	1201024007807	1201024010721
13	1201024011641	1201024014258
14	1201005030869	1201005032971
14	1201008138653	1201008140641
14	1201010452630	1201010454984
14	1201018408461	1201018411612
14	1201018437546	1201018438346
14	1201018438880	1201018440846
14	1201018566571	1201018568998
14	1201018577452	1201018579444
14	1201018664203	1201018667356
14	1201018695170	1201018700143
14	1201018803245	1201018804272
14	1201018895775	1201018897875
14	1201018913954	1201018920597
14	1201019421252	1201019423825
14	1201019458792	1201019461610
14	1201019650579	1201019653136
14	1201019693345	1201019696450
14	1201019733493	1201019737857
14	1201019809188	1201019811306
14	1201019830332	1201019833177
14	1201019835731	1201019836374
14	1201019836749	1201019839678
14	1201019844873	1201019847111
14	1201019858715	1201019861170
14	1201020237241	1201020239993
14	1201020266890	1201020269366
14	1201020269584	1201020272635
14	1201020288521	1201020289791
14	1201020289945	1201020292613
14	1201020390935	1201020394573
14	1201020423869	1201020425679
14	1201020426219	1201020428370
14	1201020491165	1201020496518
14	1201020545384	1201020546648
14	1201020797753	1201020799855
14	1201020810494	1201020815150
14	1201020817142	1201020819506
14	1201020942656	1201020946493
14	1201020956989	1201020959799
14	1201020960311	1201020962539
14	1201020969208	1201020972592
14	1201020985599	1201020993343
14	1201020996708	1201020999337
14	1201021032993	1201021034823
14	1201021238945	1201021242737
14	1201021255282	1201021259943
14	1201021271168	1201021271260
14	1201021372999	1201021375123
14	1201021440888	1201021445398
14	1201021447239	1201021450197
14	1201021455381	1201021460294
14	1201021466902	1201021469993
14	1201021473306	1201021475962
14	1201021490579	1201021495393
14	1201021524419	1201021524993
14	1201021539247	1201021541921
14	1201021546513	1201021549951
14	1201021621975	1201021624150
14	1201021624733	1201021627286
14	1201021668987	1201021673952
14	1201021674256	1201021676633
14	1201021678791	1201021707665
14	1201021709891	1201021732539
14	1201021733836	1201021737473
14	1201021745624	1201021750760
14	1201021765466	1201021769644
14	1201021770131	1201021774475
14	1201021793451	1201021796931
14	1201021797839	1201021803426
14	1201021903544	1201021905514
14	1201022117887	1201022120330
14	1201022306650	1201022310787
14	1201022325979	1201022328176
14	1201022328302	1201022332276
14	1201022332791	1201022336708
14	1201022414899	1201022417686
14	1201022479369	1201022480610
14	1201022573583	1201022578513
14	1201022580857	1201022585334
14	1201022585714	1201022588922
14	1201022590230	1201022595620
14	1201022598959	1201022601155
14	1201022698258	1201022702385
14	1201022705759	1201022708769
14	1201022743636	1201022746119
14	1201022747287	1201022750898
14	1201022765152	1201022767489
14	1201022771316	1201022773528
14	1201022788107	1201022791661
14	1201022796410	1201022800227
14	1201022895430	1201022900790
14	1201022917733	1201022920280
14	1201022973847	1201022975974
14	1201023049341	1201023051626
14	1201023052870	1201023055728
14	1201023056495	1201023059618
14	1201023061206	1201023063298
14	1201023066979	1201023068368
14	1201023085687	1201023089153
14	1201023090567	1201023093590
14	1201023095438	1201023103873
14	1201023113699	1201023114981
14	1201023130906	1201023132873
14	1201023161291	1201023163136
14	1201023187927	1201023193166
14	1201023204394	1201023209339
14	1201023254584	1201023257137
14	1201023270636	1201023272961
14	1201023290620	1201023292927
14	1201023299926	1201023302182
14	1201023308766	1201023313975
14	1201023359842	1201023361877
14	1201023371973	1201023374472
14	1201023383175	1201023385499
14	1201023416203	1201023421785
14	1201023706270	1201023717608
14	1201029076942	1201029079358
14	1201035456350	1201035458512
14	1201037871583	1201037873546
14	1201038035191	1201038038472
15	1200988538559	1200988540619
15	1200990093175	1200990096669
15	1200990132155	1200990134211
15	1200990141715	1200990142984
15	1201004997907	1201005000783
15	1201005022789	1201005024414
15	1201008139917	1201008142593
15	1201008259832	1201008261857
15	1201009507725	1201009510184
15	1201010452931	1201010454703
15	1201012674412	1201012678155
15	1201013069546	1201013071696
15	1201014045115	1201014047131
15	1201018145934	1201018148695
15	1201018408302	1201018411390
15	1201018918941	1201018923336
15	1201019472972	1201019475981
15	1201019837616	1201019839813
15	1201020237516	1201020239683
15	1201020794114	1201020796670
15	1201020818324	1201020820427
15	1201020943814	1201020946378
15	1201020956658	1201020959106
15	1201020969460	1201020971892
15	1201020977430	1201020983995
15	1201021029581	1201021035235
15	1201021443273	1201021445503
15	1201021492895	1201021494263
15	1201021539662	1201021541782
15	1201021669150	1201021672433
15	1201021679542	1201021682932
15	1201021684433	1201021698616
15	1201021701619	1201021703901
15	1201021704721	1201021706692
15	1201021710589	1201021712947
15	1201021715239	1201021728583
15	1201021728717	1201021735992
15	1201021769761	1201021771670
15	1201021775937	1201021778505
15	1201021812934	1201021816178
15	1201021903869	1201021906434
15	1201021949424	1201021950674
15	1201022282929	1201022285836
15	1201022325801	1201022327868
15	1201022420751	1201022423329
15	1201022479648	1201022480877
15	1201022514870	1201022516990
15	1201022596932	1201022599294
15	1201022602835	1201022605205
15	1201022624336	1201022626295
15	1201022644283	1201022646267
15	1201022667792	1201022669759
15	1201022674513	1201022675791
15	1201022696967	1201022699354
15	1201022699913	1201022703760
15	1201022704158	1201022706566
15	1201022706816	1201022709746
15	1201022716623	1201022720705
15	1201022720845	1201022724255
15	1201022724475	1201022727973
15	1201022728223	1201022735456
15	1201022735814	1201022738876
15	1201022739186	1201022741413
15	1201022742241	1201022747131
15	1201022749347	1201022752614
15	1201022752972	1201022756657
15	1201022763620	1201022772986
15	1201022776206	1201022780597
15	1201022780944	1201022783491
15	1201022784177	1201022785463
15	1201022786366	1201022792195
15	1201022792337	1201022796214
15	1201022800150	1201022803845
15	1201022804224	1201022807370
15	1201022807549	1201022819851
15	1201022821604	1201022823241
15	1201022832994	1201022834352
15	1201022867310	1201022869223
15	1201022869504	1201022871520
15	1201022878112	1201022880210
15	1201023049901	1201023051122
15	1201023086180	1201023091628
15	1201023094669	1201023097760
15	1201023098727	1201023100355
15	1201023111406	1201023115258
15	1201023188430	1201023191993
15	1201023235554	1201023237473
15	1201023710818	1201023713285
15	1201024015476	1201024017356
15	1201029076350	1201029078638
15	1201029086526	1201029088141
15	1201029113754	1201029115962
15	1201029149893	1201029151484
15	1201029254570	1201029255769
15	1201029273206	1201029275118
15	1201032820751	1201032824593
15	1201032916382	1201032919302
15	1201035456948	1201035461424
15	1201037871991	1201037875772
15	1201037911779	1201037914169
15	1201037915819	1201037917783
15	1201038044802	1201038046133
15	1201040181922	1201040185487
15	1201040306710	1201040308433
15	1201040315583	1201040319131
15	1201040327860	1201040330382
15	1201040368469	1201040371142
16	1200990092814	1200990096199
16	1200993426190	1200993430222
16	1200997455588	1200997457957
16	1200998715699	1200998717490
16	1201000892135	1201000893930
16	1201004997610	1201004999676
16	1201008139367	1201008142745
16	1201008259525	1201008261389
16	1201012675900	1201012678905
16	1201013068315	1201013071887
16	1201015161557	1201015162637
16	1201015283871	1201015286371
16	1201015431597	1201015445189
16	1201015448527	1201015450555
16	1201015456891	1201015458967
16	1201015472182	1201015475764
16	1201018143180	1201018146349
16	1201019966361	1201019971713
16	1201021951354	1201021953287
16	1201022996173	1201023005181
16	1201023028835	1201023044409
16	1201023053194	1201023055274
16	1201029149569	1201029151351
16	1201029265289	1201029267631
16	1201029272870	1201029274167
16	1201032821542	1201032823986
16	1201032915816	1201032917148
16	1201035465447	1201035468966
16	1201037911402	1201037912573
16	1201038044384	1201038047455
16	1201040182396	1201040187615
16	1201040190228	1201040194945
16	1201040295166	1201040296365
16	1201040299574	1201040303697
16	1201040318790	1201040323603
16	1201040363428	0
17	1200993017891	1200993021199
17	1200993046766	1200993055931
17	1200997455887	1200997458874
17	1200997511287	1200997515173
17	1200998715448	1200998718312
17	1201000341892	1201000345849
17	1201000422100	1201000425637
17	1201000752584	1201000754330
17	1201000891986	1201000895268
17	1201013067491	1201013071219
17	1201015161299	1201015165330
17	1201015167897	1201015169233
17	1201015170149	1201015173311
17	1201015184970	1201015186966
17	1201015428286	1201015433942
17	1201015444743	1201015446891
17	1201015470964	1201015476516
17	1201015477473	1201015482333
17	1201022999655	1201023003689
17	1201023016774	1201023020116
17	1201023028458	1201023031613
17	1201024005569	1201024008341
17	1201024013960	1201024016532
17	1201035464537	1201035467814
17	1201040190547	1201040194318
18	1200993048801	1200993053853
18	1200997510433	1200997512245
18	1200998160715	1200998162432
18	1201000342895	1201000346379
18	1201000421175	1201000424685
18	1201013064876	1201013069139
18	1201016709457	1201016711302
18	1201016762446	1201016767546
18	1201016804211	1201016806506
18	1201016849242	1201016851261
18	1201016886653	1201016890562
18	1201024013371	1201024014480
19	1201004415678	1201004418723
19	1201004431335	1201004435921
19	1201012547315	1201012549501
19	1201018194356	1201018195590
19	1201027748263	1201027752292
19	1201027756420	1201027763592
19	1201027766287	1201027773347
19	1201027798696	1201027800162
19	1201027802941	1201027807871
20	1201004392636	1201004399378
20	1201004419314	1201004421357
20	1201004428873	1201004432630
20	1201004442752	1201004449508
20	1201009152903	1201009157849
20	1201009160456	1201009163542
20	1201009499343	1201009501850
20	1201010035515	1201010037545
20	1201010189114	1201010193979
20	1201010198670	1201010203762
20	1201010206810	1201010209878
20	1201010234422	1201010247124
20	1201010254430	1201010263424
20	1201010288847	1201010301871
20	1201010379305	1201010386925
20	1201010387863	1201010390778
20	1201010394368	1201010404294
20	1201010405315	1201010408236
20	1201010410377	1201010414742
20	1201010419869	1201010421891
20	1201010424776	1201010429454
20	1201010430958	1201010434698
20	1201010443703	1201010446399
20	1201010451836	1201010453317
20	1201011367644	1201011370964
20	1201012238491	1201012240955
20	1201012389465	1201012390336
20	1201012543999	1201012550167
20	1201012582311	1201012586153
20	1201012589765	1201012605342
20	1201012607757	1201012610717
20	1201012620913	1201012623569
20	1201012646480	1201012648766
20	1201012665776	1201012676961
20	1201012822397	1201012827767
20	1201012829520	1201012832208
20	1201012832552	1201012833832
20	1201012975934	1201012981111
20	1201012997371	1201013006318
20	1201013071567	1201013077950
20	1201013319553	1201013327647
20	1201013982407	1201013987931
20	1201014062820	1201014064131
20	1201014064508	1201014069107
20	1201017544189	1201017546982
20	1201017628174	1201017629912
20	1201017647936	1201017652231
20	1201017657565	1201017662274
20	1201017668478	1201017670993
20	1201017808592	1201017813137
20	1201018038850	1201018041311
20	1201018050579	1201018052765
20	1201018155426	1201018160491
20	1201018185515	1201018192170
20	1201018193126	1201018197637
20	1201018199717	1201018207717
20	1201018227953	1201018230763
20	1201018232155	1201018236408
20	1201018244157	1201018248177
20	1201018368768	1201018375382
20	1201018396360	1201018399820
20	1201018403673	1201018407355
20	1201018416115	1201018418201
20	1201018420510	1201018425421
20	1201018428858	1201018434456
20	1201018435794	1201018441356
20	1201018455417	1201018458391
20	1201018460938	1201018462997
20	1201018493919	1201018495239
20	1201018497181	1201018509608
20	1201018512471	1201018516779
20	1201018536942	1201018542385
20	1201018552694	1201018555519
20	1201018573579	1201018573965
20	1201018594407	1201018596980
20	1201018646336	1201018647598
20	1201018697364	1201018708779
20	1201018709388	1201018715190
20	1201018715857	1201018718241
20	1201018718679	1201018740286
20	1201018741614	1201018747117
20	1201018747750	1201018749988
20	1201018751616	1201018753840
20	1201018761355	1201018765780
20	1201018784947	1201018793688
20	1201018794296	1201018879686
20	1201018887162	1201018917746
20	1201018917991	1201018934894
20	1201018935198	1201018955273
20	1201018955865	1201018958518
20	1201018966243	1201018971751
20	1201018972438	1201018977390
20	1201019038764	1201019040781
20	1201019042886	1201019049452
20	1201019067233	1201019069232
20	1201019178574	1201019181477
20	1201019195813	1201019199831
20	1201019212920	1201019214634
20	1201019231748	1201019233986
20	1201019329891	1201019330298
20	1201019398592	1201019402111
20	1201019414513	1201019418188
20	1201019461298	1201019463338
20	1201019463632	1201019465710
20	1201019473261	1201019478484
20	1201019492851	1201019495673
20	1201019524627	1201019526557
20	1201019534652	1201019535922
20	1201019552730	1201019554411
20	1201019557164	1201019561667
20	1201019593939	1201019598202
20	1201019651959	1201019656676
20	1201019667455	1201019669650
20	1201019690515	1201019702446
20	1201019710456	1201019711728
20	1201019712879	1201019715452
20	1201019775520	1201019778899
20	1201019806409	1201019807692
20	1201019827425	1201019833306
20	1201019851265	1201019856589
20	1201019857562	1201019863238
20	1201019864238	1201019867911
20	1201019906836	1201019913863
20	1201019917920	1201019919200
20	1201019920127	1201019921274
20	1201019929344	1201019931822
20	1201019933728	1201019937227
20	1201019937473	1201019939617
20	1201019950689	1201019960452
20	1201019961266	1201019962516
20	1201019963470	1201019964757
20	1201019967912	1201019971824
20	1201019976846	1201019980284
20	1201019980522	1201019985417
20	1201019986640	1201019989706
20	1201019996927	1201020001407
20	1201020009755	1201020017885
20	1201020020866	1201020034407
20	1201020041966	1201020047403
20	1201020052541	1201020054925
20	1201020056338	1201020058668
20	1201020086371	1201020087629
20	1201020095165	1201020097199
20	1201020149701	1201020158973
20	1201020343932	1201020348409
20	1201020357253	1201020362982
20	1201020364772	1201020372702
20	1201020376281	1201020388269
20	1201020397390	1201020397523
20	1201020442720	1201020478117
20	1201020478431	1201020480904
20	1201020481334	1201020483713
20	1201020484199	1201020486457
20	1201020486843	1201020489203
20	1201020489611	1201020491733
20	1201020501256	1201020503385
20	1201020514587	1201020523285
20	1201020524341	1201020526622
20	1201020527257	1201020535186
20	1201020535447	1201020537746
20	1201020537992	1201020540368
20	1201020540643	1201020542799
20	1201020543814	1201020545635
20	1201020545752	1201020548161
20	1201020548163	1201020553364
20	1201020553515	1201020555819
20	1201020555997	1201020558359
20	1201020569380	1201020569425
20	1201020581283	1201020589925
20	1201020590492	1201020592714
20	1201020614626	1201020616720
20	1201020644847	1201020646986
20	1201020650807	1201020652799
20	1201020666454	1201020670196
20	1201020697257	1201020697271
20	1201020699968	1201020702390
20	1201020702750	1201020705117
20	1201020705514	1201020707745
20	1201020708353	1201020710562
20	1201020710831	1201020713151
20	1201020713313	1201020715533
20	1201020742506	1201020744678
20	1201020790839	1201020792806
20	1201020816716	1201020826118
20	1201020826449	1201020828614
20	1201020828766	1201020830886
20	1201020831559	1201020833790
20	1201020847259	1201020849516
20	1201020897813	1201020899831
20	1201020905458	1201020912666
20	1201020923257	1201020936581
20	1201020944133	1201020946872
20	1201020947972	1201020957988
20	1201023200872	1201023204591
20	1201023211357	1201023227146
20	1201023341764	1201023348496
20	1201023360645	1201023363238
20	1201023429912	1201023432262
20	1201023434612	1201023437343
20	1201023437637	1201023438931
20	1201023448833	1201023451248
20	1201023475411	1201023478184
20	1201023487229	1201023487265
20	1201023491692	1201023493829
20	1201023494325	1201023497186
20	1201023501601	1201023506336
20	1201023555455	1201023561527
20	1201023563887	1201023568595
20	1201023885600	1201023891796
20	1201024017875	1201024026618
20	1201024067720	1201024070155
20	1201024085750	1201024087986
20	1201024095737	1201024098436
20	1201024142315	1201024155924
20	1201024195592	1201024197924
20	1201024202364	1201024205194
20	1201024252910	1201024256540
20	1201024318992	1201024321302
20	1201024322273	1201024324245
20	1201024347166	1201024350245
20	1201024373837	1201024378209
20	1201024411268	1201024413519
20	1201024420795	1201024422810
20	1201024731510	1201024733481
20	1201024745647	1201024749760
20	1201024758375	1201024762437
20	1201024815778	1201024819368
20	1201024861135	1201024863460
20	1201024863618	1201024865949
20	1201024896126	1201024899647
20	1201024981244	1201024983472
20	1201024985857	1201024989384
20	1201025047996	1201025051970
20	1201025099105	1201025102733
20	1201025120560	1201025124741
20	1201025166233	1201025168659
20	1201025169145	1201025171493
20	1201025176776	1201025180452
20	1201025184439	1201025186888
20	1201025197811	1201025199971
20	1201025214183	1201025216691
20	1201025218549	1201025220794
20	1201025307224	1201025309395
20	1201025310112	1201025312346
20	1201025321596	1201025324102
20	1201025331981	1201025334844
20	1201025341559	1201025345701
20	1201025349713	1201025354302
20	1201025471779	1201025474125
20	1201025484668	1201025486638
20	1201025497590	1201025499982
20	1201025500384	1201025505759
20	1201025509740	1201025511883
20	1201025588515	1201025590878
20	1201025592148	1201025594449
20	1201025607433	1201025609811
20	1201025610680	1201025612980
20	1201025619604	1201025622805
20	1201025623379	1201025625731
20	1201025672946	1201025675469
20	1201025680353	1201025682163
20	1201025855463	1201025857813
20	1201025858303	1201025860711
20	1201025870970	1201025873332
20	1201025882347	1201025884391
20	1201025893497	1201025896657
20	1201025899588	1201025902131
20	1201025904106	1201025906615
20	1201025906730	1201025909626
20	1201025911546	1201025914822
20	1201025920623	1201025920738
20	1201025925613	1201025927821
20	1201025943290	1201025945754
20	1201025950283	1201025952218
20	1201025997659	1201026002471
20	1201026031493	1201026034856
20	1201026043373	1201026045494
20	1201026059777	1201026063577
20	1201026068207	1201026071944
20	1201026094982	1201026096650
20	1201026097580	1201026099482
20	1201026101425	1201026102295
20	1201026129219	1201026135172
20	1201026140552	1201026142960
20	1201026144605	1201026146660
20	1201026147845	1201026150138
20	1201026151791	1201026154218
20	1201026189134	1201026191598
20	1201026204279	1201026206433
20	1201026211704	1201026215510
20	1201026228418	1201026230925
20	1201026234271	1201026236437
20	1201026240566	1201026245261
20	1201026246464	1201026249291
20	1201026355667	1201026358118
20	1201026360601	1201026362814
20	1201026370271	1201026375277
20	1201026377903	1201026382377
20	1201026384651	1201026386336
20	1201026389227	1201026396334
20	1201026423213	1201026428330
20	1201026438562	1201026441350
20	1201026445527	1201026447225
20	1201026447412	1201026450107
20	1201026455198	1201026457357
20	1201026514193	1201026516641
20	1201026521525	1201026523689
20	1201026529174	1201026531628
20	1201026532108	1201026536920
20	1201026538735	1201026540913
20	1201026561772	1201026565770
20	1201026600646	1201026602980
20	1201026605781	1201026607236
20	1201026612587	1201026615117
20	1201026619719	1201026621687
20	1201026622815	1201026625431
20	1201026627183	1201026630352
20	1201026630935	1201026633104
20	1201026637575	1201026639961
20	1201026643412	1201026645488
20	1201026647694	1201026648728
20	1201026668862	1201026671110
20	1201026671283	1201026681725
20	1201026686679	1201026689143
20	1201026738871	1201026741606
20	1201026750416	1201026752427
20	1201026825552	1201026828167
20	1201026836454	1201026838533
20	1201026841376	1201026844729
20	1201026845293	1201026847823
20	1201026913417	1201026916517
20	1201026916950	1201026919854
20	1201026961253	1201026963926
20	1201026977163	1201026979590
20	1201026991361	1201026995988
20	1201026996597	1201026999195
20	1201027001805	1201027004497
20	1201027004771	1201027007601
20	1201027125190	1201027127839
20	1201027130738	1201027133254
20	1201027160901	1201027162767
20	1201027173865	1201027176397
20	1201027180282	1201027182507
20	1201027183394	1201027186103
20	1201027191649	1201027196385
20	1201027391228	1201027396147
20	1201027503357	1201027508706
20	1201027542375	1201027546495
20	1201027669332	1201027671986
20	1201027672104	1201027674916
20	1201027693440	1201027723582
20	1201027723717	1201027731455
20	1201027733485	1201027737799
20	1201027744601	1201027747263
20	1201027750124	1201027756770
20	1201027760357	1201027768667
20	1201027770119	1201027772651
20	1201027775247	1201027777385
20	1201027778165	1201027788844
20	1201027788978	1201027792231
20	1201027793416	1201027800849
20	1201027816590	1201027818697
20	1201027820306	1201027823142
21	1201004391313	1201004393161
21	1201004396831	1201004399512
21	1201004420239	1201004425618
21	1201004427925	1201004431139
21	1201004447674	1201004450648
21	1201009151892	1201009155138
21	1201009161436	1201009168902
21	1201009498442	1201009501281
21	1201009509556	1201009515999
21	1201009578604	1201009585686
21	1201009586940	1201009601134
21	1201009601380	1201009604426
21	1201009621742	1201009627469
21	1201009639173	1201009644269
21	1201009645653	1201009648237
21	1201009652800	1201009655474
21	1201009666642	1201009673580
21	1201009683137	1201009684303
21	1201009685443	1201009689843
21	1201009692872	1201009695556
21	1201009699945	1201009701856
21	1201009706670	1201009711498
21	1201009726654	1201009728223
21	1201009742208	1201009750377
21	1201009755811	1201009761834
21	1201009770913	1201009775113
21	1201009786547	1201009793425
21	1201009800760	1201009806278
21	1201009816407	1201009818688
21	1201009836397	1201009841617
21	1201009856968	1201009861362
21	1201009872860	1201009875468
21	1201009881759	1201009887693
21	1201009889299	1201009893482
21	1201009919972	1201009927836
21	1201009948683	1201009955591
21	1201009955741	1201009961281
21	1201009972349	1201009974470
21	1201009974605	1201009979540
21	1201009986208	1201009993369
21	1201010005421	1201010011867
21	1201010018495	1201010019791
21	1201010020199	1201010022823
21	1201010207394	1201010210262
21	1201010218399	1201010222967
21	1201010243247	1201010248414
21	1201010252711	1201010256660
21	1201010298396	1201010302677
21	1201010378691	1201010381531
21	1201011844808	1201011846984
21	1201011854832	1201011856108
21	1201011856287	1201011858400
21	1201012533564	1201012538558
21	1201012545123	1201012548993
21	1201012590165	1201012599418
21	1201012999703	1201013007153
21	1201013071439	1201013074948
21	1201013981496	1201013984583
21	1201014063993	1201014068432
21	1201017542414	1201017551315
21	1201017627801	1201017629710
21	1201018149564	1201018153941
21	1201018155207	1201018157542
21	1201018188641	1201018190655
21	1201018196441	1201018198718
21	1201018314729	1201018316790
21	1201018322287	1201018326370
21	1201018328687	1201018330386
21	1201018376936	1201018379707
21	1201018726172	1201018727227
21	1201018912906	1201018915527
21	1201019042376	1201019043598
21	1201019043740	1201019046348
21	1201019179702	1201019180925
21	1201019836936	1201019839266
21	1201020496830	1201020499878
21	1201020926786	1201020931884
21	1201020952879	1201020957767
21	1201020961334	1201020966823
21	1201021040574	1201021045396
21	1201021073253	1201021077577
21	1201021088956	1201021091335
21	1201021264312	1201021266764
21	1201021373983	1201021379737
21	1201021466168	1201021472530
21	1201021517491	1201021521551
21	1201023112766	1201023115626
21	1201023142217	1201023147405
21	1201023157579	1201023159864
21	1201023175672	1201023176965
21	1201023177105	1201023184433
21	1201023191333	1201023195274
21	1201024016966	1201024020306
21	1201026675635	1201026678239
21	1201027706697	1201027710547
21	1201027711907	1201027716264
21	1201027718456	1201027723879
21	1201027770321	1201027778380
21	1201027807443	1201027810371
22	1200990140870	1200990142734
22	1200993427854	1200993429830
22	1200993478919	1200993480935
22	1201004390364	1201004393399
22	1201004426347	1201004429587
22	1201004448784	1201004451682
22	1201009151318	1201009153738
22	1201009164587	1201009167495
22	1201009497466	1201009500501
22	1201010186827	1201010190515
22	1201010208216	1201010210949
22	1201010217523	1201010220722
22	1201010244927	1201010248392
22	1201010252137	1201010254893
22	1201010299250	1201010302130
22	1201010377839	1201010380478
22	1201011857116	1201011860662
22	1201012594499	1201012598258
22	1201012672936	1201012675588
22	1201013003261	1201013006253
22	1201013323241	1201013326189
22	1201013980789	1201013983167
22	1201015687160	1201015689154
22	1201017541673	1201017543894
22	1201017547927	1201017550623
22	1201017626791	1201017628659
22	1201020077565	1201020079779
22	1201020081357	1201020083513
22	1201020085972	1201020092492
22	1201020221973	1201020224383
22	1201020345147	1201020349647
22	1201020357715	1201020361690
22	1201020400341	1201020403688
22	1201020464327	1201020467321
22	1201020468105	1201020472854
22	1201020473696	1201020480320
22	1201020528976	1201020529357
22	1201020529726	1201020534608
22	1201020558849	1201020560843
22	1201020698600	1201020701422
22	1201020704776	1201020706842
22	1201020710697	1201020713953
22	1201020714908	1201020715345
22	1201020764437	1201020766410
22	1201020828465	1201020829695
22	1201020918269	1201020921131
22	1201020922937	1201020925131
22	1201020961771	1201020966643
22	1201020972187	1201020976442
22	1201021011623	1201021012890
22	1201021025901	1201021031374
22	1201021033312	1201021035361
22	1201021039307	1201021045844
22	1201021056755	1201021064170
22	1201021067491	1201021073494
22	1201021079327	1201021091919
22	1201021388261	1201021390244
22	1201021408886	1201021410142
22	1201021435592	1201021436862
22	1201021443536	1201021448826
22	1201021465982	1201021471132
22	1201021518637	1201021524766
22	1201021886257	1201021889746
22	1201021891748	1201021897867
22	1201021898291	1201021900450
22	1201021902422	1201021904604
22	1201021906736	1201021909150
22	1201021931640	1201021935144
22	1201023035447	1201023037730
22	1201023102196	1201023109855
22	1201023180269	1201023184982
22	1201023190463	1201023193726
22	1201023887767	1201023889625
22	1201027809136	1201027811249
22	1201027822102	1201027824816
23	1200990133812	1200990135717
23	1200993427462	1200993429420
23	1200993479129	1200993481289
23	1201004389866	1201004392447
23	1201004398624	1201004401435
23	1201004449740	1201004452617
23	1201005023587	1201005025526
23	1201005028906	1201005031644
23	1201009150319	1201009151595
23	1201009165857	1201009168510
23	1201009496684	1201009499617
23	1201010188779	1201010191515
23	1201010246990	1201010249943
23	1201010250792	1201010253829
23	1201010300312	1201010302865
23	1201010377624	1201010379874
23	1201010454486	1201010457868
23	1201011858134	1201011861571
23	1201013003983	1201013006910
23	1201013324146	1201013328265
23	1201013979863	1201013982685
23	1201014066465	1201014068653
23	1201015682808	1201015685443
23	1201015688626	1201015689922
23	1201017540517	1201017543198
23	1201017548693	1201017551430
23	1201017625397	1201017627911
23	1201019475249	1201019477307
23	1201019783340	1201019785385
23	1201019953564	1201019958658
23	1201019967778	1201019969115
23	1201019971549	1201019972845
23	1201019978978	1201019981296
23	1201020071878	1201020090126
23	1201021038837	1201021040597
23	1201021522175	1201021523385
23	1201021525863	1201021528779
23	1201021536461	1201021540386
23	1201021687271	1201021689979
23	1201022613217	1201022621448
23	1201022622692	1201022627582
23	1201022754636	1201022763758
23	1201022786648	1201022793747
23	1201022794231	1201022797688
23	1201023108553	1201023110912
23	1201023181975	1201023186190
23	1201023189203	1201023192567
23	1201023713821	1201023715795
23	1201024004196	1201024008217
23	1201027810484	1201027812892
23	1201027814433	1201027816264
23	1201027823224	1201027825770
23	1201029075340	1201029077486
23	1201029087635	1201029089382
23	1201029112496	1201029115843
23	1201035460481	1201035461284
23	1201037898102	1201037902173
23	1201038036586	1201038039322
24	1200987340635	1200987342526
24	1200988540344	1200988543141
24	1200989160807	1200989162726
24	1200990090735	1200990093726
24	1200993016859	1200993019559
24	1200997456618	1200997459843
24	1200998730581	1200998733139
24	1201000341697	1201000343149
24	1201000423608	1201000426644
24	1201000893191	1201000896309
24	1201004389723	1201004390812
24	1201004400267	1201004402146
24	1201004451242	1201004453707
24	1201004996246	1201004998568
24	1201008140884	1201008143782
24	1201008257999	1201008260904
24	1201009149239	1201009151758
24	1201009167193	1201009169798
24	1201009252322	1201009257764
24	1201009452564	1201009453720
24	1201009454355	1201009456651
24	1201009494380	1201009499210
24	1201009504684	1201009508977
24	1201010301324	1201010303872
24	1201010376155	1201010377702
24	1201010455617	1201010458614
24	1201011841152	1201011843971
24	1201011859925	1201011862582
24	1201012530141	1201012532996
24	1201012685272	1201012688497
24	1201013005444	1201013008549
24	1201013062562	1201013066594
24	1201013325376	1201013328991
24	1201014043639	1201014044703
24	1201014067195	1201014070962
24	1201014672477	1201014677746
24	1201014796211	1201014798580
24	1201014809660	1201014811733
24	1201014812417	1201014814958
24	1201014840278	1201014842310
24	1201014843279	1201014847573
24	1201015013666	1201015015900
24	1201015033461	1201015035935
24	1201015158425	1201015164887
24	1201015176756	1201015186235
24	1201015478249	1201015484284
24	1201015704815	1201015709362
24	1201015712309	1201015716121
24	1201015716265	1201015718537
24	1201015727431	1201015728714
24	1201017539717	1201017542214
24	1201017549741	1201017552159
24	1201019476653	1201019479655
24	1201019774134	1201019778411
24	1201021538304	1201021542993
24	1201021684101	1201021686951
24	1201021789870	1201021791732
24	1201021792295	1201021799921
24	1201021800430	1201021809305
24	1201021814390	1201021822852
24	1201021825112	1201021826255
24	1201021827906	1201021830126
24	1201021833860	1201021835986
24	1201021846943	1201021851563
24	1201021852439	1201021854833
24	1201021855505	1201021868180
24	1201021874669	1201021879286
24	1201021886123	1201021894500
24	1201021898405	1201021900258
24	1201021901119	1201021915189
24	1201021916561	1201021924669
24	1201021926211	1201021930644
24	1201021931350	1201021937162
24	1201021948256	1201021951315
24	1201021962553	1201021967329
24	1201021967456	1201021970530
24	1201021978996	1201021983136
24	1201022013660	1201022015993
24	1201022125192	1201022130143
24	1201022944334	1201022948942
24	1201022993938	1201022997508
24	1201023027405	1201023030672
24	1201023083408	1201023085560
24	1201023103952	1201023106566
24	1201023146450	1201023148281
24	1201023714564	1201023717879
24	1201023889465	1201023892611
24	1201024003209	1201024004779
24	1201027810840	1201027813323
24	1201029074225	1201029076622
24	1201029151190	1201029153746
24	1201029266649	1201029269260
24	1201029270972	1201029273334
24	1201032823540	1201032825864
24	1201032913449	1201032917135
24	1201037874104	1201037876934
24	1201037896960	1201037902375
24	1201037909467	1201037913877
24	1201038037852	1201038040828
24	1201038042446	1201038045944
24	1201040192310	1201040196713
24	1201040205177	1201040209319
24	1201040286714	1201040288926
24	1201040295485	1201040298718
24	1201040366443	1201040369221
24	1201040370362	1201040374895
25	1200997457144	1200997460730
25	1200997508929	1200997513179
25	1200998716804	1200998720304
25	1201000340265	1201000344495
25	1201000750791	1201000752541
25	1201009148567	1201009149781
25	1201009256562	1201009259541
25	1201009441861	1201009444107
25	1201009469338	1201009473630
25	1201011840780	1201011844271
25	1201013062258	1201013066500
25	1201014671521	1201014673441
25	1201015159544	1201015161513
25	1201015482559	1201015484995
25	1201016684853	1201016689385
25	1201016898472	1201016906368
25	1201018131644	1201018134942
25	1201021539387	1201021543158
25	1201022944600	1201022949314
25	1201023018836	1201023023883
25	1201023027371	1201023030537
25	1201023075419	1201023077779
25	1201023080502	1201023082574
25	1201023147611	1201023149937
25	1201037895524	1201037901813
25	1201040194457	1201040197108
25	1201040205197	1201040208984
25	1201040285915	1201040287880
25	1201040294517	1201040295789
25	1201040368321	1201040370226
26	1200998150930	1200998154591
26	1200998169143	1200998173867
26	1200998196222	1200998201143
26	1200998213324	1200998217300
26	1201012787186	1201012791136
26	1201012801838	1201012806402
27	1200993429560	1200993432281
27	1200993468825	1200993473300
27	1200993477635	1200993481564
27	1201021711772	1201021717888
27	1201021770212	1201021771382
27	1201021772149	1201021775453
27	1201021791578	1201021793352
27	1201021795891	1201021805414
27	1201021806434	1201021818745
27	1201021819923	1201021837764
27	1201021839799	1201021848635
27	1201021849305	1201021852313
27	1201021857370	1201021858242
27	1201021864816	1201021872229
27	1201021872884	1201021875736
27	1201021876856	1201021887499
27	1201021909504	1201021909841
27	1201021913950	1201021918427
27	1201021919279	1201021936315
27	1201021957479	1201021959445
27	1201021963278	1201021972402
27	1201021973718	1201021975528
27	1201021979116	1201021998813
27	1201021999107	1201022003426
27	1201022003773	1201022018267
27	1201022018745	1201022032410
27	1201022032613	1201022034969
27	1201022040437	1201022042678
27	1201022047260	1201022048496
27	1201022053549	1201022056794
27	1201022062129	1201022065645
27	1201022071751	1201022104623
27	1201022108873	1201022112789
27	1201022123763	1201022130178
27	1201022132846	1201022134679
27	1201022135518	1201022136725
27	1201022137954	1201022140216
27	1201022140940	1201022144757
27	1201022147245	1201022150414
27	1201022150641	1201022165621
27	1201022165784	1201022179937
27	1201022180239	1201022184813
27	1201022185590	1201022192632
27	1201022193280	1201022202996
27	1201022207730	1201022210266
27	1201022223711	1201022227425
27	1201022227841	1201022231567
27	1201022241560	1201022245485
27	1201022259184	1201022267614
27	1201022270921	1201022275169
27	1201022276589	1201022282741
27	1201022288370	1201022291696
27	1201022302825	1201022311671
27	1201022319339	1201022319815
27	1201022332664	1201022336424
27	1201022346669	1201022350132
27	1201022354581	1201022356565
27	1201022357536	1201022359363
27	1201022367371	1201022369604
27	1201022384212	1201022385473
27	1201022385749	1201022393553
27	1201022398660	1201022412858
27	1201022415715	1201022424432
27	1201022425347	1201022427245
27	1201022428453	1201022436484
27	1201022442109	1201022447346
27	1201022448972	1201022451243
27	1201022451726	1201022456259
27	1201022480502	1201022486716
27	1201022491995	1201022493129
27	1201022497424	1201022509931
27	1201022514890	1201022520454
27	1201022523148	1201022526623
27	1201022526748	1201022530677
27	1201022533317	1201022537233
27	1201022540327	1201022549511
27	1201022551805	1201022554158
27	1201022557933	1201022561238
27	1201022561914	1201022564562
27	1201022564877	1201022569845
27	1201022575844	1201022577123
27	1201022589226	1201022592583
27	1201022597199	1201022600431
27	1201022603141	1201022604845
27	1201022611576	1201022614414
27	1201022619989	1201022623918
27	1201022625891	1201022628736
27	1201022639972	1201022642407
27	1201022656691	1201022660529
27	1201022663292	1201022669113
27	1201022675343	1201022677173
27	1201022684270	1201022687679
27	1201022688418	1201022691702
27	1201022697647	1201022700749
27	1201022706252	1201022706663
27	1201022718741	1201022721790
27	1201022729646	1201022734522
27	1201022737654	1201022740379
27	1201022741539	1201022743506
27	1201022750763	1201022755784
27	1201022756217	1201022758449
27	1201022765586	1201022772877
27	1201022774340	1201022780483
27	1201022781372	1201022786776
27	1201022788451	1201022793367
27	1201022812695	1201022819477
27	1201022825343	1201022830419
27	1201022831916	1201022832290
27	1201022832844	1201022846665
27	1201022851450	1201022858431
27	1201022861977	1201022870360
27	1201022870642	1201022873497
27	1201022873823	1201022878394
27	1201022879274	1201022884228
27	1201022884418	1201022887837
27	1201022893821	1201022910480
27	1201022911286	1201022918264
27	1201022940934	1201022954475
27	1201022956103	1201023001785
27	1201023007919	1201023015942
27	1201023035316	1201023037316
27	1201023037589	1201023040594
27	1201023046564	1201023047274
27	1201023050535	1201023052469
27	1201023053936	1201023056639
27	1201023059735	1201023061788
27	1201023062842	1201023066579
27	1201023066702	1201023068854
27	1201023069886	1201023073481
27	1201023100900	1201023107601
27	1201023182664	1201023186817
28	1200990138802	1200990141574
28	1201005024686	1201005030437
28	1201010215273	1201010221452
28	1201014906169	1201014907946
28	1201015698550	1201015708570
28	1201015727275	1201015739531
28	1201020963987	1201020966975
28	1201022762460	1201022764843
28	1201023183415	1201023188622
28	1201029088356	1201029093115
28	1201029099398	1201029105231
28	1201029109500	1201029114195
29	1201000425864	1201000428222
29	1201000429904	1201000434781
29	1201004403945	1201004405131
29	1201004405760	1201004410333
29	1201004411429	1201004413770
29	1201010190749	1201010192707
29	1201014823202	1201014827124
29	1201015046610	1201015050683
29	1201015051355	1201015053485
29	1201015077127	1201015082900
29	1201015105137	1201015107486
29	1201015116392	1201015118950
29	1201015148404	1201015151656
29	1201015470834	1201015475896
29	1201015481679	1201015483289
29	1201015552270	1201015554859
29	1201015567494	1201015569770
29	1201015572236	1201015574346
29	1201015577631	1201015583202
29	1201015588240	1201015594406
29	1201015597355	1201015599254
29	1201015703152	1201015705371
29	1201015767157	1201015769651
29	1201015769875	1201015772115
29	1201015790944	1201015792965
29	1201015941446	1201015943472
29	1201015953316	1201015954595
29	1201016000711	1201016001955
29	1201016002731	1201016005117
29	1201016071707	1201016073873
29	1201016113996	1201016115879
29	1201016179491	1201016181607
29	1201016205614	1201016207548
29	1201016207962	1201016210272
29	1201016418626	1201016420180
29	1201016425544	1201016429572
29	1201016522805	1201016522826
29	1201016649848	1201016652321
29	1201016654618	1201016658966
29	1201016679966	1201016681955
29	1201016683439	1201016685527
29	1201016688845	1201016690891
29	1201016710229	1201016714888
29	1201016715434	1201016721225
29	1201016754627	1201016756747
29	1201016821420	1201016827357
29	1201016895778	1201016902484
29	1201016907382	1201016907891
29	1201016911471	1201016912754
29	1201016916380	1201016918386
29	1201023185342	1201023192111
29	1201037900336	1201037903971
29	1201037908708	1201037915979
30	1200980978416	1200980982775
30	1200980999125	1200981002962
30	1200981716238	1200981722176
30	1200981728545	1200981744775
30	1200989161966	1200989165752
30	1200990089673	1200990093569
30	1200993014613	1200993016709
30	1200995776332	1200995781348
30	1200997458568	1200997461238
30	1200998193489	1200998196100
30	1200998731903	1200998734558
30	1201000339369	1201000343427
30	1201000424561	1201000433921
30	1201000894648	1201000897417
30	1201004387851	1201004390146
30	1201004452743	1201004462612
30	1201004645943	1201004656884
30	1201004995471	1201004997124
30	1201008142209	1201008145347
30	1201008256613	1201008259650
30	1201009147917	1201009149916
30	1201009503549	1201009507135
30	1201010302260	1201010304135
30	1201010375465	1201010378851
30	1201010457112	1201010460721
30	1201012528100	1201012531399
30	1201012686444	1201012689290
30	1201013006636	1201013009863
30	1201013326933	1201013330213
30	1201013977886	1201013980356
30	1201014042456	1201014044491
30	1201014068275	1201014071150
30	1201014675606	1201014678841
30	1201014794130	1201014797660
30	1201014805118	1201014809540
30	1201015116632	1201015118300
30	1201015144959	1201015147705
30	1201015156900	1201015160277
30	1201015300966	1201015302196
30	1201015424526	1201015426362
30	1201015462357	1201015478524
30	1201015483800	1201015486489
30	1201015549634	1201015554383
30	1201015791724	1201015795539
30	1201015939375	1201015946726
30	1201015966842	1201015968887
30	1201015995758	1201015998139
30	1201015998972	1201016003585
30	1201016099336	1201016103192
30	1201016182790	1201016183325
30	1201016206356	1201016212914
30	1201016375368	1201016378389
30	1201016418374	1201016427658
30	1201016489991	1201016492343
30	1201016504187	1201016506506
30	1201016516975	1201016523174
30	1201016576510	1201016579726
30	1201016586279	1201016588450
30	1201016649687	1201016656976
30	1201016680244	1201016685809
30	1201016686763	1201016691743
30	1201016710880	1201016712438
30	1201016717288	1201016717579
30	1201016725702	1201016727827
30	1201016734694	1201016736942
30	1201016821934	1201016830161
30	1201016901203	1201016910953
30	1201016912211	1201016917667
30	1201016921732	1201016925549
30	1201017550477	1201017553521
30	1201017623861	1201017625866
30	1201018129282	1201018131271
30	1201019478137	1201019481523
30	1201020966132	1201020969766
30	1201021541166	1201021544609
30	1201021681882	1201021685801
30	1201021740908	1201021745241
30	1201021745791	1201021750214
30	1201021777771	1201021786194
30	1201022945648	1201022946850
30	1201022947314	1201022950152
30	1201022992396	1201022996559
30	1201023021442	1201023024279
30	1201023025675	1201023029813
30	1201023716803	1201023719943
30	1201023890807	1201023893979
30	1201024002209	1201024005821
30	1201029072493	1201029075619
30	1201029152441	1201029155753
30	1201029251788	1201029253212
30	1201029267993	1201029272402
30	1201032824126	1201032827833
30	1201032912224	1201032915688
30	1201037875494	1201037878896
30	1201037895589	1201037899560
30	1201038038730	1201038044670
30	1201040206701	1201040212882
30	1201040368949	1201040371275
31	1200980930910	1200980935630
31	1200980949254	1200980955265
31	1200980966187	1200980969804
31	1200981022919	1200981026431
31	1200981714868	1200981717301
31	1200981720400	1200981722969
31	1200981723191	1200981724507
31	1200981726783	1200981732552
31	1200981742270	1200981745174
31	1200985234804	1200985236813
31	1200985238799	1200985240995
31	1200985750469	1200985755660
31	1200987336781	1200987338795
31	1200987524401	1200987533451
31	1200988542870	1200988544543
31	1200988544945	1200988547934
31	1200988719129	1200988720778
31	1200989164902	1200989168839
31	1200990020949	1200990025775
31	1200990087787	1200990092429
31	1200990293433	1200990300177
31	1200990306992	1200990310799
31	1200990420406	1200990422828
31	1200993004826	1200993011710
31	1200994035371	1200994039269
31	1200995642406	1200995644943
31	1200995773924	1200995781194
31	1200995979467	1200995983800
31	1200996661187	1200996664824
31	1200996830943	1200996834937
31	1200997506303	1200997510877
31	1200998192887	1200998196996
31	1200998214651	1200998216809
31	1200998718432	1200998721318
31	1200998733379	1200998735983
31	1200999216878	1200999220161
31	1201000747502	1201000752658
31	1201000895541	1201000898519
31	1201002722371	1201002726245
31	1201002845821	1201002848690
31	1201003430256	1201003433506
31	1201003519994	1201003521586
31	1201004386320	1201004389349
31	1201004656658	1201004666399
31	1201004669263	1201004672851
31	1201004690256	1201004693136
31	1201004740383	1201004743182
31	1201004993578	1201004996356
31	1201005383775	1201005390688
31	1201005455731	1201005462430
31	1201005464298	1201005466473
31	1201005567983	1201005570648
31	1201005746448	1201005755166
31	1201005776185	1201005779438
31	1201006334406	1201006339205
31	1201006607917	1201006610711
31	1201007151814	1201007159643
31	1201007753577	1201007757843
31	1201007810870	1201007813225
31	1201007828312	1201007835492
31	1201007855768	1201007865611
31	1201007906962	1201007912862
31	1201007933894	1201007937262
31	1201008143500	1201008150547
31	1201008255301	1201008257873
31	1201009171399	1201009175407
31	1201009216419	1201009222119
31	1201009333153	1201009335902
31	1201009337739	1201009341759
31	1201009343521	1201009345798
31	1201009391554	1201009393532
31	1201009498721	1201009505425
31	1201010303102	1201010308333
31	1201010357808	1201010360621
31	1201010369704	1201010376770
31	1201010458452	1201010461850
31	1201011825684	1201011831482
31	1201011833183	1201011835841
31	1201011838341	1201011841442
31	1201011862238	1201011865973
31	1201012500372	1201012503103
31	1201012786370	1201012788485
31	1201012804322	1201012806969
31	1201012924790	1201012927106
31	1201013837185	1201013842564
31	1201013850363	1201013863287
31	1201013976854	1201013979381
31	1201014041132	1201014043505
31	1201014789888	1201014793248
31	1201014793755	1201014804929
31	1201015118555	1201015122560
31	1201015143142	1201015146123
31	1201015154665	1201015160909
31	1201015486246	1201015489313
31	1201015489679	1201015495816
31	1201015512197	1201015516938
31	1201015520797	1201015527223
31	1201015529525	1201015538371
31	1201015792699	1201015797396
31	1201015938906	1201015940878
31	1201016867249	1201016875589
31	1201016877692	1201016878839
31	1201016905616	1201016909291
31	1201016909913	1201016920932
31	1201016923140	1201016926757
31	1201017537175	1201017539491
31	1201017551623	1201017555174
31	1201017623633	1201017624939
31	1201018105678	1201018108580
31	1201019479389	1201019482582
31	1201019768438	1201019773152
31	1201020967959	1201020979666
31	1201020984379	1201020989529
31	1201021662295	1201021667789
31	1201021676773	1201021685964
31	1201023171113	1201023173264
31	1201023718846	1201023721832
31	1201023818181	1201023820800
31	1201023892359	1201023895615
31	1201024001230	1201024003429
31	1201027833435	1201027835753
31	1201029070207	1201029073758
31	1201029153883	1201029157685
31	1201029250430	1201029252876
31	1201032910361	1201032913321
31	1201037876250	1201037880314
31	1201037889567	1201037894259
31	1201040195850	1201040208831
31	1201040209759	1201040215908
31	1201040280755	1201040291209
31	1201040291343	1201040295641
31	1201040369355	1201040383153
31	1201040383401	1201040387219
32	1200980944726	1200980949634
32	1200980954126	1200980958313
32	1200980963734	1200980970259
32	1200980977502	1200980980908
32	1200981000722	1200981005442
32	1200981012411	1200981017337
32	1200981017800	1200981024893
32	1200985238267	1200985240787
32	1200985750309	1200985751403
32	1200987529808	1200987534480
32	1200990020381	1200990023253
32	1200990296308	1200990298799
32	1200990307119	1200990309186
32	1200990421123	1200990424150
32	1200993004340	1200993010513
32	1200994035864	1200994039919
32	1200995643527	1200995646467
32	1200995773754	1200995777407
32	1200995923522	1200995930391
32	1200995960985	1200995963413
32	1200995978375	1200995982251
32	1200995991103	1200995993808
32	1200996660879	1200996664548
32	1200996832390	1200996834371
32	1200998058891	1200998063388
32	1200998149581	1200998152674
32	1200998172408	1200998176418
32	1200998191343	1200998195974
32	1200999216560	1200999218808
32	1201000331559	1201000333798
32	1201000431328	1201000435480
32	1201002721858	1201002725166
32	1201002846947	1201002849741
32	1201003429660	1201003433300
32	1201003519960	1201003521444
32	1201004458165	1201004463949
32	1201004464803	1201004471890
32	1201004604902	1201004610593
32	1201004643249	1201004648274
32	1201004649961	1201004652452
32	1201004687687	1201004692830
32	1201004751458	1201004756692
32	1201005386241	1201005390154
32	1201005567802	1201005571224
32	1201005747957	1201005751508
32	1201005777990	1201005780451
32	1201006333689	1201006337655
32	1201006608937	1201006611868
32	1201007150758	1201007152944
32	1201007156385	1201007160263
32	1201007753246	1201007756783
32	1201007811525	1201007815393
32	1201007827908	1201007831944
32	1201007934428	1201007938186
32	1201008144613	1201008147221
32	1201009171620	1201009174352
32	1201009176711	1201009180730
32	1201009212921	1201009215570
32	1201009222553	1201009225273
32	1201009233668	1201009235755
32	1201009330306	1201009336895
32	1201009337149	1201009344907
32	1201009450625	1201009457567
32	1201009494101	1201009499751
32	1201010191781	1201010196216
32	1201010305113	1201010308468
32	1201010358526	1201010360748
32	1201010369292	1201010371935
32	1201011824753	1201011827870
32	1201012527274	1201012530567
32	1201012687272	1201012690963
32	1201012785656	1201012788291
32	1201012925298	1201012927323
32	1201013007679	1201013010565
32	1201013043606	1201013046811
32	1201013048468	1201013050957
32	1201013056628	1201013058176
32	1201013058712	1201013062886
32	1201013327959	1201013332187
32	1201013836425	1201013839965
32	1201014069266	1201014072776
32	1201014619814	1201014623214
32	1201014623562	1201014626413
32	1201014668753	1201014671984
32	1201014677167	1201014680573
32	1201014787475	1201014792982
32	1201014793114	1201014797160
32	1201016871332	1201016876434
32	1201016877187	1201016881770
32	1201016899597	1201016906204
32	1201016908612	1201016910528
32	1201016917808	1201016921391
32	1201018106478	1201018109614
32	1201018127701	1201018129894
32	1201020972918	1201020975357
32	1201021542603	1201021544473
32	1201021739895	1201021743619
32	1201022990586	1201022996579
32	1201023022271	1201023027753
32	1201023819561	1201023821909
32	1201023896910	1201023900499
32	1201037889315	1201037892179
32	1201040196828	1201040202131
33	1200993429958	1200993433786
33	1200993448218	1200993452822
33	1200993458751	1200993460562
33	1200993466900	1200993469678
33	1200993470643	1200993475305
33	1200993476601	1200993480914
33	1201021714973	1201021719144
33	1201021720416	1201021725332
33	1201021769297	1201021770512
33	1201021793892	1201021795853
33	1201021815747	1201021823153
34	1200993431499	1200993434617
34	1200993438135	1200993440523
34	1200993440735	1200993444210
34	1200993446884	1200993454555
34	1200993455363	1200993462987
34	1200993466204	1200993469520
34	1200993472355	1200993475189
34	1200993476177	1200993479687
34	1201021716456	1201021720984
36	1200993431339	1200993435211
36	1200993436973	1200993445399
36	1200993446751	1200993450786
36	1200993457217	1200993459132
36	1200993459348	1200993463458
36	1200993465215	1200993468668
36	1201021717266	1201021722444
37	1200993432485	1200993438431
37	1200993443860	1200993449134
37	1200993451747	1200993457488
37	1200993461161	1200993467116
37	1200993474345	1200993477133
