1	1203636789589	1203636791825
1	1203636864440	1203636867296
1	1203636917888	1203636919870
1	1203637058132	1203637062638
1	1203669744483	1203669747631
1	1203669807874	1203669809795
1	1203693139802	1203693142160
1	1203693299815	1203693302731
2	1203634907349	1203634909688
2	1203634915101	1203634917747
2	1203634987252	1203634988257
2	1203635014980	1203635017521
2	1203635389523	1203635390735
2	1203635401346	1203635403882
2	1203635406943	1203635411343
2	1203635413118	1203635415719
2	1203635417267	1203635421905
2	1203635427300	1203635432382
2	1203635449587	1203635461169
2	1203635463912	1203635466800
2	1203635487113	1203635489817
2	1203635496457	1203635500797
2	1203635502618	1203635504773
2	1203635561451	1203635567862
2	1203635568486	1203635570970
2	1203635573520	1203635575950
2	1203635696461	1203635702319
2	1203635786808	1203635788841
2	1203635797378	1203635800971
2	1203635835658	1203635839403
2	1203635947440	1203635950541
2	1203635952207	1203635954327
2	1203636042178	1203636046579
2	1203636689339	1203636690683
2	1203636703510	1203636703829
2	1203636712564	1203636713874
2	1203636714906	1203636720573
2	1203636725164	1203636731548
2	1203636732143	1203636734636
2	1203636742323	1203636746199
2	1203636746294	1203636751333
2	1203636765184	1203636767349
2	1203636778940	1203636780288
2	1203636780963	1203636784441
2	1203636790329	1203636792586
2	1203636806108	1203636815326
2	1203636831293	1203636836179
2	1203636865585	1203636867751
2	1203636871359	1203636873422
2	1203636942772	1203636946180
2	1203637036696	1203637039259
2	1203637039795	1203637042323
2	1203637060816	1203637063672
2	1203637072909	1203637074212
2	1203637075925	1203637078526
2	1203665341423	1203665342881
2	1203674887867	1203674889779
2	1203674891105	1203674895565
2	1203674899511	1203674904791
2	1203674905835	1203674907970
2	1203677132932	1203677134909
2	1203677237680	1203677239594
2	1203678386998	1203678388929
2	1203681645353	1203681647429
2	1203685724842	1203685726850
2	1203692079992	1203692082237
2	1203692519613	1203692522819
2	1203692526146	1203692527457
2	1203692540221	1203692543443
2	1203692553613	1203692555893
2	1203692589315	1203692591329
2	1203692609230	1203692612296
2	1203692837554	1203692840434
2	1203692842252	1203692845122
2	1203692854884	1203692857462
2	1203692946269	1203692948450
2	1203692980477	1203692981727
2	1203692982327	1203692984851
2	1203693032947	1203693037563
2	1203693079398	1203693084857
2	1203693093689	1203693095877
2	1203693122607	1203693127229
2	1203693153894	1203693157133
2	1203693171182	1203693173342
2	1203693183414	1203693184346
2	1203693190440	1203693194453
2	1203693202945	1203693205127
2	1203693205476	1203693207588
3	1203635406554	1203635417913
3	1203635429847	1203635436112
3	1203635443283	1203635446869
3	1203635448990	1203635453749
3	1203635456388	1203635464984
3	1203635564931	1203635568328
3	1203635948466	1203635953675
3	1203636705138	1203636709457
3	1203636709639	1203636716123
3	1203636718489	1203636732734
3	1203636774104	1203636776246
3	1203636776656	1203636782752
3	1203636802685	1203636808573
3	1203665264266	1203665269853
3	1203665274509	1203665282109
3	1203665284637	1203665292254
3	1203665309612	1203665319273
3	1203665339320	1203665344519
3	1203668786500	1203668799259
3	1203674888484	1203674894279
3	1203674900778	1203674909491
3	1203682275558	1203682279818
3	1203692521217	1203692528532
3	1203692541860	1203692543877
3	1203692581810	1203692585937
3	1203692586237	1203692588271
3	1203692588391	1203692591795
3	1203692838589	1203692843754
3	1203692851803	1203692856456
3	1203693094952	1203693101723
3	1203693112334	1203693114289
3	1203693114697	1203693124758
3	1203693155974	1203693161894
3	1203693170152	1203693173502
3	1203693183708	1203693186354
3	1203693188559	1203693192442
3	1203693966954	1203693970560
7	1203634801668	1203634804145
7	1203634804328	1203634806965
7	1203635945360	1203635948291
7	1203635952899	1203635959762
7	1203635972352	1203635974734
7	1203636411121	1203636413519
7	1203636414119	1203636416846
7	1203636417451	1203636419453
7	1203636426170	1203636428970
7	1203636466866	1203636469275
7	1203636494142	1203636507197
7	1203636628780	1203636631303
7	1203636676845	1203636679111
7	1203636686848	1203636688169
7	1203636688774	1203636691707
7	1203636692507	1203636697777
7	1203636697895	1203636721565
7	1203636722665	1203636741893
7	1203636743710	1203636745883
7	1203636757230	1203636762530
7	1203636765400	1203636772508
7	1203636782626	1203636786607
7	1203636788783	1203636791162
7	1203636792295	1203636795473
7	1203636799820	1203636815158
7	1203636815468	1203636817684
7	1203636818446	1203636820819
7	1203636823757	1203636828173
7	1203636829877	1203636838721
7	1203636839621	1203636848740
7	1203636851846	1203636866780
7	1203636868103	1203636871903
7	1203636873664	1203636878823
7	1203636880422	1203636886441
7	1203636887138	1203636892495
7	1203636897186	1203636900471
7	1203636903601	1203636905743
7	1203636906908	1203636918732
7	1203636948417	1203636980892
7	1203636984292	1203636987146
7	1203636987454	1203636989630
7	1203636991791	1203636997271
7	1203636998157	1203637000268
7	1203637008899	1203637012102
7	1203637013486	1203637042912
7	1203637043152	1203637060637
7	1203669747857	1203669751199
7	1203669751347	1203669788445
7	1203669789292	1203669791980
7	1203669798590	1203669804926
7	1203669808795	1203669814855
7	1203669816619	1203669818993
7	1203669828843	1203669845913
7	1203669863432	1203669867709
7	1203671157823	1203671166545
7	1203672245679	1203672247898
7	1203672248527	1203672254847
7	1203672256571	1203672260401
7	1203672262638	1203672268598
7	1203672600157	1203672602173
7	1203673100360	1203673101557
7	1203673109929	1203673113887
7	1203673160888	1203673164387
7	1203673167670	1203673171569
7	1203673241805	1203673243941
7	1203674607980	1203674609939
7	1203675609971	1203675611415
7	1203675613262	1203675617857
7	1203675642831	1203675645454
7	1203675669531	1203675673178
7	1203676447904	1203676454536
7	1203676458149	1203676460207
7	1203677130218	1203677134271
7	1203677239284	1203677243252
7	1203677491231	1203677495912
7	1203678314254	1203678316844
7	1203678369915	1203678387778
7	1203681646639	1203681655663
7	1203681886498	1203681891412
7	1203682245444	1203682246665
7	1203682615171	1203682618554
7	1203682620112	1203682621436
7	1203682976774	1203682981900
7	1203682986889	1203682988851
7	1203683265402	1203683276230
7	1203683281449	1203683287635
7	1203684349460	1203684354364
7	1203684387572	1203684392553
7	1203684529828	1203684531458
7	1203684704485	1203684709342
7	1203684736266	1203684738375
7	1203684738651	1203684741676
7	1203684750700	1203684753250
7	1203684753446	1203684756335
7	1203684760643	1203684761958
7	1203684785502	1203684790714
7	1203685218190	1203685222545
7	1203685222873	1203685243140
7	1203685302165	1203685306946
7	1203685307245	1203685311785
7	1203685349639	1203685352528
7	1203685354635	1203685357260
7	1203685722154	1203685728720
7	1203686017363	1203686023673
7	1203686198451	1203686200960
7	1203686426902	1203686430295
7	1203686431433	1203686436990
7	1203686678260	1203686679468
7	1203686680734	1203686688353
7	1203686723618	1203686727557
7	1203686821782	1203686823240
7	1203686828862	1203686831143
7	1203687100472	1203687103690
7	1203687144266	1203687145579
7	1203687537815	1203687539206
7	1203687546942	1203687548223
7	1203687556142	1203687557432
7	1203687774249	1203687775458
7	1203687782348	1203687784624
7	1203688554878	1203688564705
7	1203688569189	1203688573967
7	1203688577249	1203688578563
7	1203688579123	1203688581707
7	1203688628806	1203688632917
7	1203688782799	1203688789687
7	1203689456931	1203689461264
7	1203689462284	1203689464878
7	1203689466430	1203689468760
7	1203689548515	1203689549784
7	1203689555167	1203689559100
7	1203689561391	1203689564423
7	1203689571477	1203689574238
7	1203689586716	1203689590420
7	1203689772414	1203689777163
7	1203689778803	1203689786353
7	1203689998657	1203690000582
7	1203690033190	1203690035681
7	1203690058550	1203690063299
7	1203690075441	1203690086635
7	1203690099156	1203690109561
7	1203690116737	1203690118698
7	1203690522173	1203690524711
7	1203690711851	1203690713404
7	1203691615971	1203691618888
7	1203691619952	1203691625112
7	1203691805496	1203691816171
7	1203691877270	1203691883144
7	1203692009725	1203692012182
7	1203692016311	1203692018403
7	1203692076274	1203692081687
7	1203692262273	1203692266423
7	1203692732695	1203692739762
7	1203692744308	1203692745628
7	1203692745808	1203692748870
7	1203692749336	1203692751793
7	1203692830827	1203692839972
7	1203692844804	1203692847407
7	1203692850167	1203692851494
7	1203692958434	1203692966836
7	1203693010845	1203693017769
7	1203693021736	1203693024287
7	1203693030939	1203693034424
7	1203693034560	1203693035870
7	1203693038926	1203693047153
7	1203693047813	1203693050597
7	1203693061605	1203693065547
7	1203693072193	1203693088701
7	1203693093442	1203693100403
7	1203693105987	1203693109854
7	1203693128175	1203693134150
7	1203693136134	1203693138410
7	1203693142590	1203693162155
7	1203693165580	1203693170153
7	1203693176835	1203693187296
7	1203693195747	1203693200375
7	1203693200961	1203693219411
7	1203693220503	1203693221831
7	1203693223613	1203693239509
7	1203693239670	1203693245209
7	1203693248976	1203693251262
7	1203693257489	1203693265879
7	1203693275474	1203693277880
7	1203693279486	1203693285458
7	1203693286442	1203693290426
7	1203693290720	1203693294541
8	1203635565365	1203635570231
8	1203635591452	1203635594797
8	1203635695770	1203635697999
8	1203635947567	1203635957821
8	1203636730362	1203636735206
8	1203636736852	1203636741405
8	1203636741621	1203636744398
8	1203636790535	1203636794445
8	1203636802648	1203636804348
8	1203636873824	1203636877955
8	1203636886858	1203636891123
8	1203636918378	1203636922540
8	1203636925859	1203636933521
8	1203636933763	1203636938981
8	1203636942142	1203636948122
8	1203637036317	1203637040201
8	1203637060433	1203637065378
8	1203637066167	1203637080246
8	1203637083752	1203637086857
8	1203665341136	1203665343214
8	1203668785595	1203668788245
8	1203669742201	1203669744919
8	1203674887595	1203674890719
8	1203674906319	1203674909155
8	1203677132625	1203677136860
8	1203677237220	1203677241226
8	1203678386734	1203678388797
8	1203681644931	1203681648111
8	1203685724588	1203685729255
8	1203685815634	1203685819804
8	1203692079715	1203692084399
8	1203692260475	1203692264661
8	1203692514911	1203692516799
8	1203692826105	1203692828873
8	1203692850447	1203692853843
8	1203693093278	1203693097936
8	1203693151406	1203693153767
8	1203693190602	1203693198459
8	1203693201705	1203693204337
8	1203693205603	1203693210185
8	1203693288501	1203693293557
8	1203693299975	1203693306191
9	1203635592707	1203635596658
9	1203635694897	1203635698781
9	1203636741125	1203636744538
9	1203636791326	1203636793534
9	1203636801289	1203636804808
9	1203636874703	1203636876958
9	1203636919404	1203636921630
9	1203636935951	1203636937881
9	1203636940954	1203636945177
9	1203637065101	1203637069367
9	1203637083895	1203637086850
9	1203665263102	1203665266649
9	1203665341423	1203665345290
9	1203668785763	1203668789271
9	1203668796306	1203668800688
9	1203674225462	1203674232213
9	1203674271746	1203674274451
9	1203674326132	1203674333916
9	1203674360206	1203674362994
9	1203674392330	1203674392724
9	1203674397297	1203674399911
9	1203674406981	1203674409294
9	1203674409457	1203674411754
9	1203674412817	1203674414850
9	1203674421868	1203674425174
9	1203674431746	1203674434372
9	1203674447879	1203674451871
9	1203674452251	1203674454634
9	1203674508863	1203674511557
9	1203674520341	1203674523867
9	1203674619123	1203674625935
9	1203674716815	1203674720165
9	1203674727153	1203674728474
9	1203674728680	1203674730754
9	1203674735960	1203674738184
9	1203674745801	1203674747873
9	1203674752727	1203674757859
9	1203674768774	1203674772630
9	1203674775785	1203674777146
9	1203674849492	1203674852309
9	1203674852675	1203674859791
9	1203674965173	1203674967906
9	1203674968570	1203674971670
9	1203674972530	1203674978996
9	1203677133490	1203677136693
9	1203677236758	1203677238975
9	1203678515350	1203678520782
9	1203681644446	1203681647601
9	1203682274754	1203682282164
9	1203685725848	1203685728588
9	1203692080976	1203692084241
9	1203693302871	1203693306191
9	1203693966266	1203693968744
9	1203693969191	1203693973202
10	1203679840799	1203679842929
10	1203681718736	1203681721329
10	1203681744674	1203681746569
10	1203681749903	1203681752351
10	1203684289585	1203684292496
10	1203684933844	1203684936283
10	1203685329115	1203685331733
10	1203693413818	1203693416396
10	1203693486208	1203693488735
10	1203696262765	1203696265231
10	1203696360157	1203696362565
12	1203695299648	1203695301617
12	1203695366155	1203695368995
12	1203695397628	1203695399596
12	1203695409329	1203695411301
12	1203695465359	1203695468582
12	1203695513756	1203695515487
12	1203695960448	1203695963759
12	1203695977834	1203695979112
12	1203695995349	1203695998534
12	1203696926109	1203696928428
12	1203696946735	1203696949559
13	1203695299943	1203695303265
13	1203695310632	1203695313438
13	1203695322747	1203695325590
13	1203695334996	1203695337773
13	1203695341960	1203695347459
13	1203695358176	1203695364262
13	1203695365464	1203695370833
13	1203695397882	1203695400810
13	1203695403844	1203695407239
13	1203695407634	1203695413488
13	1203695468881	1203695474844
13	1203695482547	1203695486495
13	1203695494169	1203695499479
13	1203695505291	1203695510136
13	1203695512102	1203695515370
13	1203695754629	1203695758501
13	1203695761315	1203695762522
13	1203695768961	1203695772949
13	1203695795658	1203695797719
13	1203695958526	1203695964873
13	1203695994605	1203695998282
13	1203696926851	1203696931555
13	1203696945943	1203696949737
14	1203635694451	1203635696335
14	1203636740843	1203636742188
14	1203636884814	1203636886706
14	1203665342593	1203665344673
14	1203668784314	1203668786500
14	1203668797542	1203668799802
14	1203673882213	1203673885588
14	1203673930731	1203673939667
14	1203673940639	1203673943552
14	1203674176292	1203674180835
14	1203674227520	1203674234352
14	1203674302468	1203674307975
14	1203674310597	1203674313453
14	1203674342435	1203674350615
14	1203674564772	1203674566918
14	1203674567762	1203674574968
14	1203674579573	1203674582143
14	1203674583689	1203674587135
14	1203674886696	1203674889207
14	1203674907412	1203674909621
14	1203674980864	1203674982874
14	1203674990477	1203674992701
14	1203674995828	1203674999165
14	1203678514963	1203678516856
14	1203681184584	1203681184926
14	1203692259206	1203692261245
15	1203635593941	1203635596249
15	1203635693755	1203635697143
15	1203636738892	1203636741757
15	1203636792453	1203636793695
15	1203636799703	1203636803937
15	1203636875730	1203636878316
15	1203636884105	1203636887254
15	1203636920126	1203636922798
15	1203636929797	1203636933307
15	1203637085430	1203637088814
15	1203665261972	1203665264107
15	1203665343998	1203665346635
15	1203668784136	1203668786357
15	1203668798104	1203668800390
15	1203669740898	1203669742677
15	1203673881272	1203673885283
15	1203674346838	1203674351349
15	1203674503202	1203674507682
15	1203674524538	1203674528208
15	1203674585141	1203674587726
15	1203674971417	1203674974759
15	1203674975884	1203674980236
15	1203674980470	1203674983346
15	1203674990323	1203674993509
15	1203674995580	1203675000188
15	1203677134624	1203677138210
15	1203677235730	1203677238846
15	1203678514712	1203678516632
15	1203678517336	1203678521106
15	1203679399197	1203679401665
15	1203679404289	1203679411740
15	1203679416256	1203679417549
15	1203679458987	1203679461656
15	1203681181668	1203681188231
15	1203681643458	1203681646639
15	1203682273795	1203682275824
15	1203682279354	1203682282798
15	1203685726593	1203685730493
15	1203685814748	1203685816757
15	1203692081960	1203692084775
15	1203692258758	1203692261159
15	1203692513880	1203692514718
15	1203693303150	1203693307503
15	1203693965647	1203693966743
15	1203693970400	1203693973973
16	1203635594279	1203635596249
16	1203636792712	1203636794771
16	1203636876442	1203636878461
16	1203636920644	1203636923856
16	1203636928851	1203636932669
16	1203665261438	1203665264677
16	1203669740440	1203669742453
16	1203673852401	1203673858504
16	1203673880232	1203673884279
16	1203674980470	1203674982115
16	1203674991381	1203674994615
16	1203677235464	1203677237347
16	1203679398853	1203679401887
16	1203679407496	1203679411279
16	1203679839919	1203679841405
16	1203681179878	1203681182972
16	1203681185232	1203681188363
16	1203681643206	1203681645185
16	1203681720115	1203681721955
16	1203681743588	1203681745201
16	1203681751307	1203681753240
16	1203682273531	1203682275431
16	1203684934900	1203684937234
16	1203685328625	1203685330309
16	1203685727283	1203685730904
16	1203692082509	1203692085737
16	1203693304895	1203693307306
16	1203693414958	1203693416860
16	1203693485204	1203693487382
16	1203693965205	1203693967234
17	1203681179556	1203681181462
17	1203681186753	1203681193793
17	1203681751292	1203681754495
17	1203684288547	1203684290784
17	1203684935172	1203684937234
17	1203685328335	1203685330643
17	1203693415819	1203693417194
17	1203693485268	1203693488300
17	1203695298411	1203695301289
17	1203695409768	1203695411238
17	1203695751806	1203695756581
17	1203695977943	1203695981204
17	1203695996891	1203696000250
17	1203696261634	1203696264747
17	1203696362244	1203696365615
17	1203696948894	1203696950211
18	1203695298919	1203695301809
18	1203695367162	1203695370478
18	1203695396328	1203695399984
18	1203695409548	1203695413138
18	1203695464531	1203695465782
18	1203695514444	1203695518562
18	1203695752888	1203695754913
18	1203695977465	1203695981620
18	1203695996771	1203696000382
18	1203696925230	1203696928588
18	1203696947839	1203696951373
20	1203666121667	1203666127506
20	1203673832133	1203673836530
20	1203673846960	1203673852401
20	1203673870341	1203673880623
20	1203673881531	1203673887654
20	1203673888394	1203673891360
20	1203673893226	1203673898518
20	1203673898687	1203673901843
20	1203673908462	1203673916602
20	1203673917174	1203673922652
20	1203673937347	1203673948416
20	1203673948953	1203673957114
20	1203673976459	1203673982778
20	1203673983343	1203673995242
20	1203674016232	1203674019244
20	1203674028116	1203674032792
20	1203674046596	1203674048752
20	1203674061513	1203674062769
20	1203674063455	1203674065688
20	1203674071490	1203674073937
20	1203674077357	1203674079791
20	1203674081723	1203674082979
20	1203674083758	1203674087907
20	1203674096554	1203674098749
20	1203674123401	1203674127854
20	1203674131921	1203674134365
20	1203674137990	1203674141415
20	1203674151510	1203674153589
20	1203674157308	1203674160744
20	1203674169453	1203674173363
20	1203674190258	1203674192194
20	1203674205616	1203674209416
20	1203674216523	1203674219391
20	1203674226988	1203674229776
20	1203674234232	1203674236183
20	1203674241769	1203674245565
20	1203674328936	1203674331605
20	1203674332724	1203674334851
20	1203674365828	1203674368160
20	1203674377847	1203674381852
20	1203674385268	1203674390566
20	1203674408497	1203674423463
20	1203674505844	1203674514177
20	1203674589800	1203674597260
20	1203674619515	1203674626341
20	1203674753920	1203674759843
20	1203674764105	1203674777598
20	1203674790807	1203674793300
20	1203674808415	1203674809739
20	1203674872906	1203674877829
20	1203674881780	1203674890967
20	1203674909285	1203674918354
20	1203674920291	1203674927609
20	1203674944315	1203674952498
20	1203674957663	1203674963329
20	1203674965840	1203674974529
20	1203674982284	1203674991743
20	1203678494908	1203678507284
20	1203678519490	1203678525422
20	1203678530546	1203678532975
20	1203678539395	1203678546371
20	1203678631145	1203678633240
20	1203678633784	1203678637499
20	1203678642419	1203678644937
20	1203678652136	1203678654590
20	1203678810731	1203678816900
20	1203678820126	1203678824342
20	1203678861360	1203678862678
20	1203678864332	1203678865598
20	1203678867230	1203678869914
20	1203678905631	1203678906898
20	1203678908106	1203678910344
20	1203678963363	1203678965397
20	1203678994974	1203678997479
20	1203679029882	1203679030348
20	1203679069193	1203679074373
20	1203679080757	1203679083433
20	1203679262461	1203679263656
20	1203679264602	1203679280865
20	1203679292867	1203679299689
20	1203679305197	1203679312908
20	1203679313598	1203679323300
20	1203679329915	1203679338454
20	1203679340264	1203679343448
20	1203679345212	1203679349264
20	1203679351785	1203679356416
20	1203679356724	1203679361571
20	1203679362108	1203679387968
20	1203679389447	1203679393879
20	1203679452570	1203679459784
20	1203679475212	1203679478202
20	1203679559678	1203679564872
20	1203679570142	1203679572400
21	1203666120570	1203666124111
21	1203666124601	1203666128797
21	1203673834421	1203673837184
21	1203673845506	1203673848400
21	1203673851420	1203673871861
21	1203673953580	1203673958102
21	1203673974876	1203673978384
21	1203674178691	1203674180712
21	1203674347829	1203674353397
21	1203674419393	1203674424221
21	1203674586223	1203674587445
21	1203674588995	1203674592293
21	1203674655114	1203674657720
21	1203674682919	1203674688495
21	1203674688669	1203674690869
21	1203674691317	1203674693101
21	1203674717506	1203674722104
21	1203674748169	1203674752542
21	1203674838472	1203674841520
21	1203674872406	1203674877224
21	1203674885317	1203674888228
21	1203674908714	1203674912155
21	1203674969230	1203674973141
21	1203674981711	1203674984424
21	1203674988923	1203674992277
21	1203674994991	1203674999370
21	1203678494324	1203678497260
21	1203678505258	1203678508484
21	1203678518704	1203678521538
21	1203679354132	1203679356274
21	1203679390526	1203679396431
21	1203679407795	1203679415194
21	1203679451925	1203679454226
21	1203679476798	1203679480543
21	1203679481656	1203679483884
21	1203679484734	1203679487438
21	1203679559422	1203679561630
21	1203679562735	1203679566371
21	1203679566438	1203679568868
21	1203679570409	1203679573192
22	1203666119950	1203666122724
22	1203666125498	1203666128547
22	1203673830287	1203673832605
22	1203673835624	1203673836914
22	1203673954524	1203673957668
22	1203673973945	1203673977155
22	1203674348204	1203674354623
22	1203674359511	1203674363765
22	1203674364408	1203674369218
22	1203674412244	1203674414991
22	1203674418415	1203674420517
22	1203674421505	1203674423914
22	1203674438908	1203674445855
22	1203674449821	1203674452613
22	1203674520833	1203674522858
22	1203674523738	1203674532962
22	1203674534279	1203674536467
22	1203674585835	1203674593566
22	1203674626717	1203674629267
22	1203674654842	1203674657880
22	1203674749392	1203674751497
22	1203674752354	1203674755784
22	1203674838769	1203674843480
22	1203674872670	1203674879855
22	1203674902433	1203674906980
22	1203674992877	1203675001514
22	1203678493261	1203678496962
22	1203678506311	1203678508810
22	1203679393371	1203679399452
22	1203679400581	1203679404748
22	1203679405869	1203679411131
22	1203679479313	1203679483598
22	1203679557497	1203679560377
22	1203679564263	1203679568732
22	1203679571621	1203679573537
23	1203637087542	1203637090564
23	1203665343966	1203665346247
23	1203666119276	1203666122147
23	1203666126638	1203666129217
23	1203668782450	1203668786187
23	1203668798698	1203668802535
23	1203673829637	1203673831655
23	1203673836506	1203673838688
23	1203673843558	1203673845840
23	1203673955288	1203673959722
23	1203673972774	1203673976237
23	1203674973289	1203674974529
23	1203674978228	1203674980966
23	1203674998755	1203675003105
23	1203678492666	1203678495383
23	1203678507295	1203678509645
23	1203678512879	1203678515602
23	1203679410424	1203679412578
23	1203679439908	1203679442134
23	1203679446850	1203679453800
23	1203679468755	1203679473190
23	1203679487899	1203679490724
23	1203679491134	1203679492430
23	1203679492652	1203679497148
23	1203679556205	1203679559289
23	1203679572816	1203679575335
23	1203681642535	1203681644326
23	1203681721125	1203681723177
23	1203685812851	1203685816314
23	1203692257390	1203692260350
23	1203693305886	1203693308184
23	1203693971175	1203693973510
23	1203695750330	1203695754467
24	1203635595729	1203635598641
24	1203635691796	1203635694658
24	1203636794136	1203636796928
24	1203636797887	1203636801190
24	1203636878120	1203636880785
24	1203636881788	1203636884414
24	1203636922202	1203636924928
24	1203636927298	1203636930346
24	1203637087377	1203637089140
24	1203665259885	1203665262901
24	1203665345337	1203665347725
24	1203666118585	1203666122117
24	1203666127665	1203666130385
24	1203669738998	1203669741150
24	1203673842360	1203673844256
24	1203673849348	1203673853883
24	1203673956758	1203673960438
24	1203673966335	1203673968443
24	1203673972571	1203673975110
24	1203674156551	1203674159452
24	1203674974759	1203674978494
24	1203674978796	1203674980979
24	1203674993635	1203674996935
24	1203677136327	1203677139330
24	1203677234986	1203677235934
24	1203678390447	1203678393187
24	1203678491945	1203678495518
24	1203678507922	1203678511101
24	1203678511775	1203678514592
24	1203679393623	1203679397785
24	1203679554581	1203679555765
24	1203679574834	1203679576767
24	1203679838753	1203679840634
24	1203681178613	1203681180680
24	1203681641731	1203681643864
24	1203681752155	1203681754495
24	1203682272761	1203682274185
24	1203682280702	1203682283931
24	1203684287608	1203684289836
24	1203684935900	1203684938951
24	1203685327287	1203685329871
24	1203685729869	1203685731944
24	1203685812127	1203685815374
24	1203692084399	1203692087156
24	1203693306722	1203693309358
24	1203693415912	1203693417948
24	1203693484429	1203693487545
24	1203693963769	1203693966141
24	1203693971885	1203693973844
24	1203695296555	1203695300521
24	1203696260633	1203696263559
25	1203635475536	1203635477658
25	1203665260137	1203665261693
25	1203666128242	1203666131262
25	1203673961516	1203673964137
25	1203674978139	1203674981884
25	1203674994351	1203674998909
25	1203674999549	1203675004112
25	1203679392367	1203679396993
25	1203681177733	1203681181744
25	1203681192836	1203681196582
25	1203682271809	1203682275709
25	1203684287282	1203684288919
25	1203684936471	1203684939671
25	1203685326899	1203685328989
25	1203685730904	1203685732977
25	1203693416140	1203693419840
25	1203695368715	1203695371704
25	1203695395474	1203695397755
25	1203695410296	1203695413488
25	1203695463283	1203695466755
25	1203695515606	1203695519660
25	1203695978801	1203695982357
25	1203695997872	1203696001860
25	1203696260477	1203696262373
25	1203696364244	1203696367624
25	1203696924158	1203696927854
25	1203696949227	1203696952821
26	1203681218198	1203681221976
26	1203681224603	1203681226776
26	1203681226895	1203681229803
26	1203681233692	1203681236145
26	1203681255444	1203681260680
26	1203681265742	1203681268995
26	1203681551268	1203681554706
26	1203681555585	1203681557968
26	1203681558159	1203681560233
26	1203681560927	1203681562930
26	1203681563352	1203681564573
26	1203681798116	1203681804576
27	1203679411970	1203679415610
27	1203679419491	1203679425403
27	1203679434291	1203679435523
27	1203681721691	1203681723600
27	1203681740817	1203681742786
28	1203668738882	1203668749537
28	1203668758622	1203668764359
28	1203679437372	1203679440146
28	1203695748378	1203695753276
29	1203668736424	1203668741148
29	1203673848866	1203673850622
29	1203673965305	1203673967205
29	1203679472829	1203679475212
29	1203685811477	1203685813195
29	1203692255740	1203692257648
29	1203695747797	1203695748995
30	1203635596740	1203635599701
30	1203635691710	1203635693108
30	1203636795567	1203636799219
30	1203636879325	1203636884243
30	1203636923418	1203636928721
30	1203637088814	1203637091366
30	1203664505797	1203664509985
30	1203665254679	1203665257365
30	1203665259271	1203665261240
30	1203665346397	1203665349974
30	1203666117176	1203666120231
30	1203666129461	1203666131651
30	1203668735409	1203668739256
30	1203668800566	1203668803580
30	1203673827859	1203673829916
30	1203673847908	1203673851274
30	1203673962705	1203673968669
30	1203674155184	1203674157106
30	1203674977588	1203674979300
30	1203674980236	1203674983176
30	1203675001254	1203675005126
30	1203675012237	1203675015378
30	1203675026272	1203675037838
30	1203677137385	1203677141640
30	1203677233947	1203677235234
30	1203678490520	1203678493541
30	1203678509333	1203678514422
30	1203679391149	1203679395581
30	1203679476798	1203679479878
30	1203679526438	1203679526606
30	1203679552324	1203679554811
30	1203679595779	1203679597158
30	1203679601643	1203679607199
30	1203679655127	1203679661754
30	1203679670231	1203679672603
30	1203679837650	1203679839512
30	1203681176983	1203681180552
30	1203681640556	1203681642414
30	1203681752966	1203681756213
30	1203682271543	1203682272780
30	1203682281640	1203682284282
30	1203684286758	1203684288799
30	1203684370492	1203684379267
30	1203684383317	1203684389731
30	1203684936934	1203684940204
30	1203685326375	1203685328625
30	1203685730619	1203685733935
30	1203685811611	1203685814622
30	1203692086843	1203692088964
30	1203692255524	1203692258904
30	1203693307904	1203693313338
30	1203693482571	1203693485898
30	1203693842740	1203693848877
30	1203693851133	1203693860308
30	1203693861489	1203693866545
30	1203693876438	1203693885942
30	1203693889737	1203693894713
30	1203693910485	1203693913112
30	1203693925134	1203693927763
30	1203693949322	1203693949725
30	1203693954712	1203693957965
30	1203693962913	1203693965473
30	1203693972786	1203693975246
30	1203695294925	1203695299399
30	1203695369190	1203695371882
30	1203695394697	1203695396980
30	1203695411162	1203695413330
30	1203695516708	1203695517938
30	1203695745908	1203695750506
30	1203695980791	1203695983384
30	1203695998534	1203696001682
30	1203696240371	1203696249582
30	1203696259175	1203696262160
30	1203696923409	1203696925230
30	1203696950633	1203696953107
31	1203635478392	1203635480186
31	1203635597735	1203635600500
31	1203635688774	1203635693510
31	1203637089904	1203637095539
31	1203664501908	1203664504323
31	1203668931631	1203668939849
31	1203669736993	1203669738619
31	1203670598650	1203670601661
31	1203673827137	1203673829628
31	1203674125607	1203674127342
31	1203675002784	1203675006945
31	1203675021131	1203675028345
31	1203675029256	1203675037696
31	1203675870987	1203675878379
31	1203675880920	1203675891667
31	1203676032637	1203676036993
31	1203677138744	1203677142233
31	1203677231499	1203677234378
31	1203677534341	1203677541899
31	1203678354516	1203678357833
31	1203678392905	1203678395517
31	1203678479888	1203678484924
31	1203679671749	1203679677300
31	1203679836726	1203679839512
31	1203680205245	1203680210570
31	1203680285825	1203680288887
31	1203680298980	1203680304384
31	1203680305474	1203680309873
31	1203680316432	1203680318575
31	1203680326403	1203680332212
31	1203680334978	1203680337991
31	1203680458744	1203680461158
31	1203680503168	1203680506154
31	1203681175425	1203681178881
31	1203681216712	1203681220610
31	1203681638876	1203681641596
31	1203681754334	1203681760846
31	1203681961500	1203681963891
31	1203682270599	1203682272653
31	1203682488695	1203682491719
31	1203682613697	1203682615670
31	1203683227589	1203683229854
31	1203683479165	1203683482960
31	1203684285456	1203684288170
31	1203684937715	1203684939858
31	1203685023265	1203685026781
31	1203685731609	1203685734505
31	1203685809377	1203685812331
31	1203688776208	1203688779887
31	1203692086855	1203692090801
31	1203692253324	1203692256538
31	1203692506980	1203692510738
31	1203693311835	1203693314923
31	1203693417558	1203693419688
31	1203693478503	1203693481283
31	1203693822841	1203693826428
31	1203694722395	1203694725130
31	1203695982991	1203695987709
31	1203696950803	1203696953365
31	1203697468806	1203697470168
31	1203697503731	1203697505877
32	1203636924558	1203636927891
32	1203665253955	1203665256513
32	1203665347904	1203665350377
32	1203665351783	1203665357819
32	1203665396485	1203665402173
32	1203666116864	1203666119139
32	1203666130267	1203666132189
32	1203668734240	1203668738634
32	1203668801921	1203668804737
32	1203668931438	1203668934766
32	1203670599678	1203670602586
32	1203673847304	1203673850914
32	1203674126725	1203674128831
32	1203674981226	1203674986624
32	1203675003492	1203675007421
32	1203675008372	1203675011541
32	1203675014371	1203675016734
32	1203675017371	1203675022813
32	1203675034367	1203675036623
32	1203675870711	1203675873477
32	1203675882919	1203675886827
32	1203675887838	1203675891801
32	1203676032129	1203676033999
32	1203677533654	1203677537838
32	1203678355325	1203678359555
32	1203678482206	1203678486399
32	1203678489816	1203678492110
32	1203679390259	1203679392438
32	1203679469265	1203679476798
32	1203679479186	1203679484887
32	1203679499820	1203679502323
32	1203679508939	1203679523838
32	1203679534947	1203679540818
32	1203679559549	1203679562550
32	1203679563499	1203679565901
32	1203679575529	1203679577879
32	1203679597601	1203679598877
32	1203680204863	1203680208422
32	1203680283990	1203680287423
32	1203680459290	1203680462573
32	1203681195809	1203681197861
32	1203681216572	1203681218591
32	1203681802104	1203681804754
32	1203681842386	1203681845856
32	1203681963364	1203681965448
32	1203682270333	1203682274570
32	1203682282291	1203682285848
32	1203682488201	1203682490386
32	1203682614306	1203682617417
32	1203683228241	1203683230611
32	1203683411195	1203683416262
32	1203683478845	1203683481444
32	1203684313583	1203684318761
32	1203684367467	1203684371374
32	1203684385849	1203684392232
32	1203685024541	1203685027630
32	1203685030939	1203685034460
32	1203685325415	1203685329385
32	1203688775955	1203688778102
32	1203693823721	1203693826566
32	1203693841722	1203693845522
32	1203693890331	1203693892301
32	1203693893909	1203693897151
32	1203693901195	1203693905506
32	1203693955144	1203693959101
32	1203693962371	1203693965647
32	1203693973382	1203693976756
32	1203694722104	1203694724478
32	1203694740762	1203694744371
32	1203695294412	1203695296501
32	1203695369662	1203695373480
32	1203695394155	1203695396202
32	1203695411687	1203695413870
32	1203695461257	1203695463779
32	1203695744983	1203695748661
32	1203695983245	1203695991141
32	1203695999682	1203696003416
32	1203696239133	1203696243572
32	1203696244239	1203696248419
32	1203696258314	1203696262569
32	1203696316683	1203696319635
32	1203696388644	1203696394226
32	1203696922341	1203696924439
33	1203679416748	1203679419801
33	1203681722553	1203681726560
33	1203681739487	1203681742786
34	1203681722917	1203681729426
34	1203681729858	1203681733668
34	1203681734572	1203681737216
34	1203681737375	1203681743631
