32	1208705704264	1208705706975
32	1208705783948	1208705787850
32	1208705789615	1208705790891
32	1208706305494	1208706310606
1	1208643255575	1208643259190
1	1208643285991	1208643288295
1	1208692969761	1208692972998
1	1208692978499	1208692979771
1	1208692980122	1208692984338
1	1208692987186	1208692990495
1	1208692990957	1208692993115
1	1208693527682	1208693530902
1	1208693532833	1208693537929
1	1208693538441	1208693543501
1	1208693567578	1208693577427
1	1208695448461	1208695452910
1	1208699210887	1208699213119
1	1208699214339	1208699217349
1	1208706328855	1208706331422
2	1208642468504	1208642469718
2	1208642470120	1208642472777
2	1208642683316	1208642686651
2	1208642735285	1208642737557
2	1208642766859	1208642771275
2	1208642778170	1208642780460
2	1208642782841	1208642784998
2	1208642838387	1208642840861
2	1208642844984	1208642847100
2	1208642847436	1208642859935
2	1208642863139	1208642865532
2	1208642866502	1208642867796
2	1208642869342	1208642874386
2	1208642877285	1208642878686
2	1208642883513	1208642885776
2	1208642893661	1208642896561
2	1208642906414	1208642912374
2	1208642914111	1208642917148
2	1208642919144	1208642924442
2	1208642931125	1208642942723
2	1208642943467	1208642945772
2	1208643076160	1208643078350
2	1208643096349	1208643098496
2	1208643180337	1208643182563
2	1208643186297	1208643188477
2	1208643196837	1208643199626
2	1208643203541	1208643207959
2	1208643208956	1208643211964
2	1208643212598	1208643216371
2	1208643218684	1208643223131
2	1208643241274	1208643250677
2	1208643254699	1208643265631
2	1208643267899	1208643277651
2	1208643320283	1208643322353
2	1208643324371	1208643327620
2	1208699094920	1208699096969
2	1208699114199	1208699116389
2	1208705404292	1208705406449
2	1208705407903	1208705410492
2	1208705460726	1208705464643
2	1208705470647	1208705472956
2	1208705486629	1208705492479
2	1208705495288	1208705498167
2	1208705499634	1208705500388
2	1208705503652	1208705505558
2	1208705519160	1208705521488
2	1208705525890	1208705528524
2	1208705530904	1208705533526
2	1208705550127	1208705552628
2	1208705611667	1208705613695
2	1208705614961	1208705617374
2	1208705618100	1208705620657
2	1208705624678	1208705626920
2	1208705657110	1208705662292
2	1208705663632	1208705665958
2	1208705666182	1208705667480
2	1208705680277	1208705685112
2	1208705689623	1208705691860
2	1208705696758	1208705701818
2	1208705816463	1208705818515
2	1208705821261	1208705822542
2	1208706066309	1208706071800
2	1208706314185	1208706317606
2	1208706347837	1208706351183
3	1208642766609	1208642771821
3	1208642849205	1208642852908
3	1208642905674	1208642909256
3	1208643213179	1208643218875
3	1208643242224	1208643247439
3	1208643263892	1208643268872
3	1208643269902	1208643274558
38	1208708933528	1208708935326
7	1208642407518	1208642413420
7	1208643177477	1208643180571
7	1208643190732	1208643195800
7	1208643210197	1208643212209
7	1208643225597	1208643236224
7	1208643237326	1208643244393
7	1208643244929	1208643253467
7	1208643254569	1208643257605
7	1208643279304	1208643283926
7	1208643284912	1208643287374
7	1208643313913	1208643320849
7	1208681755623	1208681760709
7	1208681761475	1208681764989
7	1208681768262	1208681777771
7	1208681778633	1208681780986
7	1208681793942	1208681795230
7	1208682482546	1208682484215
7	1208682754478	1208682759384
7	1208683083303	1208683090529
7	1208683117567	1208683121349
7	1208683132783	1208683134975
7	1208683196787	1208683198994
7	1208683344315	1208683346378
7	1208683513411	1208683515942
7	1208683592935	1208683595317
7	1208684195427	1208684196627
7	1208684244175	1208684246474
7	1208684314505	1208684316595
7	1208684320116	1208684328597
7	1208684341198	1208684344283
7	1208684501869	1208684504213
7	1208685559224	1208685565896
7	1208686228244	1208686231318
7	1208686314678	1208686317635
7	1208686318206	1208686323444
7	1208686481516	1208686483634
7	1208686719484	1208686732611
7	1208686737202	1208686737980
7	1208686741855	1208686743918
7	1208686745193	1208686746312
7	1208686747160	1208686751377
7	1208687011753	1208687016425
7	1208687097170	1208687101794
7	1208687104961	1208687109211
7	1208687600960	1208687608656
7	1208687813918	1208687818910
7	1208687820481	1208687828522
7	1208687945713	1208687951386
7	1208688368796	1208688373931
7	1208688632677	1208688639793
7	1208688641868	1208688644403
7	1208689420106	1208689437439
7	1208690156508	1208690157714
7	1208690159759	1208690165221
7	1208690166461	1208690169274
7	1208690175182	1208690178117
7	1208690178478	1208690186601
7	1208695463976	1208695471773
7	1208695802878	1208695805342
7	1208695937586	1208695950888
7	1208696345355	1208696349350
7	1208696352411	1208696369924
7	1208696388254	1208696392613
7	1208696435827	1208696442903
7	1208696443170	1208696452394
7	1208696551399	1208696555509
7	1208696752929	1208696755105
7	1208697114871	1208697115232
7	1208698005464	1208698013859
7	1208698061303	1208698063559
7	1208698064179	1208698069175
7	1208698087715	1208698091736
7	1208698258298	1208698259246
7	1208698259816	1208698262154
7	1208698279981	1208698289467
7	1208698291151	1208698298339
7	1208698314258	1208698316533
7	1208698451324	1208698458937
7	1208698503973	1208698508288
7	1208698654796	1208698658791
7	1208698776692	1208698782324
7	1208698783646	1208698789975
7	1208698820600	1208698823724
7	1208698837219	1208698839288
7	1208698855688	1208698860896
7	1208698894438	1208698896814
7	1208698900657	1208698903650
7	1208698989518	1208698991860
7	1208698991982	1208698994384
7	1208699083427	1208699089398
7	1208699094158	1208699097107
7	1208699112494	1208699121478
7	1208699126634	1208699131774
7	1208699137529	1208699141855
7	1208699144272	1208699148555
7	1208699159206	1208699161400
7	1208699162414	1208699169303
7	1208699171294	1208699183972
7	1208699200672	1208699202870
7	1208699253359	1208699255609
7	1208699316316	1208699320247
7	1208699320637	1208699322992
7	1208699361313	1208699365118
7	1208699367238	1208699373612
7	1208699384225	1208699386484
7	1208699412190	1208699416398
7	1208699442448	1208699445399
7	1208699451565	1208699455950
7	1208699458477	1208699460963
7	1208699461198	1208699463814
7	1208699510113	1208699511458
7	1208699522667	1208699527128
7	1208699528441	1208699533401
7	1208699533960	1208699537661
7	1208699571754	1208699574316
7	1208699579166	1208699582392
7	1208699593151	1208699599540
7	1208699640176	1208699643137
7	1208699645744	1208699656217
7	1208699658525	1208699662185
7	1208699665978	1208699668418
7	1208699679630	1208699681662
7	1208699687796	1208699693448
7	1208699694299	1208699698212
7	1208699703895	1208699706771
7	1208699708670	1208699716103
7	1208699716371	1208699718498
7	1208699731278	1208699735470
7	1208699739836	1208699742645
7	1208699750430	1208699751748
7	1208699751869	1208699754228
7	1208699754982	1208699756956
7	1208699768533	1208699769843
7	1208699776441	1208699778641
7	1208699787954	1208699789974
7	1208699801613	1208699805825
7	1208699811999	1208699814481
7	1208699814989	1208699817339
7	1208699822668	1208699823978
7	1208699829192	1208699831687
7	1208699843989	1208699847954
7	1208699852478	1208699856694
7	1208699861533	1208699863764
7	1208699863919	1208699870694
7	1208699871977	1208699878277
7	1208699881304	1208699883444
7	1208699887640	1208699891664
7	1208699905847	1208699908394
7	1208699935492	1208699938195
7	1208699946273	1208699949349
7	1208699950579	1208699953683
7	1208699956504	1208699961260
7	1208699977356	1208699983789
7	1208699987267	1208699989563
7	1208699990831	1208699993281
7	1208699997371	1208700004979
7	1208700021531	1208700027536
7	1208700030134	1208700032234
7	1208700032464	1208700037973
7	1208700043641	1208700048714
7	1208700058699	1208700065697
7	1208700069472	1208700098133
7	1208700098289	1208700100190
7	1208700100474	1208700110469
7	1208700111153	1208700113800
7	1208700115460	1208700133418
7	1208700140511	1208700143285
7	1208700144613	1208700146202
7	1208700147228	1208700151193
7	1208700165542	1208700171724
7	1208700186266	1208700188574
7	1208700188999	1208700194360
7	1208700199861	1208700202527
7	1208700207760	1208700209107
7	1208700224785	1208700229422
7	1208700240446	1208700242909
7	1208700250343	1208700252644
7	1208700255820	1208700261443
7	1208700270314	1208700272513
7	1208700279734	1208700290738
7	1208700292981	1208700297884
7	1208700299109	1208700301469
7	1208700301705	1208700306726
7	1208700309218	1208700311402
7	1208700312413	1208700314480
7	1208700321473	1208700323582
7	1208700328274	1208700333806
7	1208700334407	1208700343914
7	1208700349622	1208700353972
7	1208700356120	1208700359827
7	1208700362981	1208700369414
7	1208700371126	1208700374135
7	1208700374549	1208700377105
7	1208700378982	1208700381245
7	1208700386824	1208700388987
7	1208700396329	1208700399189
7	1208700399377	1208700407723
7	1208700423223	1208700427481
7	1208700429317	1208700435840
7	1208700436428	1208700447458
7	1208700448910	1208700456408
7	1208700456598	1208700459390
7	1208700461209	1208700462522
7	1208700464617	1208700468538
7	1208700483368	1208700486352
7	1208700491374	1208700496551
7	1208700511879	1208700522876
7	1208700531499	1208700538100
7	1208700544681	1208700546235
7	1208700559864	1208700561524
7	1208700562268	1208700564705
7	1208700565265	1208700567251
7	1208700572790	1208700574804
7	1208700579928	1208700584558
7	1208700588184	1208700592209
7	1208700593875	1208700598461
7	1208700601944	1208700607790
7	1208700617821	1208700619407
7	1208700623452	1208700625958
7	1208700631168	1208700644872
7	1208700669559	1208700670914
7	1208700672945	1208700676450
7	1208700680354	1208700680596
7	1208700699466	1208700710293
7	1208700712280	1208700714904
7	1208700734562	1208700737482
7	1208700738210	1208700747578
7	1208700763932	1208700767718
7	1208700767859	1208700770208
7	1208700772754	1208700776291
7	1208700776600	1208700781705
7	1208700782586	1208700785290
7	1208700786140	1208700789988
7	1208700797448	1208700800203
7	1208700801160	1208700804986
7	1208700805991	1208700808660
7	1208700816609	1208700821526
7	1208700822278	1208700825600
7	1208700826521	1208700827832
7	1208700827951	1208700835744
7	1208700845123	1208700847273
7	1208700856718	1208700859117
7	1208700866788	1208700871686
7	1208700873443	1208700875767
7	1208700876778	1208700880690
7	1208700882409	1208700893678
7	1208700907471	1208700909761
7	1208700918495	1208700921612
7	1208700939636	1208700942444
7	1208700952401	1208700956372
7	1208700957739	1208700961228
7	1208700961865	1208700966374
7	1208700969407	1208700971499
7	1208700974460	1208700976760
7	1208701019702	1208701021807
7	1208701028230	1208701031134
7	1208701034570	1208701041423
7	1208701052306	1208701056347
7	1208701058135	1208701068674
7	1208701069877	1208701072568
7	1208701072837	1208701079283
7	1208701080561	1208701083260
7	1208701103115	1208701104426
7	1208701108503	1208701109831
7	1208701111870	1208701114562
7	1208701115364	1208701117676
7	1208701118327	1208701122775
7	1208701142482	1208701144486
7	1208701146746	1208701150285
7	1208701181544	1208701183856
7	1208701184294	1208701194269
7	1208701218972	1208701220329
7	1208701223584	1208701228893
7	1208701231279	1208701233455
7	1208701236927	1208701239335
7	1208701240725	1208701242584
7	1208701243120	1208701245530
7	1208701262467	1208701265147
7	1208701286993	1208701289107
7	1208701302956	1208701304787
7	1208701334199	1208701336941
7	1208701349210	1208701356368
7	1208701362954	1208701366250
7	1208701372767	1208701381736
7	1208701389858	1208701391172
7	1208701394987	1208701403277
7	1208701407437	1208701409476
7	1208701411511	1208701414110
7	1208701428541	1208701430750
7	1208701441806	1208701445167
7	1208701445522	1208701448807
7	1208701449472	1208701463755
7	1208701464397	1208701468327
7	1208701480612	1208701480728
7	1208701500153	1208701505200
7	1208701533975	1208701539595
7	1208701543917	1208701550895
7	1208701556927	1208701562829
7	1208701566155	1208701568677
7	1208701573654	1208701575857
7	1208701576439	1208701578923
7	1208701580961	1208701583259
7	1208701584283	1208701589297
7	1208701589499	1208701593148
7	1208701600672	1208701603859
7	1208701610286	1208701612429
7	1208701616830	1208701618756
7	1208701635104	1208701637513
7	1208701647961	1208701652293
7	1208701653293	1208701655725
7	1208701660652	1208701661954
7	1208701664289	1208701665605
7	1208701666117	1208701670954
7	1208701682596	1208701685373
7	1208701689982	1208701697699
7	1208701699940	1208701704850
7	1208701705867	1208701708184
7	1208701709320	1208701712474
7	1208701717321	1208701719285
7	1208701721404	1208701723426
7	1208701724691	1208701726230
7	1208701730900	1208701737254
7	1208701738472	1208701739799
7	1208701742794	1208701744214
7	1208701785770	1208701788717
7	1208701789511	1208701791825
7	1208701800674	1208701803107
7	1208701827619	1208701835120
7	1208701837604	1208701842434
7	1208701843301	1208701849870
7	1208701861179	1208701866628
7	1208701871368	1208701872690
7	1208701904573	1208701910705
7	1208701947142	1208701956676
7	1208701962205	1208701964399
7	1208702033428	1208702035707
7	1208702044121	1208702049451
7	1208702053994	1208702056400
7	1208702058988	1208702066151
7	1208702067426	1208702069113
7	1208702140740	1208702142504
7	1208702145942	1208702147290
7	1208702151203	1208702152519
7	1208702178683	1208702179985
7	1208702181958	1208702186958
7	1208702188922	1208702191172
7	1208702209319	1208702212758
7	1208702224969	1208702226260
7	1208702243381	1208702245977
7	1208702254354	1208702260123
7	1208702273165	1208702275187
7	1208702280122	1208702282596
7	1208702285134	1208702287544
7	1208702304785	1208702306714
7	1208702320780	1208702327986
7	1208702336172	1208702341223
7	1208702363584	1208702366128
7	1208702372238	1208702376759
7	1208702419499	1208702424299
7	1208702436227	1208702437530
7	1208702448413	1208702451131
7	1208702452485	1208702455321
7	1208702530490	1208702536417
7	1208702550515	1208702552615
7	1208702612922	1208702614195
7	1208702616370	1208702620297
7	1208702622525	1208702624943
7	1208702645829	1208702647124
7	1208702649497	1208702652276
7	1208702657388	1208702659541
7	1208702679245	1208702685959
7	1208702696987	1208702699214
7	1208702699560	1208702706572
7	1208702722615	1208702727384
7	1208702755966	1208702758401
7	1208702820628	1208702826441
7	1208702865604	1208702868513
7	1208702869955	1208702875332
7	1208702893339	1208702895370
7	1208702896765	1208702901192
7	1208702901257	1208702905269
7	1208702905320	1208702910600
7	1208702955476	1208702957642
7	1208702958486	1208702963783
7	1208702971955	1208702974132
7	1208702988114	1208702990554
7	1208702990690	1208702994879
7	1208702999600	1208703002227
7	1208703016389	1208703018470
7	1208703070671	1208703073143
7	1208703073487	1208703076194
7	1208703102696	1208703104341
7	1208703134243	1208703139198
7	1208703156732	1208703158908
7	1208703164966	1208703166286
7	1208703174870	1208703176989
7	1208703177865	1208703180218
7	1208703184950	1208703190363
7	1208703190558	1208703193746
7	1208703197252	1208703201257
7	1208703248781	1208703251333
7	1208703281139	1208703283363
7	1208703289512	1208703293455
7	1208703311220	1208703317329
7	1208703323817	1208703325281
7	1208703326262	1208703327697
7	1208703332925	1208703334249
7	1208703347114	1208703348427
7	1208703380220	1208703382600
7	1208703385175	1208703391483
7	1208703391767	1208703394327
7	1208703409451	1208703410759
7	1208703412183	1208703416918
7	1208703427597	1208703430185
7	1208703433584	1208703435702
7	1208703436836	1208703439618
7	1208703458609	1208703459309
7	1208703461473	1208703463792
7	1208703474289	1208703474529
7	1208703479832	1208703482843
7	1208703495527	1208703498711
7	1208703501990	1208703504146
7	1208703513430	1208703515957
7	1208703561541	1208703566111
7	1208703566240	1208703568306
7	1208703577876	1208703580358
7	1208703585778	1208703588899
7	1208703591407	1208703593407
7	1208703593701	1208703600554
7	1208703604229	1208703612330
7	1208703655995	1208703658176
7	1208703659486	1208703662776
7	1208703665108	1208703668769
7	1208703684218	1208703685538
7	1208703786470	1208703788775
7	1208703796114	1208703799935
7	1208703839651	1208703843547
7	1208703854349	1208703858315
7	1208703859874	1208703862401
7	1208703879985	1208703886593
7	1208703891907	1208703897556
7	1208703902406	1208703905290
7	1208703914205	1208703919169
7	1208703958175	1208703960424
7	1208703971637	1208703975825
7	1208704002457	1208704004704
7	1208704013121	1208704015544
7	1208704016917	1208704021369
7	1208704036615	1208704041258
7	1208704066908	1208704070982
7	1208704081566	1208704086686
7	1208704100184	1208704110168
7	1208704138230	1208704145991
7	1208704166361	1208704176566
7	1208704187251	1208704189610
7	1208704200656	1208704202967
7	1208704206877	1208704209290
7	1208704225483	1208704227957
7	1208704228775	1208704230305
7	1208704230993	1208704236974
7	1208704285755	1208704296275
7	1208704302464	1208704304722
7	1208704309176	1208704312648
7	1208704314670	1208704316796
7	1208704372509	1208704374752
7	1208704428764	1208704433167
7	1208704434355	1208704436827
7	1208704438791	1208704441270
7	1208704467163	1208704469270
7	1208704470920	1208704473314
7	1208704520591	1208704524805
7	1208704528519	1208704534568
7	1208704540757	1208704544306
7	1208704553936	1208704560308
7	1208704572891	1208704574183
7	1208704623919	1208704626124
7	1208704637391	1208704640463
7	1208704646671	1208704650212
7	1208704710221	1208704712552
7	1208704751655	1208704762635
7	1208704767795	1208704770120
7	1208704773419	1208704786686
7	1208704798189	1208704799506
7	1208704822871	1208704824952
7	1208704825477	1208704829650
7	1208704835569	1208704837306
7	1208704846857	1208704852555
7	1208704869785	1208704873719
7	1208704874650	1208704877147
7	1208704878567	1208704881942
7	1208704887993	1208704898639
7	1208704901403	1208704906168
7	1208704906290	1208704911700
7	1208704943620	1208704945801
7	1208704947611	1208704953919
7	1208704983325	1208704987969
7	1208705007695	1208705010643
7	1208705019238	1208705023216
7	1208705031147	1208705033538
7	1208705096716	1208705105182
7	1208705116601	1208705122855
7	1208705138648	1208705142612
7	1208705167426	1208705180528
7	1208705182668	1208705192683
7	1208705197812	1208705199263
7	1208705204432	1208705206460
7	1208705207448	1208705212113
7	1208705220272	1208705223855
7	1208705238473	1208705240958
7	1208705255887	1208705261613
7	1208705270710	1208705272216
7	1208705278868	1208705283418
7	1208705290559	1208705292634
7	1208705294942	1208705308312
7	1208705311250	1208705318143
7	1208705322527	1208705330111
7	1208705332939	1208705334750
7	1208705337805	1208705340190
7	1208705358224	1208705361885
7	1208705364742	1208705366112
7	1208705367620	1208705370420
7	1208705382249	1208705390282
7	1208705394424	1208705402119
7	1208705428775	1208705440729
7	1208705714429	1208705719484
7	1208705823568	1208705823929
7	1208705830820	1208705835922
7	1208705839198	1208705846644
7	1208705850732	1208705856797
7	1208705858687	1208705861895
7	1208705863708	1208705869391
7	1208705885682	1208705887915
7	1208705899245	1208705901888
7	1208705902153	1208705903504
7	1208705909253	1208705913124
7	1208705916680	1208705919177
7	1208705920866	1208705924363
7	1208706016947	1208706027572
7	1208706058248	1208706067504
7	1208706195303	1208706201955
7	1208706210110	1208706214794
7	1208706218370	1208706219664
7	1208706237850	1208706249652
7	1208706249896	1208706254445
7	1208706255797	1208706258544
7	1208706272585	1208706276293
7	1208706278699	1208706281632
7	1208706282748	1208706285331
7	1208706285965	1208706288408
7	1208706288715	1208706300934
7	1208706319330	1208706326135
7	1208706326401	1208706336517
7	1208706339617	1208706341895
7	1208706343467	1208706346110
7	1208706346671	1208706349191
7	1208706360538	1208706365529
7	1208706367120	1208706373581
8	1208642934573	1208642940698
8	1208643217967	1208643223260
8	1208643236345	1208643238664
8	1208643272639	1208643277298
8	1208643281626	1208643286266
8	1208643295367	1208643314631
8	1208643324738	1208643328790
8	1208690163538	1208690167795
8	1208690180911	1208690187177
8	1208690187553	1208690193719
8	1208692963604	1208692966750
8	1208692992977	1208692997341
8	1208693525906	1208693528962
8	1208693575733	1208693578965
8	1208695445725	1208695448772
8	1208695451289	1208695454253
8	1208695461942	1208695464952
8	1208698456561	1208698460751
8	1208698501113	1208698505372
8	1208699094588	1208699098897
8	1208699109462	1208699117137
8	1208705188115	1208705192299
8	1208705381511	1208705383874
8	1208705393494	1208705398743
8	1208705399751	1208705405929
8	1208705409664	1208705411972
8	1208705546322	1208705550282
8	1208705592508	1208705595993
8	1208705604807	1208705607227
8	1208705695534	1208705701491
8	1208705712802	1208705715497
8	1208705717806	1208705723484
8	1208705729252	1208705731379
8	1208705814412	1208705819832
8	1208706066913	1208706072502
8	1208706186669	1208706190540
8	1208706298519	1208706301575
8	1208706313780	1208706317148
8	1208706331800	1208706335799
8	1208706343637	1208706347718
8	1208706347960	1208706350278
8	1208706360665	1208706370776
8	1208706372811	1208706376948
9	1208643286601	1208643287837
9	1208643294474	1208643296380
9	1208643326605	1208643328558
9	1208690184623	1208690188900
9	1208693576821	1208693579846
9	1208695445328	1208695447267
9	1208695452341	1208695454605
9	1208698500805	1208698503192
9	1208699095492	1208699098496
9	1208699110428	1208699112637
9	1208705698902	1208705703541
9	1208705720533	1208705723484
9	1208705772146	1208705774351
9	1208705812147	1208705815939
9	1208706067931	1208706075642
9	1208706186155	1208706189524
9	1208706299325	1208706303281
9	1208706313984	1208706315355
9	1208706331276	1208706333548
9	1208706368964	1208706371292
9	1208706373795	1208706376918
14	1208698457829	1208698459961
14	1208699108121	1208699110232
14	1208705697138	1208705699449
14	1208705812425	1208705815499
15	1208643326732	1208643332386
15	1208681745361	1208681748432
15	1208690161443	1208690163417
15	1208690191456	1208690191558
15	1208692961532	1208692964130
15	1208692996203	1208693000192
15	1208693523899	1208693526318
15	1208693577971	1208693580157
15	1208695444283	1208695446275
15	1208698458854	1208698460607
15	1208698500162	1208698502882
15	1208699096417	1208699101720
15	1208699107250	1208699110566
15	1208705697443	1208705699581
15	1208705700735	1208705704823
15	1208705710660	1208705713199
15	1208705732189	1208705735276
15	1208705769895	1208705772993
15	1208705811917	1208705814929
15	1208706068576	1208706072326
15	1208706073501	1208706075769
15	1208706185248	1208706187363
15	1208706300507	1208706303281
15	1208706311801	1208706314520
15	1208706330412	1208706333326
15	1208706372949	1208706376812
16	1208690188592	1208690191189
16	1208692961108	1208692963104
16	1208692996937	1208693000482
16	1208693578333	1208693580284
16	1208695453160	1208695454984
16	1208695460266	1208695461540
16	1208698499616	1208698501750
16	1208699096693	1208699101720
16	1208699108852	1208699110797
16	1208705701627	1208705704985
16	1208705734820	1208705743441
16	1208705751930	1208705757987
16	1208705759624	1208705762813
16	1208705768960	1208705772531
16	1208705776472	1208705778784
16	1208706069861	1208706071654
16	1208706073992	1208706075150
16	1208706185177	1208706187755
16	1208706301175	1208706304206
16	1208706310634	1208706313641
16	1208706375548	1208706378235
23	1208698459161	1208698461259
23	1208705698454	1208705702241
23	1208705809995	1208705813587
23	1208706375309	1208706377828
24	1208643330745	1208643333507
24	1208690159286	1208690161123
24	1208690193360	1208690195784
24	1208692959607	1208692962496
24	1208692999845	1208693003495
24	1208693511787	1208693516276
24	1208693521375	1208693524177
24	1208693579976	1208693582546
24	1208695442609	1208695444587
24	1208695454399	1208695456771
24	1208695458490	1208695460537
24	1208698459625	1208698462809
24	1208698499616	1208698500429
24	1208699098851	1208699101720
24	1208699104811	1208699108717
24	1208705704544	1208705709478
24	1208705714949	1208705717116
24	1208705717334	1208705723484
24	1208705769760	1208705773808
24	1208705773944	1208705776336
24	1208705796888	1208705799864
24	1208705807438	1208705812707
24	1208706070471	1208706073648
24	1208706075297	1208706077964
24	1208706182957	1208706185872
24	1208706302803	1208706305774
24	1208706308747	1208706312405
24	1208706328213	1208706329868
24	1208706377351	1208706380147
25	1208693002745	1208693004996
25	1208693520858	1208693522720
25	1208705774489	1208705775691
25	1208705775935	1208705778784
26	1208698469662	1208698477403
29	1208705706315	1208705709759
29	1208705776724	1208705778536
29	1208705807438	1208705810128
30	1208690157912	1208690160940
30	1208690197574	1208690199280
30	1208698460751	1208698464284
30	1208698490959	1208698494758
30	1208699101720	1208699102797
30	1208699103357	1208699108395
30	1208705700401	1208705703929
30	1208705705179	1208705710911
30	1208705775691	1208705784100
30	1208705806773	1208705810900
30	1208706071800	1208706075297
30	1208706076412	1208706079362
30	1208706181816	1208706185565
30	1208706304137	1208706311301
30	1208706326661	1208706330204
30	1208706379867	1208706382295
31	1208643334584	1208643338709
31	1208681739907	1208681742509
31	1208690156764	1208690159321
31	1208690196144	1208690201201
31	1208692954225	1208692957355
31	1208693011763	1208693013779
31	1208693014463	1208693018358
31	1208693501475	1208693504133
31	1208693584693	1208693586908
31	1208693587957	1208693591494
31	1208695436345	1208695439148
31	1208698461799	1208698474218
31	1208698491100	1208698496243
31	1208699101720	1208699106381
31	1208705701217	1208705709343
31	1208705777408	1208705786979
31	1208705802864	1208705809220
31	1208706072650	1208706079489
31	1208706180621	1208706183334
31	1208706326135	1208706328514
31	1208706380147	1208706381317
31	1208706381861	1208706387555
