1	1205997029800	1205997035386
1	1205997036546	1205997039572
1	1205997043923	1205997049786
1	1205997051658	1205997059566
1	1205997067723	1205997078450
1	1205997297643	1205997302745
1	1205997309603	1205997311294
1	1205997337415	1205997339329
1	1205997343445	1205997345704
1	1205997505413	1205997507615
1	1205997553117	1205997555159
1	1205997648685	1205997650775
1	1205997844638	1205997845838
1	1205998034433	1205998036459
1	1205998280752	1205998285388
1	1205998344736	1205998346586
1	1205998565225	1205998567757
1	1205998748431	1205998756377
1	1205998778841	1205998781299
1	1205998814596	1205998816852
1	1205998827848	1205998833972
1	1205998835616	1205998837864
1	1205998842705	1205998854137
1	1205998875972	1205998880717
1	1205998884668	1205998887237
1	1205998897508	1205998909748
1	1206008727274	1206008734810
1	1206008797242	1206008798656
1	1206008799465	1206008804257
1	1206008804873	1206008806923
1	1206008810622	1206008812770
1	1206008815677	1206008817954
1	1206008822231	1206008824459
1	1206008824750	1206008826749
1	1206008902199	1206008904390
1	1206008923905	1206008926237
1	1206008948683	1206008950924
1	1206008964431	1206008971550
1	1206008999687	1206009003752
1	1206009008875	1206009013215
1	1206009022966	1206009026627
1	1206009039985	1206009043818
1	1206009070299	1206009071282
1	1206009079933	1206009082411
1	1206009089245	1206009091266
1	1206009096937	1206009099303
1	1206009100997	1206009102156
1	1206009102502	1206009107707
1	1206009130607	1206009134996
1	1206009153724	1206009156399
1	1206009173193	1206009179651
1	1206009181662	1206009186559
1	1206009196853	1206009198177
1	1206009203142	1206009204421
1	1206009210773	1206009212297
1	1206009220710	1206009223672
1	1206009224597	1206009227763
1	1206009232531	1206009234956
1	1206009273191	1206009275488
1	1206009282658	1206009288273
1	1206009308521	1206009309743
1	1206009312556	1206009316705
1	1206009325115	1206009327114
1	1206009366170	1206009373281
1	1206009374965	1206009377637
1	1206009396464	1206009398750
1	1206009401734	1206009404816
1	1206009424918	1206009426181
1	1206009427114	1206009430245
1	1206009432278	1206009434122
1	1206009447791	1206009451387
1	1206009451815	1206009458324
1	1206009461718	1206009463639
1	1206009492415	1206009497101
1	1206009504979	1206009507197
1	1206009510202	1206009512450
1	1206009542794	1206009545825
1	1206009568319	1206009573827
1	1206009574912	1206009579184
1	1206009656341	1206009660179
1	1206009661542	1206009662819
1	1206009663691	1206009668100
1	1206009713265	1206009716614
1	1206009721624	1206009721990
1	1206009762710	1206009766906
1	1206009771165	1206009774947
1	1206009775632	1206009780187
1	1206009785748	1206009790845
1	1206009823268	1206009825380
1	1206009879677	1206009881655
1	1206009963575	1206009967943
1	1206009982702	1206009985274
1	1206010066290	1206010072878
1	1206010075627	1206010076903
1	1206010106908	1206010111239
1	1206010115806	1206010116355
1	1206010129106	1206010130918
1	1206010174524	1206010174913
1	1206010224702	1206010227254
1	1206010228320	1206010230408
1	1206010236119	1206010238466
1	1206010238607	1206010241293
1	1206010265402	1206010266636
1	1206010267298	1206010269701
1	1206010270161	1206010280225
1	1206010350281	1206010358341
1	1206010358871	1206010361739
1	1206010383474	1206010389643
1	1206010405320	1206010412220
1	1206010415377	1206010419184
1	1206010420876	1206010422501
1	1206010423769	1206010435613
1	1206010445153	1206010449265
1	1206010462819	1206010464835
1	1206010471954	1206010480399
1	1206010496481	1206010499749
1	1206010504245	1206010507536
1	1206010517816	1206010521576
1	1206010538611	1206010540937
1	1206010562853	1206010565172
1	1206010576129	1206010578246
1	1206010596323	1206010598511
1	1206010613883	1206010616925
1	1206010677553	1206010679834
1	1206010687740	1206010689122
1	1206010692148	1206010694732
1	1206010714154	1206010716133
1	1206010729299	1206010731720
1	1206010733619	1206010736619
1	1206010737283	1206010743439
1	1206010754682	1206010757194
1	1206010764699	1206010767376
1	1206010768919	1206010771562
1	1206010773826	1206010777337
1	1206010778173	1206010789220
1	1206010790272	1206010792553
1	1206010792714	1206010796248
1	1206010807779	1206010810233
1	1206010824682	1206010827714
1	1206010840812	1206010842864
1	1206010863667	1206010864312
1	1206010871418	1206010876709
1	1206010890668	1206010894210
1	1206010907909	1206010910852
1	1206010967312	1206010969432
1	1206010991596	1206010994133
1	1206010994669	1206010996823
1	1206011044154	1206011046517
1	1206011046919	1206011056613
1	1206011211403	1206011215950
1	1206011220455	1206011223411
1	1206011339580	1206011344127
1	1206011344689	1206011347583
1	1206011419306	1206011421922
1	1206011433691	1206011435639
1	1206011442946	1206011444224
1	1206011444350	1206011446480
1	1206011446618	1206011450218
1	1206011457773	1206011459702
1	1206011581538	1206011583459
1	1206011584512	1206011586296
1	1206011586632	1206011589344
1	1206011695876	1206011698630
1	1206011744533	1206011746369
1	1206011769871	1206011771142
1	1206011784919	1206011787259
1	1206011848245	1206011849487
1	1206011849949	1206011852319
1	1206011863640	1206011870181
1	1206011871558	1206011877495
1	1206011885890	1206011889961
1	1206011890723	1206011892973
1	1206011909619	1206011913272
1	1206011947584	1206011950319
1	1206011960769	1206011961351
1	1206011966425	1206011968695
1	1206011978544	1206011980548
1	1206011996716	1206011997998
1	1206012089324	1206012091738
1	1206012102223	1206012107587
1	1206012111590	1206012114216
1	1206012127229	1206012130927
1	1206012154488	1206012158841
1	1206012161922	1206012169265
1	1206012178838	1206012181181
1	1206012182740	1206012185566
1	1206012194691	1206012196977
1	1206012272916	1206012280866
1	1206012310987	1206012313375
1	1206012327322	1206012329907
1	1206012340971	1206012347279
1	1206012360443	1206012365572
1	1206012368684	1206012375201
1	1206012398627	1206012402218
1	1206012407184	1206012411347
1	1206012417961	1206012420505
1	1206012431682	1206012437360
1	1206012460832	1206012463622
1	1206012483772	1206012485857
1	1206012486507	1206012488185
1	1206012506338	1206012509740
1	1206012511181	1206012513717
1	1206012522973	1206012531652
1	1206012537818	1206012540355
1	1206012540758	1206012544944
1	1206012567648	1206012569422
1	1206012677954	1206012681327
1	1206012765376	1206012772747
1	1206012775180	1206012785221
1	1206013350555	1206013354653
1	1206013357537	1206013360551
1	1206013361592	1206013363899
1	1206013489831	1206013494132
1	1206013494873	1206013496961
1	1206013499712	1206013501783
1	1206013505195	1206013506458
1	1206013511115	1206013515864
1	1206013543584	1206013545630
1	1206013637567	1206013639486
1	1206013651568	1206013658416
1	1206013659782	1206013667114
1	1206013667183	1206013671855
1	1206013672525	1206013680754
1	1206013697508	1206013699787
1	1206013703158	1206013704282
1	1206013706403	1206013711622
1	1206013733573	1206013737499
1	1206013810930	1206013814908
1	1206013850485	1206013857857
1	1206013858737	1206013859376
1	1206013859856	1206013862155
1	1206013862980	1206013867693
1	1206013892202	1206013894281
1	1206013914460	1206013916494
1	1206013921538	1206013926487
1	1206013933647	1206013939166
1	1206013940398	1206013942141
1	1206013992930	1206013996448
1	1206014020868	1206014022192
1	1206014407865	1206014413790
1	1206014655417	1206014662208
1	1206014663240	1206014666867
1	1206014881139	1206014883203
1	1206015313698	1206015318158
1	1206015349536	1206015352596
1	1206015358898	1206015360992
1	1206015843773	1206015848698
1	1206015889493	1206015893398
1	1206015912642	1206015913904
1	1206015920325	1206015922561
1	1206015962755	1206015964999
1	1206015972761	1206015977312
1	1206015985100	1206015987202
1	1206015989939	1206015991291
1	1206016014992	1206016017557
1	1206016018658	1206016021288
1	1206016038895	1206016041271
1	1206016042248	1206016044602
1	1206016081921	1206016084120
1	1206016204389	1206016206707
1	1206016258410	1206016260525
1	1206016302369	1206016304589
1	1206016374990	1206016381881
1	1206016387448	1206016390729
1	1206016407559	1206016412731
1	1206016421164	1206016425604
1	1206016436122	1206016442330
1	1206016454515	1206016465737
1	1206016467606	1206016473911
1	1206016479577	1206016490397
1	1206016493175	1206016495590
1	1206016496246	1206016498276
1	1206016498874	1206016513688
1	1206016636492	1206016640169
1	1206016642187	1206016647232
1	1206016659633	1206016662477
1	1206016678428	1206016683421
1	1206016763271	1206016767305
1	1206020900502	1206020902871
1	1206022638706	1206022639636
1	1206023665392	1206023672376
1	1206023790994	1206023801653
1	1206023804884	1206023809809
1	1206023811529	1206023820450
1	1206023820794	1206023823282
1	1206023825114	1206023831624
1	1206023834804	1206023836938
1	1206023953222	1206023960732
1	1206023965783	1206023968678
1	1206024037631	1206024040132
1	1206036140894	1206036148725
1	1206036149890	1206036152249
1	1206036201914	1206036203922
1	1206036205802	1206036209999
1	1206036220769	1206036222982
1	1206036226106	1206036227402
1	1206036228583	1206036233380
1	1206036251846	1206036258761
1	1206036258852	1206036264407
1	1206036281415	1206036292208
1	1206036293825	1206036295100
1	1206036296764	1206036298978
1	1206036303971	1206036306999
1	1206036312269	1206036314681
1	1206036315925	1206036318284
1	1206036325128	1206036327498
1	1206036334788	1206036344669
1	1206036351115	1206036362809
1	1206036366814	1206036368538
1	1206036394411	1206036396750
1	1206036408369	1206036427781
1	1206036439597	1206036443885
1	1206036455142	1206036455150
1	1206036468860	1206036474375
1	1206036475855	1206036478441
1	1206036499559	1206036501599
1	1206036501894	1206036503178
1	1206036503690	1206036511621
1	1206036513820	1206036516119
1	1206036537608	1206036542403
1	1206036543303	1206036546230
1	1206036550170	1206036552845
1	1206036553558	1206036556585
1	1206036560673	1206036563179
1	1206036564698	1206036567252
1	1206036568904	1206036573938
1	1206036574760	1206036580530
1	1206036581297	1206036585385
1	1206036593677	1206036599726
1	1206036603428	1206036609859
1	1206036610947	1206036615200
1	1206036619988	1206036626644
1	1206036686522	1206036691295
1	1206036692625	1206036695381
1	1206036715180	1206036726735
1	1206036738218	1206036740593
1	1206036830185	1206036835395
1	1206036972410	1206036975506
1	1206036978771	1206036981202
1	1206036982547	1206036985172
1	1206036994162	1206036996564
1	1206037012552	1206037017888
1	1206037027327	1206037030553
1	1206037041766	1206037044299
1	1206037145454	1206037150391
1	1206037152574	1206037154710
1	1206037155390	1206037158326
1	1206037241973	1206037244478
1	1206037255553	1206037259669
1	1206037281101	1206037283494
1	1206037291451	1206037294767
1	1206037295661	1206037298257
1	1206037303497	1206037312340
1	1206037315428	1206037318382
1	1206037318917	1206037321157
1	1206037342661	1206037345862
1	1206037381473	1206037389818
1	1206037391732	1206037400949
1	1206037547924	1206037553212
1	1206037554230	1206037559743
1	1206037613569	1206037617276
1	1206037640174	1206037646634
1	1206037670272	1206037671529
1	1206037671968	1206037673859
1	1206037676319	1206037677593
1	1206037713925	1206037716975
1	1206037736285	1206037738171
1	1206037753550	1206037756770
1	1206037770859	1206037773176
1	1206037798964	1206037800292
1	1206037824520	1206037825766
1	1206037881936	1206037885361
1	1206037895838	1206037897948
1	1206037906945	1206037909268
1	1206037977341	1206037980942
1	1206037985671	1206037986948
1	1206037988204	1206037993333
1	1206038035826	1206038038257
1	1206038051545	1206038053984
1	1206038084462	1206038086749
1	1206038102188	1206038104189
1	1206038105669	1206038107711
1	1206038134901	1206038137407
1	1206038140869	1206038141348
1	1206038290910	1206038294783
1	1206038371821	1206038373471
1	1206038452150	1206038454196
1	1206038506413	1206038508391
1	1206038516531	1206038522592
1	1206038546503	1206038550491
1	1206038550843	1206038558336
1	1206038611415	1206038616215
1	1206038638731	1206038641302
1	1206038644308	1206038649304
1	1206038658786	1206038662216
1	1206038672174	1206038676326
1	1206038684715	1206038686755
1	1206038719267	1206038721766
1	1206038728332	1206038730902
1	1206038733206	1206038738375
1	1206038742928	1206038747970
1	1206038756129	1206038758938
1	1206038836651	1206038844594
1	1206038852435	1206038855182
1	1206038859767	1206038862619
1	1206038862712	1206038864941
1	1206038889765	1206038892135
1	1206038924403	1206038926548
1	1206039025688	1206039030419
1	1206039043640	1206039046910
1	1206039143474	1206039145677
1	1206039184948	1206039186178
1	1206039208891	1206039211460
1	1206039269575	1206039269946
1	1206039296413	1206039298382
1	1206039300190	1206039302836
1	1206039303323	1206039308485
1	1206039309537	1206039314108
1	1206039315826	1206039319757
1	1206039320432	1206039322588
1	1206039322770	1206039325153
1	1206039373284	1206039375812
1	1206039377259	1206039381987
1	1206039410315	1206039412380
1	1206039417889	1206039419189
1	1206039466141	1206039468541
1	1206039471740	1206039477740
1	1206039508910	1206039510906
1	1206039536779	1206039538922
1	1206039544608	1206039546423
1	1206039546814	1206039549338
1	1206039562103	1206039564321
1	1206039672407	1206039678411
1	1206039750620	1206039753858
1	1206039754724	1206039758285
1	1206039784130	1206039786285
1	1206039799620	1206039805416
1	1206039874371	1206039876649
1	1206039878228	1206039883385
1	1206039894408	1206039896575
1	1206039905413	1206039908209
1	1206039914313	1206039916899
1	1206039934237	1206039936251
1	1206040005597	1206040007793
1	1206040015425	1206040019525
1	1206040023429	1206040026274
1	1206040139439	1206040141411
1	1206040355137	1206040357297
1	1206040584313	1206040586299
1	1206040606734	1206040608602
1	1206040725998	1206040728114
1	1206040850629	1206040856671
1	1206040933752	1206040938530
1	1206040939128	1206040941930
1	1206040973631	1206040975820
1	1206041006460	1206041008562
1	1206042309526	1206042313791
1	1206042329535	1206042331314
1	1206042603964	1206042606714
1	1206042981429	1206042985171
1	1206043000338	1206043003395
1	1206043148648	1206043150814
1	1206043153461	1206043155773
1	1206043156773	1206043159231
1	1206043218117	1206043221116
1	1206043248762	1206043250409
1	1206043251812	1206043254593
1	1206043372365	1206043375563
1	1206043405683	1206043408886
1	1206043536945	1206043538739
1	1206043624812	1206043626433
1	1206043627128	1206043630836
1	1206043636112	1206043638256
1	1206043638379	1206043640922
1	1206043684651	1206043688759
1	1206043828834	1206043831456
1	1206043856856	1206043860857
1	1206043872446	1206043875194
1	1206043918779	1206043921127
1	1206043939756	1206043948839
1	1206043959435	1206043961978
1	1206043975480	1206043981211
1	1206043992495	1206043992655
1	1206044001592	1206044007124
1	1206044008678	1206044013738
1	1206044015843	1206044020155
1	1206044027917	1206044032165
1	1206044032789	1206044035355
1	1206044049436	1206044051502
1	1206044055420	1206044059643
2	1206007591782	1206007593868
2	1206007650741	1206007652774
2	1206007699657	1206007701683
2	1206012783663	1206012785168
2	1206016039531	1206016040745
2	1206016255993	1206016257958
2	1206016273673	1206016276843
2	1206016513918	1206016515911
2	1206020669359	1206020671418
2	1206020674491	1206020678514
2	1206020686740	1206020689179
2	1206022635585	1206022637706
2	1206023514844	1206023516888
2	1206024039521	1206024041911
2	1206024055206	1206024057206
2	1206027546294	1206027548354
2	1206031780755	1206031782942
2	1206036364691	1206036366646
2	1206036367433	1206036370228
2	1206036389582	1206036394282
3	1206000471711	1206000477162
3	1206000487255	1206000494602
3	1206007501508	1206007510394
3	1206007510554	1206007513420
3	1206007514393	1206007517465
3	1206007518979	1206007520883
3	1206007551940	1206007559469
3	1206007648670	1206007653367
3	1206009302933	1206009307179
3	1206020383661	1206020388257
3	1206025697167	1206025699557
3	1206025960465	1206025968967
3	1206026028462	1206026033681
3	1206026127148	1206026130688
3	1206026641994	1206026647626
3	1206029490581	1206029496228
3	1206029505164	1206029507232
3	1206029512212	1206029520593
3	1206029657531	1206029663766
3	1206031760675	1206031764273
3	1206031774374	1206031776937
3	1206031779823	1206031782160
7	1206007595535	1206007596708
7	1206007610825	1206007620411
7	1206007620539	1206007628179
7	1206007628359	1206007631701
7	1206007652911	1206007655602
7	1206007656438	1206007672483
7	1206007675666	1206007678426
7	1206007695560	1206007701375
7	1206007714143	1206007720539
7	1206008634594	1206008637910
7	1206008735480	1206008743725
7	1206009715148	1206009716364
7	1206009728807	1206009732337
7	1206009740308	1206009747483
7	1206009753189	1206009755793
7	1206009759483	1206009762210
7	1206009772468	1206009772733
7	1206009781196	1206009791825
7	1206009792739	1206009798537
7	1206009812100	1206009816944
7	1206009817240	1206009841338
7	1206012781512	1206012783684
7	1206015983656	1206015996707
7	1206015998577	1206016003582
7	1206016016207	1206016018390
7	1206016035314	1206016037409
7	1206016176297	1206016180417
7	1206016187487	1206016193650
7	1206016252638	1206016258106
7	1206016276511	1206016279168
7	1206016279301	1206016280843
7	1206016283977	1206016288504
7	1206016525226	1206016527765
7	1206016804687	1206016807548
7	1206016815852	1206016818186
7	1206016831856	1206016834239
7	1206016874584	1206016876558
7	1206016896389	1206016898630
7	1206016992918	1206016998132
7	1206017001626	1206017002943
7	1206017003323	1206017005287
7	1206017013602	1206017016792
7	1206017285289	1206017285741
7	1206017332231	1206017336867
7	1206017340443	1206017346931
7	1206017351707	1206017355243
7	1206017363789	1206017366474
7	1206017495899	1206017498424
7	1206017535381	1206017538421
7	1206018579579	1206018581510
7	1206018587125	1206018589530
7	1206018867916	1206018870570
7	1206019155958	1206019166805
7	1206019167289	1206019170812
7	1206019174772	1206019180746
7	1206019214300	1206019217390
7	1206019643116	1206019649496
7	1206020169544	1206020172365
7	1206020217505	1206020224474
7	1206020227462	1206020229569
7	1206020378926	1206020385700
7	1206020388434	1206020395535
7	1206020665101	1206020670943
7	1206020671127	1206020675569
7	1206020703568	1206020710441
7	1206020855827	1206020864882
7	1206020865212	1206020867699
7	1206020868313	1206020879763
7	1206020890160	1206020894724
7	1206020899878	1206020905392
7	1206020906647	1206020911337
7	1206020911708	1206020914898
7	1206022638367	1206022644324
7	1206022645795	1206022654592
7	1206022657120	1206022659534
7	1206022694804	1206022697119
7	1206023373437	1206023376900
7	1206023377481	1206023379826
7	1206023737179	1206023739285
7	1206023746632	1206023748834
7	1206023851928	1206023857504
7	1206024025314	1206024029542
7	1206024030632	1206024034822
7	1206024034955	1206024040458
7	1206027548481	1206027555488
7	1206027559940	1206027563460
7	1206028889954	1206028893165
7	1206029223665	1206029225893
7	1206029846901	1206029851183
7	1206029992390	1206029996110
7	1206030055564	1206030058147
7	1206030064588	1206030066952
7	1206030072927	1206030076298
7	1206030204498	1206030208610
7	1206030482646	1206030484308
7	1206030490640	1206030492703
7	1206030513260	1206030515393
7	1206030517509	1206030519812
7	1206030563328	1206030570653
7	1206031563633	1206031566786
7	1206031568158	1206031571250
7	1206031728409	1206031734948
7	1206031757249	1206031761405
7	1206031889642	1206031893952
7	1206031894781	1206031898336
7	1206031928594	1206031933346
7	1206033126777	1206033128811
7	1206035094940	1206035097310
7	1206035100554	1206035104736
7	1206035104871	1206035106122
7	1206035464711	1206035466781
7	1206035478987	1206035483459
7	1206035663686	1206035680652
7	1206035700898	1206035705610
7	1206035724867	1206035730321
7	1206035778885	1206035783660
7	1206035850845	1206035857642
7	1206035861534	1206035864594
7	1206035864982	1206035883531
7	1206036025913	1206036032334
7	1206036034375	1206036038552
7	1206036077140	1206036081451
7	1206036134751	1206036138694
7	1206036139150	1206036141646
7	1206036350763	1206036357330
7	1206036367105	1206036371220
7	1206036388303	1206036392880
7	1206036396959	1206036399204
7	1206036399475	1206036404730
7	1206036424463	1206036425745
7	1206036425902	1206036436708
7	1206048032940	1206048035631
7	1206048037666	1206048039870
7	1206048041270	1206048044279
7	1206048044414	1206048047174
7	1206048047319	1206048050575
7	1206048051141	1206048071167
7	1206048080710	1206048090110
7	1206048090732	1206048095712
7	1206048096661	1206048099996
7	1206048104193	1206048108760
8	1205996989242	1205996991644
8	1205998907942	1205998910886
8	1206000470991	1206000473111
8	1206000490716	1206000493582
8	1206007591478	1206007595535
8	1206007605395	1206007609953
8	1206007630954	1206007633231
8	1206007650256	1206007654321
8	1206007699921	1206007703468
8	1206007712139	1206007715920
8	1206008724648	1206008727607
8	1206009302274	1206009303770
8	1206009305268	1206009307633
8	1206009840642	1206009844598
8	1206010298579	1206010302556
8	1206010348543	1206010351565
8	1206010385359	1206010388894
8	1206010403834	1206010407480
8	1206012153499	1206012157895
8	1206012782762	1206012787410
8	1206013347273	1206013350286
8	1206015981818	1206015983912
8	1206016001409	1206016005255
8	1206016014426	1206016018390
8	1206016037631	1206016040941
8	1206016042807	1206016046780
8	1206016169645	1206016173796
8	1206016255870	1206016259884
8	1206016273393	1206016276377
8	1206016509880	1206016513176
8	1206016513320	1206016516689
8	1206016518301	1206016521893
8	1206016617470	1206016620243
8	1206016681168	1206016684996
8	1206016701165	1206016704836
8	1206016766711	1206016769797
8	1206016775356	1206016778228
8	1206016783679	1206016786870
8	1206020382337	1206020390483
8	1206020668299	1206020672931
8	1206020673389	1206020676258
8	1206020676673	1206020683582
8	1206020687761	1206020691412
8	1206020913929	1206020917775
8	1206022635223	1206022638367
8	1206023514590	1206023517492
8	1206023518316	1206023520627
8	1206023663919	1206023666937
8	1206023831344	1206023834643
8	1206023862967	1206023864940
8	1206023951486	1206023956554
8	1206024023337	1206024029376
8	1206024032628	1206024043978
8	1206024055326	1206024059453
8	1206025693765	1206025696427
8	1206025697993	1206025700766
8	1206026641416	1206026643186
8	1206027545882	1206027549472
8	1206029489502	1206029492119
8	1206029517141	1206029519656
8	1206029662105	1206029664227
8	1206031759634	1206031764145
8	1206031780304	1206031788957
8	1206031887984	1206031891884
8	1206036134191	1206036137899
8	1206036349592	1206036352344
8	1206036363926	1206036369148
8	1206036391712	1206036393631
8	1206036418716	1206036420628
8	1206036433281	1206036439597
8	1206044058409	1206044061720
8	1206044317130	1206044319122
8	1206044321950	1206044324116
8	1206048031279	1206048034207
8	1206048109566	1206048112512
9	1205998908738	1205998911430
9	1206000470411	1206000473879
9	1206000490996	1206000494729
9	1206007500276	1206007504429
9	1206007557728	1206007561821
9	1206007591266	1206007594336
9	1206007606608	1206007608821
9	1206007647470	1206007654895
9	1206007700513	1206007702696
9	1206007711498	1206007713754
9	1206008724142	1206008726316
9	1206009301672	1206009308727
9	1206012152744	1206012154911
9	1206012784142	1206012787410
9	1206013346694	1206013348825
9	1206016002151	1206016004115
9	1206016013955	1206016016439
9	1206016519758	1206016521771
9	1206016682764	1206016686201
9	1206016774725	1206016776741
9	1206016784776	1206016787403
9	1206020666385	1206020673769
9	1206020679790	1206020681865
9	1206020687202	1206020689666
9	1206022634827	1206022637908
9	1206023863983	1206023866820
9	1206023952334	1206023954574
9	1206024022451	1206024024735
9	1206024036870	1206024043275
9	1206024056811	1206024060563
9	1206024367765	1206024369826
9	1206024434148	1206024438951
9	1206025693383	1206025697549
9	1206025697875	1206025701960
9	1206026125747	1206026127820
9	1206026640853	1206026642991
9	1206026654854	1206026656170
9	1206027545490	1206027547736
9	1206029489190	1206029492877
9	1206029517469	1206029521419
9	1206029656183	1206029660549
9	1206029661977	1206029665475
9	1206031784578	1206031787961
9	1206031887340	1206031890620
9	1206048030789	1206048032802
9	1206048110462	1206048112648
10	1206034635574	1206034637808
10	1206034950136	1206034952705
10	1206034966646	1206034968647
10	1206035068717	1206035070745
10	1206035860833	1206035863905
10	1206036833405	1206036836926
10	1206036917473	1206036920286
10	1206037021900	1206037026122
10	1206037120980	1206037124620
10	1206039677747	1206039684601
10	1206039686404	1206039688370
10	1206039808538	1206039810552
10	1206039813228	1206039815567
10	1206044263875	1206044266359
10	1206044307902	1206044310645
10	1206052320770	1206052323413
10	1206052527122	1206052530193
11	1206036984892	1206036991464
11	1206036992574	1206036995372
11	1206036999861	1206037001729
11	1206037019381	1206037025721
11	1206037295300	1206037296852
11	1206039686122	1206039688132
11	1206039753461	1206039757500
11	1206039759688	1206039761525
11	1206039787504	1206039789552
11	1206039800329	1206039801519
11	1206039810944	1206039813630
11	1206044265613	1206044266787
11	1206044307206	1206044309310
11	1206045641839	1206045649886
11	1206045660564	1206045669798
11	1206045670235	1206045672754
11	1206045682617	1206045692406
11	1206045699297	1206045700521
11	1206045700858	1206045704197
11	1206045719130	1206045726627
11	1206052190805	1206052195229
11	1206052236570	1206052239346
14	1206000469616	1206000472138
14	1206000492294	1206000494474
14	1206007647470	1206007650982
14	1206009306518	1206009308844
14	1206010402600	1206010405928
14	1206016013312	1206016015258
14	1206016043888	1206016046902
14	1206016168501	1206016170434
14	1206016272733	1206016274596
14	1206020693107	1206020696825
14	1206022735595	1206022740367
14	1206022746209	1206022748631
14	1206022766510	1206022770720
14	1206022807698	1206022810297
14	1206022811292	1206022813381
14	1206022815391	1206022819842
14	1206022861793	1206022864451
14	1206024041603	1206024043724
14	1206024057622	1206024060172
14	1206024436676	1206024438813
14	1206025692227	1206025695893
14	1206025699765	1206025701814
14	1206025967427	1206025969269
14	1206026035357	1206026038967
14	1206026124682	1206026126714
14	1206026657541	1206026659732
14	1206027545700	1206027546990
14	1206029488330	1206029490421
14	1206029518676	1206029520902
14	1206029655615	1206029657683
14	1206029663585	1206029666981
14	1206035672391	1206035674661
14	1206035681476	1206035683910
14	1206035697898	1206035701851
14	1206035851469	1206035860350
14	1206036916709	1206036917904
15	1205996987653	1205996989553
15	1205998909868	1205998911733
15	1206000469869	1206000472138
15	1206000492421	1206000494857
15	1206007499567	1206007502567
15	1206007559169	1206007561517
15	1206007589966	1206007592171
15	1206007607739	1206007609813
15	1206007646530	1206007651116
15	1206007652260	1206007656130
15	1206007701504	1206007703908
15	1206008723146	1206008725423
15	1206009300869	1206009303420
15	1206009306775	1206009309425
15	1206009844350	1206009846259
15	1206010300215	1206010302420
15	1206010347115	1206010349245
15	1206010386640	1206010388860
15	1206010402854	1206010404836
15	1206012157585	1206012158258
15	1206012785652	1206012787755
15	1206013345694	1206013346959
15	1206016003303	1206016005416
15	1206016012543	1206016015390
15	1206016168278	1206016170549
15	1206016521495	1206016522973
15	1206016616206	1206016618158
15	1206016684830	1206016686656
15	1206016769153	1206016772661
15	1206016773454	1206016775741
15	1206016786191	1206016787470
15	1206020665101	1206020667703
15	1206020693807	1206020698769
15	1206020915785	1206020918430
15	1206022633516	1206022634695
15	1206022734441	1206022739528
15	1206022767371	1206022771796
15	1206022805861	1206022812419
15	1206022814417	1206022819534
15	1206022860253	1206022865565
15	1206023513227	1206023515886
15	1206023519625	1206023521475
15	1206023662565	1206023664515
15	1206023950489	1206023952288
15	1206024020688	1206024023935
15	1206024041911	1206024045934
15	1206024058892	1206024062451
15	1206024347428	1206024349584
15	1206024362702	1206024367632
15	1206024436375	1206024438482
15	1206025692481	1206025695773
15	1206025699557	1206025702470
15	1206025958793	1206025960911
15	1206026026594	1206026028715
15	1206026130221	1206026132841
15	1206026639972	1206026641994
15	1206026658269	1206026660863
15	1206027388227	1206027394775
15	1206027544680	1206027547610
15	1206029488552	1206029491546
15	1206029518858	1206029521293
15	1206029655291	1206029658893
15	1206029663893	1206029667377
15	1206031786478	1206031789610
15	1206031886194	1206031889340
15	1206035069994	1206035072953
15	1206035851179	1206035855231
15	1206035857902	1206035862565
15	1206036132371	1206036135238
15	1206036347149	1206036348786
15	1206036835395	1206036838408
15	1206036916406	1206036918613
15	1206044060982	1206044062179
15	1206044315625	1206044317480
15	1206045638491	1206045640370
15	1206048030586	1206048031279
16	1206007499262	1206007501232
16	1206007559469	1206007561517
16	1206007589803	1206007591164
16	1206007646369	1206007648350
16	1206007702736	1206007703309
16	1206007710163	1206007712300
16	1206009300514	1206009303938
16	1206012151381	1206012152583
16	1206012785988	1206012788534
16	1206013345182	1206013347543
16	1206016685533	1206016688805
16	1206016693688	1206016695804
16	1206016696427	1206016701631
16	1206016772972	1206016774884
16	1206016786696	1206016787954
16	1206020664801	1206020667847
16	1206022804440	1206022808906
16	1206022858621	1206022862999
16	1206023512949	1206023514470
16	1206023865198	1206023866885
16	1206024020248	1206024023716
16	1206024041347	1206024045183
16	1206024344510	1206024349711
16	1206027544317	1206027546145
16	1206031786353	1206031789449
16	1206031885844	1206031888750
16	1206035069692	1206035071619
16	1206035859142	1206035862148
16	1206036436827	1206036439597
16	1206036835467	1206036837138
16	1206036916778	1206036918494
16	1206036981951	1206036986980
16	1206037413470	1206037416633
16	1206037419607	1206037423407
16	1206037424557	1206037426870
16	1206037431863	1206037435561
16	1206037467152	1206037469209
16	1206037472926	1206037475465
16	1206037478961	1206037484170
16	1206037490149	1206037492960
16	1206037499720	1206037504196
16	1206037519666	1206037522364
16	1206037529601	1206037532655
16	1206037536453	1206037539265
16	1206037551475	1206037555587
16	1206037556423	1206037557694
16	1206037652408	1206037656642
16	1206037659430	1206037661916
16	1206037662630	1206037665506
16	1206037698165	1206037702650
16	1206037840258	1206037842425
16	1206037852896	1206037856686
16	1206037861108	1206037865590
16	1206037868263	1206037873410
16	1206037945393	1206037948107
16	1206037951391	1206037956167
16	1206037975449	1206037976694
16	1206037976829	1206037980529
16	1206038027266	1206038028506
16	1206038067623	1206038072492
16	1206038175601	1206038182728
16	1206038471336	1206038475561
16	1206039673875	1206039675691
16	1206039879905	1206039881936
16	1206040160880	1206040162972
16	1206040301953	1206040304718
16	1206040332165	1206040333429
16	1206040344212	1206040346334
16	1206040444642	1206040447216
16	1206040620997	1206040622201
16	1206044061311	1206044063909
16	1206044323926	1206044325946
16	1206045639532	1206045642309
16	1206045764933	1206045768505
16	1206048029754	1206048031655
16	1206052189674	1206052191871
16	1206052240346	1206052243202
16	1206052318961	1206052322219
16	1206052531296	1206052533489
17	1206016516157	1206016520376
17	1206016688459	1206016690459
17	1206016692461	1206016695484
17	1206022858716	1206022861260
17	1206024042992	1206024045323
17	1206036983549	1206036987232
17	1206037124909	1206037127178
17	1206037136846	1206037139365
17	1206037290806	1206037294537
17	1206037302314	1206037307680
17	1206037311171	1206037314409
17	1206037315944	1206037319482
17	1206037322525	1206037325211
17	1206037336878	1206037339318
17	1206037341192	1206037349715
17	1206037351216	1206037353429
17	1206037355451	1206037362711
17	1206037365222	1206037369680
17	1206037375782	1206037378318
17	1206037381202	1206037385477
17	1206037389490	1206037394595
17	1206037396149	1206037400717
17	1206037401231	1206037406346
17	1206037420913	1206037429464
17	1206037449966	1206037455220
17	1206037455334	1206037457550
17	1206037591804	1206037596680
17	1206037745949	1206037747220
17	1206037812153	1206037815196
17	1206037833227	1206037835649
17	1206039815287	1206039820723
17	1206039844963	1206039850728
17	1206039857238	1206039861366
17	1206039874629	1206039883249
17	1206039891271	1206039898497
17	1206039918610	1206039920756
17	1206039920885	1206039928434
17	1206039930567	1206039936941
17	1206039962898	1206039964977
17	1206039968459	1206039970970
17	1206040045247	1206040048615
17	1206040089720	1206040091849
17	1206040092986	1206040099521
17	1206040122355	1206040126646
17	1206040130398	1206040142518
17	1206040146265	1206040160157
17	1206040161305	1206040166517
17	1206040166972	1206040173212
17	1206040173586	1206040181855
17	1206040184677	1206040192132
17	1206040195403	1206040220359
17	1206040220521	1206040226128
17	1206040241272	1206040247593
17	1206040257401	1206040260151
17	1206040260537	1206040272410
17	1206040293200	1206040300692
17	1206040302844	1206040305213
17	1206040309688	1206040313765
17	1206040319456	1206040324273
17	1206040360343	1206040368395
17	1206040385429	1206040390741
17	1206040406211	1206040408634
17	1206040408764	1206040411260
17	1206040411840	1206040414242
17	1206040415628	1206040417906
17	1206040507451	1206040509674
17	1206044289602	1206044297157
17	1206044306229	1206044309945
17	1206045764683	1206045766843
17	1206052239218	1206052242596
18	1206037149763	1206037153297
18	1206037235862	1206037240643
18	1206039818220	1206039822462
18	1206039844661	1206039847115
18	1206039919258	1206039921349
18	1206039935125	1206039952971
18	1206039954557	1206039958132
19	1206022832163	1206022834439
19	1206024090969	1206024091922
19	1206024468747	1206024473225
19	1206024531627	1206024537377
19	1206024555512	1206024563899
19	1206024624642	1206024627370
19	1206024648217	1206024650245
19	1206024653848	1206024656448
19	1206024690574	1206024691996
19	1206024695268	1206024698712
19	1206024710491	1206024720151
19	1206024722471	1206024727207
19	1206024754753	1206024757591
19	1206024798358	1206024800518
19	1206024868246	1206024870669
19	1206024870794	1206024872141
19	1206024951591	1206024953894
19	1206024955639	1206024958211
19	1206025012968	1206025015387
19	1206025016116	1206025017432
19	1206025018381	1206025021139
19	1206025037648	1206025040574
19	1206025063274	1206025069805
19	1206025397867	1206025400499
19	1206025459180	1206025465717
19	1206025549496	1206025553740
19	1206025565107	1206025568969
19	1206025569313	1206025571774
19	1206025598202	1206025608303
19	1206025621320	1206025623545
19	1206025629918	1206025632808
19	1206025642544	1206025648340
19	1206025651275	1206025653829
19	1206025661498	1206025667653
19	1206025687771	1206025690137
19	1206025698115	1206025703632
19	1206025737599	1206025740454
19	1206025758987	1206025760629
19	1206025807507	1206025809860
19	1206025817117	1206025819374
19	1206025826329	1206025831689
19	1206025855947	1206025863259
19	1206025898643	1206025900989
19	1206025953807	1206025961919
19	1206025969389	1206025974505
19	1206025990657	1206026000736
19	1206026024375	1206026030911
19	1206026040409	1206026045496
19	1206026093356	1206026099738
19	1206026104452	1206026105735
19	1206026114915	1206026117378
19	1206026121356	1206026125611
19	1206026132799	1206026138433
19	1206026148338	1206026150368
19	1206026152171	1206026154420
19	1206026154912	1206026157255
19	1206026198931	1206026205602
19	1206026314953	1206026319483
19	1206026354178	1206026357159
19	1206026384580	1206026390223
19	1206026394384	1206026395706
19	1206026397524	1206026400251
19	1206026400668	1206026404721
19	1206026436223	1206026439157
19	1206026461292	1206026464976
19	1206026518353	1206026522798
19	1206026637454	1206026641210
19	1206026669875	1206026677289
19	1206026677424	1206026682258
19	1206026705546	1206026708296
19	1206026709622	1206026712398
19	1206026728303	1206026744632
19	1206026759410	1206026762674
19	1206026763970	1206026765279
19	1206026781105	1206026790844
19	1206026822928	1206026827667
19	1206027005971	1206027008107
19	1206027012107	1206027014565
19	1206027022340	1206027036130
19	1206027164519	1206027166380
19	1206027187399	1206027188696
19	1206027202370	1206027205445
19	1206031004580	1206031006908
19	1206044256566	1206044258758
19	1206052117333	1206052119543
20	1206011271270	1206011274828
20	1206011293128	1206011301207
20	1206011301803	1206011307806
20	1206011311616	1206011313750
20	1206011328577	1206011341745
20	1206011343130	1206011350755
20	1206011356301	1206011370215
20	1206011378666	1206011384522
20	1206011387669	1206011393840
20	1206011860542	1206011867578
20	1206011874384	1206011875682
20	1206011885109	1206011889427
20	1206011895873	1206011905680
20	1206011913734	1206011921661
20	1206011930168	1206011936860
20	1206011941891	1206011955361
20	1206012516509	1206012521393
20	1206012523775	1206012527966
20	1206012535104	1206012542615
20	1206012543508	1206012544786
20	1206012779146	1206012781762
20	1206013673410	1206013675410
20	1206013690264	1206013692461
20	1206013767932	1206013770330
20	1206013824610	1206013827468
20	1206013855140	1206013857187
20	1206013926710	1206013931144
20	1206014112134	1206014114690
20	1206014145669	1206014147307
20	1206014363576	1206014365729
20	1206014402989	1206014404915
20	1206014443432	1206014446254
20	1206014451934	1206014454456
20	1206014651637	1206014659889
20	1206014664258	1206014676901
20	1206014695170	1206014699100
20	1206014700891	1206014704360
20	1206014704901	1206014709825
20	1206014718196	1206014719335
20	1206014724982	1206014735867
20	1206014736553	1206014738262
20	1206020699942	1206020709347
20	1206020716225	1206020720381
20	1206020735281	1206020741103
20	1206020749791	1206020753550
20	1206020753856	1206020760238
20	1206020764358	1206020764866
20	1206021580511	1206021584959
20	1206022728970	1206022736800
20	1206022739312	1206022741930
20	1206022754215	1206022756641
20	1206022759687	1206022764121
20	1206022767249	1206022772963
20	1206022791966	1206022794362
20	1206022796930	1206022801587
20	1206022802889	1206022808452
20	1206022814978	1206022828259
20	1206022832590	1206022834659
20	1206022853777	1206022859535
20	1206022870771	1206022875696
20	1206022879252	1206022885217
20	1206022969508	1206022980166
20	1206023002915	1206023009142
20	1206023017632	1206023024840
20	1206023076218	1206023078280
20	1206023078736	1206023080995
20	1206023173682	1206023179955
20	1206023272791	1206023278487
20	1206023388724	1206023394325
20	1206023394886	1206023397916
20	1206023407706	1206023413221
20	1206023413881	1206023418824
20	1206023434475	1206023439527
20	1206023441146	1206023443235
20	1206023443555	1206023448382
20	1206023450971	1206023453163
20	1206023453567	1206023460201
20	1206023461335	1206023462627
20	1206023463269	1206023466284
20	1206023493754	1206023496634
20	1206023505524	1206023509246
20	1206023515953	1206023517164
20	1206023568632	1206023572402
20	1206023611283	1206023613604
20	1206023688717	1206023691325
20	1206023715886	1206023718337
20	1206023725273	1206023729927
20	1206023768577	1206023769831
20	1206023833965	1206023837675
20	1206023856374	1206023862244
20	1206023936833	1206023941357
20	1206023949714	1206023959529
20	1206023971599	1206023976237
20	1206023977650	1206023989979
20	1206023997524	1206024001734
20	1206024006199	1206024016773
20	1206024017713	1206024019501
20	1206024021154	1206024023582
20	1206024047559	1206024053220
20	1206024055444	1206024056689
20	1206024067634	1206024111165
20	1206024140986	1206024153697
20	1206024157410	1206024163100
20	1206024166703	1206024175318
20	1206024197131	1206024199689
20	1206024199811	1206024201559
20	1206024216795	1206024218636
20	1206024257518	1206024261886
20	1206024305511	1206024317890
20	1206024324981	1206024327137
20	1206024328950	1206024334829
20	1206024335835	1206024344898
20	1206024345639	1206024348130
20	1206024351714	1206024353843
20	1206024372561	1206024376362
20	1206024379770	1206024381449
20	1206024382121	1206024394745
20	1206024410670	1206024412842
20	1206024443916	1206024445242
20	1206024447619	1206024451264
20	1206024451996	1206024460293
20	1206024466624	1206024470449
20	1206024473673	1206024478801
20	1206024488360	1206024491901
20	1206024502407	1206024509838
20	1206024510637	1206024519422
20	1206024522236	1206024531101
20	1206024538332	1206024545137
20	1206024558275	1206024563511
20	1206024634509	1206024636758
20	1206024660225	1206024662658
20	1206024663826	1206024666211
20	1206024706304	1206024711845
20	1206024743299	1206024745293
20	1206024757288	1206024762886
20	1206024778313	1206024780647
20	1206024787927	1206024789312
20	1206024809968	1206024812239
20	1206024816300	1206024818267
20	1206024818385	1206024820375
20	1206024875818	1206024877482
20	1206024877942	1206024880108
20	1206024904215	1206024904883
20	1206024912747	1206024917651
20	1206024920853	1206024931305
20	1206024940861	1206024942986
20	1206024959451	1206024963161
20	1206024972160	1206024975213
20	1206024983268	1206024984543
20	1206024989596	1206024998582
20	1206024998717	1206025003781
20	1206025009254	1206025011548
20	1206025054648	1206025060807
20	1206025070669	1206025073151
20	1206025074399	1206025078598
20	1206025080382	1206025084476
20	1206025088849	1206025090839
20	1206025091529	1206025093575
20	1206025156716	1206025157948
20	1206025158198	1206025160999
20	1206025172963	1206025175392
20	1206025200548	1206025202726
20	1206025204478	1206025207331
20	1206025207694	1206025210962
20	1206025215582	1206025216850
20	1206025221620	1206025223788
20	1206025252494	1206025254681
20	1206025276917	1206025279583
20	1206025285806	1206025287687
20	1206025287708	1206025291851
20	1206025345468	1206025347745
20	1206025396507	1206025400637
20	1206025412891	1206025420103
20	1206025458474	1206025461787
20	1206025603605	1206025607883
20	1206025641538	1206025643758
20	1206025645279	1206025647649
20	1206025834831	1206025837649
20	1206025900427	1206025901655
20	1206025913364	1206025914644
20	1206025963443	1206025966400
20	1206026004264	1206026009851
20	1206026028783	1206026032781
20	1206026038689	1206026044941
20	1206026052563	1206026054819
20	1206026124682	1206026130563
20	1206026135915	1206026148139
20	1206026154247	1206026159494
20	1206026184204	1206026186426
20	1206026200207	1206026203639
20	1206026236176	1206026239292
20	1206026242405	1206026244304
20	1206026270403	1206026272749
20	1206026307190	1206026312858
20	1206026365401	1206026367744
20	1206026375680	1206026382106
20	1206026431143	1206026432395
20	1206026436109	1206026439315
20	1206026440130	1206026442970
20	1206026445148	1206026456225
20	1206026460275	1206026462514
20	1206026517740	1206026520271
20	1206026547108	1206026552584
20	1206026556562	1206026559264
20	1206026581115	1206026583563
20	1206026625889	1206026627882
20	1206026628400	1206026630625
20	1206026638231	1206026640853
20	1206026728538	1206026733748
20	1206026740507	1206026742547
20	1206026831653	1206026839192
20	1206026841263	1206026843522
20	1206026845116	1206026849266
20	1206026851229	1206026853888
20	1206026856424	1206026863826
20	1206026864862	1206026871504
20	1206026880587	1206026884879
20	1206026886834	1206026894389
20	1206026899405	1206026903203
20	1206026904734	1206026908381
20	1206026912105	1206026916347
20	1206026926242	1206026929979
20	1206026955300	1206026959654
20	1206026993538	1206026995546
20	1206027004185	1206027006237
20	1206027020283	1206027021987
20	1206027026972	1206027028461
20	1206027028596	1206027031394
20	1206027033381	1206027041795
20	1206027046780	1206027053903
20	1206027073950	1206027079702
20	1206027149555	1206027151599
20	1206027153576	1206027154848
20	1206027155394	1206027157865
20	1206027158735	1206027164348
20	1206027166243	1206027169451
20	1206027176689	1206027179154
20	1206027185961	1206027188529
20	1206027193855	1206027195876
20	1206027199430	1206027201602
20	1206027202244	1206027211182
20	1206027225253	1206027233575
20	1206027394487	1206027401133
20	1206027713496	1206027717672
20	1206027744205	1206027746223
20	1206027780965	1206027788843
20	1206027793305	1206027828206
20	1206027833241	1206027839728
20	1206027840220	1206027845499
20	1206027846359	1206027858652
20	1206027859105	1206027864204
20	1206027883521	1206027896788
20	1206027906259	1206027915545
20	1206027944876	1206027954615
20	1206027967688	1206027970107
20	1206027975309	1206027979281
20	1206027988683	1206027991110
20	1206027991446	1206027993559
20	1206027998488	1206028004944
20	1206028016220	1206028018455
20	1206028026781	1206028029180
20	1206028042607	1206028044759
20	1206028049459	1206028051981
20	1206028057767	1206028060156
20	1206028060398	1206028062587
20	1206028066712	1206028068213
20	1206028072297	1206028074460
20	1206028112732	1206028114932
20	1206028129354	1206028131426
20	1206028137228	1206028139471
20	1206028140785	1206028143304
20	1206028144830	1206028147273
20	1206028153252	1206028155718
20	1206028157407	1206028159903
20	1206028161693	1206028163955
20	1206028165303	1206028167669
20	1206028169234	1206028171426
20	1206028172860	1206028175107
20	1206028180159	1206028182583
20	1206028184382	1206028186598
20	1206028188303	1206028190483
20	1206028192179	1206028194406
20	1206028195974	1206028198183
20	1206028199594	1206028201985
20	1206028203180	1206028205514
20	1206028206812	1206028209103
20	1206028210471	1206028217956
20	1206028224461	1206028234121
20	1206028243490	1206028247593
20	1206028249754	1206028252200
20	1206028255854	1206028261177
20	1206028263345	1206028268719
20	1206028276175	1206028277931
20	1206028830878	1206028837447
20	1206029197911	1206029199120
20	1206029335995	1206029338531
20	1206029340766	1206029346874
20	1206029483968	1206029493329
20	1206029528533	1206029533900
20	1206029651112	1206029659535
20	1206029685935	1206029688658
20	1206029691939	1206029697441
20	1206029699824	1206029705510
20	1206029752962	1206029755199
20	1206029825139	1206029827321
20	1206029842873	1206029845435
20	1206030052182	1206030054235
20	1206030070458	1206030070682
20	1206030152597	1206030154831
20	1206030160405	1206030162483
20	1206030189553	1206030191832
20	1206030257887	1206030260107
20	1206030305521	1206030307697
20	1206030319430	1206030321392
20	1206030553615	1206030555274
20	1206030732606	1206030734572
20	1206030789820	1206030793147
20	1206030850997	1206030853343
20	1206030963422	1206030970996
20	1206030971904	1206030978989
20	1206030979313	1206030988668
20	1206030993269	1206030997745
20	1206031004455	1206031012582
20	1206031031435	1206031039126
20	1206032787330	1206032807886
20	1206032813387	1206032815494
20	1206032822253	1206032830356
20	1206032864585	1206032866728
20	1206032882226	1206032884471
20	1206032887929	1206032889218
20	1206032944477	1206032946519
20	1206032947676	1206032948970
20	1206033291965	1206033294440
20	1206033303127	1206033305694
20	1206033305903	1206033310737
20	1206033317932	1206033327759
20	1206033336501	1206033341934
20	1206033347842	1206033356378
20	1206033356648	1206033365697
20	1206033366409	1206033374707
20	1206033374855	1206033376143
20	1206034055910	1206034058147
20	1206034082240	1206034084444
20	1206034088608	1206034091285
20	1206034307713	1206034309909
20	1206034342703	1206034345239
20	1206034371473	1206034373521
20	1206034573430	1206034583991
20	1206034915635	1206034919783
20	1206034923226	1206034923591
20	1206034934637	1206034939441
20	1206034940705	1206034954675
20	1206034972420	1206034974614
20	1206034980522	1206034989187
20	1206034994434	1206034995704
20	1206034998567	1206035003740
20	1206035008973	1206035013275
20	1206035018635	1206035021667
20	1206035027534	1206035032474
20	1206035058687	1206035062556
20	1206035070285	1206035076556
20	1206035088665	1206035090765
20	1206035100810	1206035102814
20	1206035114624	1206035116910
20	1206035127853	1206035130295
20	1206035143683	1206035144968
20	1206035151563	1206035153885
20	1206035160341	1206035162514
20	1206035227295	1206035229260
20	1206035231600	1206035236300
20	1206035281784	1206035282314
20	1206035744785	1206035745957
20	1206035753198	1206035755419
20	1206035795316	1206035797438
20	1206035804998	1206035805351
20	1206035867749	1206035877878
20	1206035882341	1206035893435
20	1206035900872	1206035905942
20	1206035920144	1206035922685
20	1206036019244	1206036021436
20	1206036025149	1206036026285
20	1206036224839	1206036227714
20	1206036251972	1206036254158
20	1206036333557	1206036338168
20	1206036355899	1206036364427
20	1206036377235	1206036379543
20	1206036469380	1206036471300
20	1206036770288	1206036777410
20	1206036812738	1206036815141
20	1206036832449	1206036839938
20	1206036858254	1206036860527
20	1206036958130	1206036963592
20	1206036966485	1206036969240
20	1206036975386	1206036981831
20	1206041465319	1206041472122
20	1206041570584	1206041572447
20	1206041950210	1206041952487
20	1206041956205	1206041958290
20	1206041960442	1206041962771
20	1206042002977	1206042010843
20	1206042027546	1206042032278
20	1206042052687	1206042055505
20	1206042158515	1206042160172
20	1206042473891	1206042476591
20	1206042593557	1206042595481
20	1206042608596	1206042610807
20	1206042658169	1206042659423
20	1206042662667	1206042666865
20	1206042667673	1206042668947
20	1206042702955	1206042708605
20	1206042730641	1206042738111
20	1206042798395	1206042800727
20	1206042801988	1206042804660
20	1206042840865	1206042842991
20	1206042854146	1206042856766
20	1206042867641	1206042869734
20	1206042894764	1206042896884
20	1206042919284	1206042920550
20	1206043109825	1206043115383
20	1206043116237	1206043117529
20	1206043129232	1206043131738
20	1206043166697	1206043168972
20	1206043213240	1206043216723
20	1206043450398	1206043452468
20	1206043643319	1206043645510
20	1206043654522	1206043656626
20	1206043663538	1206043665490
20	1206043722249	1206043724518
20	1206043728428	1206043729722
20	1206043934778	1206043935966
20	1206043943470	1206043945840
20	1206043956331	1206043960346
20	1206044087236	1206044089643
20	1206044124364	1206044128609
20	1206044128729	1206044130801
20	1206044248531	1206044255264
20	1206044256368	1206044260920
20	1206044352781	1206044362647
20	1206044392353	1206044394477
20	1206044397442	1206044400421
20	1206044425915	1206044436710
20	1206044499801	1206044503408
20	1206044622310	1206044625310
20	1206044626166	1206044628547
20	1206044655499	1206044657586
20	1206045010545	1206045012589
20	1206045208347	1206045210485
20	1206045305363	1206045307430
20	1206045507660	1206045513863
20	1206045560655	1206045563609
20	1206045565973	1206045567135
20	1206045584579	1206045586611
20	1206045635593	1206045639222
20	1206045771459	1206045779880
20	1206045794147	1206045798846
20	1206045816603	1206045818731
20	1206045863946	1206045866242
20	1206045870214	1206045872471
20	1206045898624	1206045906749
20	1206045909317	1206045911918
20	1206045914273	1206045919418
20	1206045920347	1206045929642
20	1206046052951	1206046055138
20	1206046148338	1206046150787
20	1206046266763	1206046268643
20	1206046311544	1206046313280
20	1206046637126	1206046641401
20	1206046651479	1206046653850
20	1206046667235	1206046669821
20	1206046674373	1206046676704
20	1206046779721	1206046780947
20	1206046864802	1206046867544
20	1206047010487	1206047014749
20	1206047054375	1206047056729
20	1206047104658	1206047106651
20	1206047119960	1206047122206
20	1206047126276	1206047127543
20	1206047130124	1206047132445
20	1206047146684	1206047149244
20	1206047161331	1206047164627
20	1206047447386	1206047449312
20	1206047455563	1206047459683
20	1206047470676	1206047473398
20	1206047497464	1206047499770
20	1206047500617	1206047502734
20	1206047505525	1206047507858
20	1206047566920	1206047569139
20	1206047608850	1206047613913
20	1206047668548	1206047672504
20	1206047680779	1206047682256
20	1206047704672	1206047706918
20	1206047713354	1206047716993
20	1206047718366	1206047722583
20	1206047766932	1206047769596
20	1206047813832	1206047816292
20	1206047839475	1206047841807
20	1206047977683	1206047980100
20	1206048457613	1206048458818
20	1206048459846	1206048470207
20	1206048479521	1206048485569
20	1206048486655	1206048489685
20	1206048493293	1206048495837
20	1206048496195	1206048498853
20	1206048499573	1206048507429
20	1206048511610	1206048515133
20	1206048553154	1206048556869
20	1206048571947	1206048577512
20	1206048593542	1206048595975
20	1206048596978	1206048598266
20	1206048747731	1206048749286
20	1206048794576	1206048796499
20	1206048827228	1206048829508
20	1206048851699	1206048854190
20	1206048859516	1206048862237
20	1206048886850	1206048889629
20	1206048921553	1206048924817
20	1206048971359	1206048973648
20	1206048975937	1206048979500
20	1206049010182	1206049012390
20	1206049109485	1206049111753
20	1206049172784	1206049175155
20	1206049185755	1206049188235
20	1206049297227	1206049299581
20	1206049316580	1206049318870
20	1206049376250	1206049377496
20	1206049388651	1206049391241
20	1206049392329	1206049394392
20	1206049395435	1206049396712
20	1206049407207	1206049409448
20	1206049410160	1206049412176
20	1206049414207	1206049417413
20	1206049439309	1206049441543
20	1206049540630	1206049542869
20	1206049577961	1206049580347
20	1206049593547	1206049596150
20	1206049636131	1206049638533
20	1206049655832	1206049657105
20	1206049696488	1206049698890
20	1206049701240	1206049702504
20	1206049723288	1206049725668
20	1206050163670	1206050170167
20	1206050231370	1206050233617
20	1206050297989	1206050311417
20	1206050312345	1206050315115
20	1206050316691	1206050318426
20	1206050318808	1206050328666
20	1206050341565	1206050345610
20	1206050419522	1206050421692
20	1206050753798	1206050756253
20	1206050784283	1206050785548
20	1206050990118	1206050992494
20	1206050996670	1206050998671
20	1206051029786	1206051032231
20	1206051033518	1206051035681
20	1206051092335	1206051096765
20	1206051380556	1206051385459
20	1206051414803	1206051418517
20	1206051440562	1206051444215
20	1206051491378	1206051492604
20	1206051544786	1206051546265
20	1206051693141	1206051695638
20	1206052075738	1206052078124
20	1206052085557	1206052087233
20	1206052087587	1206052093759
20	1206052110789	1206052124625
20	1206052132995	1206052152201
20	1206052152661	1206052155449
20	1206052155807	1206052161379
20	1206052171390	1206052173808
20	1206052179695	1206052183333
20	1206052250635	1206052259979
20	1206052261146	1206052265288
21	1206010346539	1206010347739
21	1206010387354	1206010388616
21	1206011268132	1206011270180
21	1206011288986	1206011292225
21	1206011293128	1206011295353
21	1206011345130	1206011349117
21	1206011354743	1206011358480
21	1206011389835	1206011393432
21	1206011394874	1206011400592
21	1206011859263	1206011862359
21	1206014655845	1206014666444
21	1206014736216	1206014740167
21	1206016167479	1206016169423
21	1206020699223	1206020702241
21	1206020737895	1206020745156
21	1206020748643	1206020751892
21	1206020769219	1206020773781
21	1206021579246	1206021585986
21	1206022727569	1206022731232
21	1206022734575	1206022741257
21	1206022769770	1206022775295
21	1206022790530	1206022795339
21	1206022796565	1206022802354
21	1206022822693	1206022825748
21	1206022832798	1206022836772
21	1206022851829	1206022855899
21	1206022880132	1206022885257
21	1206022972207	1206022975187
21	1206023018714	1206023023175
21	1206023074990	1206023077821
21	1206023078872	1206023081709
21	1206023172206	1206023174899
21	1206023297690	1206023302113
21	1206023305391	1206023310750
21	1206023510792	1206023513227
21	1206023523829	1206023530239
21	1206023590561	1206023595861
21	1206023625331	1206023632587
21	1206023633409	1206023638371
21	1206023694901	1206023701195
21	1206023723881	1206023726756
21	1206023727134	1206023734279
21	1206023740167	1206023741824
21	1206023751806	1206023754631
21	1206023759609	1206023762235
21	1206023774685	1206023782164
21	1206023839713	1206023847455
21	1206023873321	1206023881376
21	1206023910317	1206023913971
21	1206023942862	1206023946819
21	1206023988396	1206023995747
21	1206024002187	1206024006449
21	1206024010957	1206024023174
21	1206024023337	1206024032495
21	1206024048831	1206024054264
21	1206024056548	1206024057840
21	1206024089889	1206024094330
21	1206024167422	1206024171662
21	1206024208844	1206024218811
21	1206024233936	1206024239789
21	1206024258596	1206024267629
21	1206024303811	1206024305792
21	1206024306593	1206024314994
21	1206024325554	1206024332685
21	1206024449720	1206024453289
21	1206024466924	1206024476627
21	1206024528156	1206024531512
21	1206024536699	1206024540427
21	1206025660394	1206025667414
21	1206025674394	1206025682684
21	1206025684344	1206025690816
21	1206025691223	1206025694643
21	1206025704386	1206025709738
21	1206025711531	1206025712334
21	1206025717411	1206025721545
21	1206025721670	1206025723781
21	1206025723912	1206025729757
21	1206025730211	1206025732467
21	1206025732986	1206025742810
21	1206025957435	1206025959732
21	1206025968295	1206025970595
21	1206026025181	1206026027241
21	1206026038305	1206026040685
21	1206026123352	1206026126212
21	1206026131291	1206026133616
21	1206026638662	1206026640705
21	1206026659355	1206026662629
21	1206026710388	1206026713573
21	1206026724790	1206026726996
21	1206027205354	1206027209222
21	1206027217379	1206027218677
21	1206027220735	1206027233575
21	1206027393113	1206027396759
21	1206029486400	1206029489816
21	1206029527133	1206029530677
21	1206029653546	1206029656801
21	1206029684200	1206029687225
21	1206030985190	1206030990267
21	1206030991416	1206030995229
21	1206031005699	1206031008142
21	1206031010372	1206031012708
21	1206031030156	1206031032665
21	1206031032825	1206031038672
21	1206031048138	1206031053834
21	1206032781633	1206032782855
21	1206032790865	1206032795216
21	1206033320526	1206033324115
21	1206033335149	1206033338817
21	1206033358688	1206033364662
21	1206033365332	1206033370910
21	1206034577920	1206034581186
21	1206034914232	1206034917623
21	1206035072531	1206035075882
21	1206035161967	1206035164448
21	1206035189988	1206035192333
21	1206035192464	1206035195619
21	1206035246797	1206035248940
21	1206035255692	1206035258653
21	1206035259253	1206035262509
21	1206035277538	1206035279552
21	1206035290847	1206035295215
21	1206035304118	1206035306534
21	1206035313918	1206035316773
21	1206035336620	1206035339651
21	1206035340283	1206035343137
21	1206035361529	1206035367909
21	1206035371367	1206035373492
21	1206035375802	1206035377100
21	1206035446438	1206035449973
21	1206035492860	1206035495931
21	1206035496133	1206035498473
21	1206035536627	1206035539529
21	1206035668976	1206035672673
21	1206035675534	1206035677730
21	1206035850315	1206035851469
21	1206036333796	1206036339477
21	1206036354434	1206036358550
21	1206036773123	1206036776639
21	1206036836820	1206036840312
21	1206036848397	1206036850763
21	1206036857358	1206036859649
21	1206036915359	1206036918886
21	1206036976693	1206036982922
21	1206041463508	1206041467524
21	1206042705538	1206042707201
21	1206042725393	1206042727507
21	1206044258428	1206044263398
21	1206044322796	1206044325290
21	1206044325490	1206044328719
21	1206044351360	1206044354989
21	1206045635793	1206045641461
21	1206045770530	1206045774881
21	1206045776977	1206045782940
21	1206045789721	1206045793428
21	1206045794118	1206045797164
21	1206047429810	1206047431705
21	1206047779788	1206047780908
21	1206047795998	1206047797855
21	1206047824625	1206047827104
21	1206047827428	1206047829583
21	1206047835862	1206047838662
21	1206047858662	1206047860469
21	1206047866373	1206047867657
21	1206047893620	1206047895646
21	1206047925768	1206047927969
21	1206047928789	1206047930101
21	1206047932241	1206047934695
21	1206047999331	1206048001661
21	1206048016358	1206048018564
21	1206048135687	1206048137891
21	1206048150321	1206048152890
21	1206048227616	1206048229616
21	1206048355918	1206048358230
21	1206048402590	1206048404346
21	1206052087752	1206052088958
21	1206052089894	1206052094121
21	1206052101922	1206052103638
21	1206052118387	1206052123326
21	1206052130819	1206052134731
21	1206052157619	1206052163477
21	1206052169614	1206052172896
21	1206052187359	1206052189511
21	1206052243463	1206052246619
21	1206052263169	1206052267522
22	1206000468999	1206000470845
22	1206007647120	1206007649284
22	1206010301306	1206010305145
22	1206010345895	1206010349371
22	1206010387569	1206010390846
22	1206010401788	1206010405493
22	1206011266715	1206011269238
22	1206011346847	1206011349775
22	1206011353588	1206011356151
22	1206011391328	1206011393997
22	1206011394438	1206011397202
22	1206011398393	1206011401207
22	1206011858207	1206011860986
22	1206014658165	1206014664365
22	1206014737142	1206014740180
22	1206016011896	1206016013763
22	1206016045368	1206016048653
22	1206016166707	1206016169786
22	1206016258106	1206016262422
22	1206020741563	1206020744411
22	1206020747634	1206020750469
22	1206020769892	1206020772651
22	1206021578204	1206021581108
22	1206021582788	1206021589963
22	1206022727304	1206022728458
22	1206022771796	1206022775606
22	1206022789519	1206022791830
22	1206022818363	1206022820300
22	1206022834114	1206022837177
22	1206022849998	1206022853646
22	1206023020891	1206023024274
22	1206023074469	1206023076408
22	1206023079698	1206023082332
22	1206023171675	1206023174818
22	1206024330189	1206024332569
22	1206024448887	1206024450585
22	1206024466798	1206024469367
22	1206024473345	1206024477275
22	1206024529264	1206024532216
22	1206024536163	1206024538884
22	1206025659337	1206025662858
22	1206025703864	1206025706806
22	1206025741301	1206025743855
22	1206026723420	1206026725830
22	1206027225442	1206027228498
22	1206027229887	1206027232892
22	1206027316109	1206027322100
22	1206027341212	1206027346456
22	1206027349200	1206027353279
22	1206027354614	1206027360482
22	1206027369933	1206027371425
22	1206027373240	1206027375530
22	1206027383767	1206027388824
22	1206029526289	1206029529191
22	1206029664982	1206029669345
22	1206029682256	1206029685382
22	1206030986920	1206030990511
22	1206030990616	1206030993654
22	1206031034775	1206031038912
22	1206031047232	1206031050438
22	1206031051711	1206031054590
22	1206033321822	1206033324870
22	1206033334241	1206033337281
22	1206034578676	1206034581604
22	1206034913363	1206034915990
22	1206036336788	1206036339614
22	1206036353515	1206036356178
22	1206036978467	1206036981191
22	1206041463368	1206041465123
22	1206044259735	1206044263278
22	1206044321128	1206044329332
22	1206044332524	1206044337937
22	1206044350342	1206044353481
22	1206045768631	1206045771331
22	1206045779444	1206045782435
22	1206045787864	1206045791193
22	1206052120114	1206052123163
22	1206052129434	1206052132835
22	1206052160573	1206052166914
22	1206052264601	1206052268636
23	1206000493582	1206000496647
23	1206007633385	1206007635451
23	1206007653229	1206007656296
23	1206007702696	1206007704541
23	1206009307985	1206009310121
23	1206011392200	1206011397162
23	1206011399519	1206011401794
23	1206011857423	1206011860247
23	1206013333106	1206013337566
23	1206014737950	1206014740844
23	1206016004115	1206016006592
23	1206016011139	1206016014668
23	1206016021866	1206016028510
23	1206016165302	1206016166283
23	1206016615827	1206016616963
23	1206020742543	1206020745460
23	1206020746862	1206020749658
23	1206020770703	1206020773477
23	1206021577531	1206021580827
23	1206021587715	1206021590691
23	1206022725636	1206022728585
23	1206022773848	1206022777556
23	1206022787655	1206022790735
23	1206022818506	1206022822693
23	1206022870610	1206022873156
23	1206023021894	1206023024598
23	1206023073714	1206023076272
23	1206023080425	1206023082577
23	1206023171363	1206023173538
23	1206023295332	1206023297283
23	1206024060172	1206024062791
23	1206024438204	1206024442906
23	1206024447757	1206024450288
23	1206024464520	1206024467589
23	1206024530434	1206024533743
23	1206024534655	1206024537852
23	1206025658658	1206025661658
23	1206025701169	1206025705412
23	1206025741793	1206025744815
23	1206026713320	1206026715764
23	1206029520145	1206029522897
23	1206029525354	1206029528221
23	1206029667141	1206029668974
23	1206029677781	1206029680636
23	1206030988362	1206030993381
23	1206031036458	1206031040671
23	1206031046391	1206031049333
23	1206031053806	1206031055491
23	1206031885120	1206031887116
23	1206032779711	1206032781897
23	1206033322678	1206033325603
23	1206033333595	1206033335927
23	1206034579340	1206034582308
23	1206034912613	1206034914946
23	1206034952433	1206034954524
23	1206034964482	1206034966312
23	1206036337360	1206036339892
23	1206036352344	1206036355842
23	1206037711605	1206037718842
23	1206037752833	1206037755184
23	1206037776231	1206037781574
23	1206037792575	1206037797870
23	1206037819629	1206037821632
23	1206037995169	1206038000297
23	1206038001764	1206038004248
23	1206038004572	1206038007666
23	1206038034855	1206038040196
23	1206038074570	1206038077334
23	1206038077558	1206038084737
23	1206038090871	1206038092217
23	1206038127585	1206038134553
23	1206038139602	1206038143991
23	1206038181976	1206038185785
23	1206038262635	1206038266518
23	1206038266633	1206038269849
23	1206038273937	1206038282952
23	1206038285123	1206038292343
23	1206038303284	1206038310472
23	1206038313976	1206038318121
23	1206038343976	1206038349648
23	1206038356790	1206038366787
23	1206038371225	1206038378891
23	1206038382789	1206038388821
23	1206038399932	1206038404932
23	1206038412691	1206038415745
23	1206038426266	1206038433953
23	1206038494760	1206038496732
23	1206038509108	1206038512180
23	1206038764706	1206038768956
23	1206038882544	1206038890147
23	1206038908644	1206038910988
23	1206038941685	1206038943861
23	1206038963387	1206038968703
23	1206039032831	1206039034875
23	1206039037620	1206039042829
23	1206039045922	1206039051231
23	1206039056579	1206039060759
23	1206039081648	1206039085696
23	1206039100817	1206039104571
23	1206039115912	1206039124820
23	1206039126686	1206039132949
23	1206039141205	1206039147201
23	1206039173651	1206039177973
23	1206039219404	1206039223502
23	1206039228548	1206039232716
23	1206039355139	1206039360748
23	1206039380437	1206039381707
23	1206039388695	1206039391304
23	1206039485764	1206039487189
23	1206039487559	1206039490458
23	1206039535602	1206039540306
23	1206039546674	1206039549742
23	1206039553567	1206039558548
23	1206039566697	1206039569285
23	1206039602865	1206039607133
23	1206039670303	1206039674450
23	1206039987289	1206039993192
23	1206040762450	1206040765133
23	1206040774566	1206040777152
23	1206040852844	1206040858972
23	1206040894784	1206040900696
23	1206040903965	1206040909284
23	1206040910480	1206040914907
23	1206040955636	1206040957877
23	1206040982171	1206040990803
23	1206041040110	1206041046243
23	1206041064333	1206041070361
23	1206041163784	1206041165502
23	1206041276883	1206041281786
23	1206041287752	1206041289483
23	1206041378170	1206041383264
23	1206041402162	1206041408629
23	1206041413315	1206041418276
23	1206041451851	1206041456114
23	1206041459467	1206041464256
23	1206044260666	1206044262692
23	1206044342462	1206044343707
23	1206045780389	1206045782190
23	1206045787438	1206045789401
23	1206052120820	1206052122599
23	1206052128547	1206052131367
23	1206052268799	1206052276722
23	1206052276842	1206052283888
23	1206052288884	1206052291998
23	1206052302333	1206052309204
23	1206052318302	1206052321233
24	1205998911173	1205998913881
24	1206000494132	1206000497361
24	1206007497449	1206007500559
24	1206007560502	1206007563249
24	1206007588291	1206007591782
24	1206007610613	1206007612632
24	1206007644729	1206007647470
24	1206007703727	1206007706289
24	1206007708892	1206007710297
24	1206008721130	1206008723623
24	1206009298666	1206009301141
24	1206009308521	1206009311943
24	1206009846474	1206009849638
24	1206011856767	1206011858593
24	1206012149463	1206012151224
24	1206012158380	1206012160642
24	1206012788271	1206012791391
24	1206013342855	1206013345473
24	1206014739240	1206014740965
24	1206015978460	1206015980142
24	1206016020989	1206016023326
24	1206016515139	1206016521325
24	1206016523559	1206016526405
24	1206016788338	1206016790998
24	1206020662635	1206020665669
24	1206020918305	1206020920617
24	1206022631167	1206022633786
24	1206022724393	1206022727179
24	1206022731600	1206022734658
24	1206022775606	1206022778438
24	1206022835313	1206022838203
24	1206022871652	1206022873380
24	1206023294396	1206023297883
24	1206023511173	1206023513624
24	1206023521727	1206023522963
24	1206023660959	1206023662809
24	1206023866483	1206023869598
24	1206023948341	1206023951358
24	1206024017160	1206024020816
24	1206024044470	1206024047423
24	1206024061560	1206024064386
24	1206024333875	1206024337141
24	1206024463336	1206024466218
24	1206024531827	1206024534949
24	1206025657831	1206025659669
24	1206025743190	1206025745107
24	1206026714730	1206026718112
24	1206027384419	1206027386288
24	1206027542987	1206027546294
24	1206029521308	1206029523853
24	1206031038398	1206031041431
24	1206031788229	1206031791555
24	1206031883901	1206031887564
24	1206034580679	1206034582689
24	1206034633610	1206034634992
24	1206036130222	1206036132239
24	1206036344943	1206036347118
24	1206038164731	1206038168909
24	1206038173415	1206038175877
24	1206038186675	1206038188635
24	1206039017877	1206039020216
24	1206039178127	1206039180135
24	1206039993502	1206039996864
24	1206040015233	1206040018637
24	1206040049890	1206040062313
24	1206040066494	1206040072257
24	1206040085322	1206040089213
24	1206040842669	1206040845543
24	1206044063131	1206044066346
24	1206044288150	1206044291971
24	1206044294263	1206044296495
24	1206044313434	1206044315810
24	1206048028239	1206048030333
24	1206048112809	1206048113993
24	1206052535863	1206052539471
24	1206052556648	1206052558102
24	1206052566630	1206052569755
24	1206052588444	1206052590596
25	1206005860969	1206005864167
25	1206006131235	1206006135849
25	1206007707601	1206007709603
25	1206012148852	1206012150824
25	1206016514604	1206016521325
25	1206022731232	1206022734787
25	1206022800264	1206022805344
25	1206022831902	1206022839742
25	1206022856129	1206022860101
25	1206024016509	1206024018593
25	1206024044802	1206024049298
25	1206024341454	1206024345516
25	1206026717316	1206026719370
25	1206039997592	1206039998790
25	1206040000354	1206040004407
25	1206044266533	1206044270215
26	1206005667553	1206005673542
26	1206005737587	1206005739455
26	1206005824413	1206005828996
26	1206005856367	1206005858937
26	1206005878302	1206005880378
26	1206005881663	1206005882880
26	1206005891256	1206005897254
26	1206005897650	1206005899632
26	1206005899998	1206005903550
26	1206005908327	1206005910225
26	1206005919960	1206005922676
26	1206005924232	1206005926643
26	1206005927522	1206005930531
26	1206006032841	1206006035794
26	1206006084145	1206006087646
26	1206006127382	1206006128574
26	1206006128750	1206006130907
26	1206040008946	1206040010630
27	1206000466108	1206000472138
27	1206010302143	1206010306288
27	1206016045650	1206016049207
27	1206016068592	1206016070110
27	1206016258668	1206016262274
27	1206016270291	1206016273802
27	1206027231193	1206027235547
27	1206027249992	1206027260407
27	1206027268886	1206027270100
27	1206027276567	1206027283603
27	1206027285968	1206027290756
27	1206027313590	1206027319147
27	1206027320902	1206027325883
27	1206027338772	1206027343646
27	1206034953468	1206034955494
27	1206034963214	1206034965304
27	1206044261744	1206044263757
28	1206000465348	1206000468361
28	1206007634169	1206007636179
28	1206007636543	1206007641890
28	1206007644889	1206007648190
28	1206011348408	1206011357741
28	1206016004979	1206016010168
28	1206016010301	1206016012758
28	1206016068819	1206016071269
28	1206022774451	1206022776620
28	1206022835905	1206022842270
28	1206022844108	1206022850588
28	1206024474911	1206024477543
28	1206027227379	1206027231576
28	1206027239546	1206027243435
28	1206027288371	1206027294117
28	1206027294901	1206027297223
28	1206027305879	1206027313847
28	1206027317739	1206027320488
28	1206027326473	1206027334824
28	1206027341546	1206027347742
28	1206027366661	1206027371286
28	1206029667615	1206029669506
28	1206029679342	1206029684504
28	1206033332657	1206033335537
28	1206036439597	1206036440630
28	1206038255843	1206038256991
28	1206044262501	1206044268899
28	1206044269569	1206044275325
28	1206044275456	1206044280906
28	1206044285452	1206044294158
28	1206045781185	1206045790920
28	1206052121823	1206052131520
29	1206000464444	1206000467251
29	1206016069510	1206016072149
29	1206022776316	1206022778318
29	1206024475761	1206024478481
29	1206027542309	1206027543911
29	1206029668590	1206029670542
29	1206029672489	1206029674282
29	1206029676374	1206029679968
29	1206031882818	1206031884820
29	1206033327307	1206033333285
29	1206036445379	1206036447639
29	1206039610121	1206039613988
30	1205998912104	1205998915383
30	1206000463933	1206000466617
30	1206000494984	1206000497949
30	1206005839471	1206005842964
30	1206006132401	1206006134959
30	1206007496611	1206007499130
30	1206007561367	1206007563823
30	1206007586682	1206007590336
30	1206007611155	1206007614441
30	1206007643928	1206007647470
30	1206007654759	1206007657668
30	1206007704825	1206007709603
30	1206008720335	1206008722347
30	1206009297278	1206009301258
30	1206009309621	1206009312676
30	1206011258719	1206011259905
30	1206011400930	1206011402838
30	1206011855772	1206011859127
30	1206012790637	1206012793391
30	1206013329908	1206013332881
30	1206013337128	1206013340236
30	1206013341274	1206013345473
30	1206014740167	1206014743869
30	1206016019819	1206016022541
30	1206016026272	1206016028759
30	1206016162698	1206016166283
30	1206016514168	1206016518273
30	1206016518758	1206016521533
30	1206016524935	1206016526919
30	1206016613313	1206016616346
30	1206020661578	1206020665101
30	1206020744748	1206020748436
30	1206020772837	1206020775977
30	1206020919354	1206020922121
30	1206021575565	1206021578729
30	1206021590202	1206021592866
30	1206022630370	1206022632266
30	1206022730590	1206022734249
30	1206022776924	1206022782838
30	1206022784513	1206022788329
30	1206022800104	1206022801377
30	1206022821203	1206022824240
30	1206022836513	1206022840150
30	1206022872597	1206022875563
30	1206023023715	1206023026878
30	1206023072221	1206023074721
30	1206023081521	1206023086412
30	1206023165194	1206023168579
30	1206023292680	1206023295633
30	1206023510189	1206023511923
30	1206023659990	1206023661979
30	1206023867709	1206023869598
30	1206023947153	1206023949585
30	1206024045683	1206024049317
30	1206024062661	1206024066156
30	1206024335950	1206024339232
30	1206024340184	1206024343947
30	1206024440407	1206024443239
30	1206024445680	1206024446932
30	1206024461937	1206024465886
30	1206024476507	1206024479303
30	1206024532336	1206024535733
30	1206025656451	1206025659122
30	1206025743714	1206025746378
30	1206026717852	1206026719980
30	1206026720105	1206026722964
30	1206027386616	1206027389656
30	1206027541593	1206027544317
30	1206029522214	1206029526635
30	1206031039535	1206031048967
30	1206031055978	1206031059333
30	1206031789909	1206031792903
30	1206031874165	1206031879885
30	1206031881273	1206031887866
30	1206033325517	1206033329541
30	1206034581324	1206034584484
30	1206034910116	1206034913722
30	1206036338970	1206036342467
30	1206036349781	1206036353380
30	1206036446763	1206036449847
30	1206044064627	1206044067639
30	1206044267349	1206044282488
30	1206044286680	1206044290547
30	1206044295782	1206044300841
30	1206048027438	1206048028637
30	1206052604959	1206052609278
31	1205996386820	1205996389459
31	1205996983285	1205996985136
31	1205997489701	1205997493407
31	1205997493806	1205997498798
31	1205997523646	1205997524921
31	1205998913459	1205998919875
31	1205999009600	1205999011457
31	1205999015699	1205999019928
31	1205999021601	1205999024222
31	1205999037820	1205999039864
31	1205999142485	1205999145340
31	1206000350914	1206000353652
31	1206000416208	1206000418377
31	1206000601134	1206000603888
31	1206000684101	1206000686575
31	1206001134155	1206001139104
31	1206001139317	1206001141741
31	1206001142829	1206001146373
31	1206005652361	1206005655700
31	1206005801568	1206005804421
31	1206007585462	1206007589311
31	1206007612291	1206007617294
31	1206007655989	1206007658731
31	1206008718715	1206008721305
31	1206009848808	1206009852144
31	1206011257607	1206011259605
31	1206011402107	1206011405428
31	1206011854833	1206011857471
31	1206012146676	1206012149767
31	1206012160346	1206012162514
31	1206012793519	1206012797162
31	1206013328329	1206013330980
31	1206014741779	1206014745525
31	1206015143262	1206015145586
31	1206015155232	1206015157170
31	1206015159731	1206015161685
31	1206015831855	1206015835792
31	1206015896653	1206015900353
31	1206015901327	1206015905676
31	1206015976526	1206015978340
31	1206016017389	1206016020850
31	1206016071403	1206016073734
31	1206016161751	1206016164278
31	1206016525868	1206016527889
31	1206016612839	1206016614283
31	1206016791118	1206016794919
31	1206017427781	1206017433740
31	1206020375316	1206020382668
31	1206020422613	1206020424521
31	1206020424815	1206020428422
31	1206020473638	1206020476723
31	1206020543485	1206020545964
31	1206020659848	1206020662885
31	1206020774130	1206020778469
31	1206020921789	1206020924250
31	1206020965360	1206020967777
31	1206021072876	1206021075716
31	1206021574955	1206021577807
31	1206022628917	1206022631419
31	1206022721821	1206022725904
31	1206022797996	1206022800397
31	1206022829523	1206022833662
31	1206022838534	1206022845625
31	1206022853142	1206022860253
31	1206022873701	1206022876692
31	1206023024976	1206023028974
31	1206023071698	1206023073966
31	1206023085152	1206023088220
31	1206023161346	1206023163466
31	1206023164619	1206023166546
31	1206023168415	1206023170891
31	1206023290359	1206023293290
31	1206023508820	1206023511536
31	1206023523423	1206023525247
31	1206023658575	1206023661211
31	1206023868777	1206023870175
31	1206023945913	1206023949327
31	1206024012617	1206024017893
31	1206024047279	1206024052716
31	1206024064580	1206024068246
31	1206024441810	1206024447119
31	1206025784659	1206025788942
31	1206027387976	1206027391590
31	1206027540179	1206027543265
31	1206031060581	1206031063820
31	1206031064409	1206031066383
31	1206031639720	1206031641822
31	1206031661225	1206031670210
31	1206031791514	1206031794720
31	1206031872804	1206031876414
31	1206032775281	1206032777851
31	1206034582336	1206034586556
31	1206034630881	1206034633610
31	1206034909136	1206034911608
31	1206036128705	1206036130503
31	1206036340862	1206036354294
31	1206036448465	1206036452623
31	1206044066812	1206044069410
31	1206044311550	1206044312773
31	1206044327766	1206044331380
31	1206048026766	1206048028768
31	1206048114447	1206048116431
31	1206052735921	1206052739854
31	1206052778469	1206052787454
32	1205996391979	1205996393163
32	1205997500768	1205997500932
32	1205997510214	1205997514810
32	1205997520992	1205997522986
32	1205999008297	1205999010339
32	1205999022109	1205999024918
32	1205999036937	1205999040552
32	1205999143713	1205999148224
32	1206000350440	1206000352798
32	1206000416880	1206000418833
32	1206000463197	1206000465886
32	1206000600683	1206000603304
32	1206000685873	1206000688231
32	1206001133491	1206001135969
32	1206001139710	1206001146159
32	1206005653489	1206005659241
32	1206005664449	1206005666410
32	1206005802464	1206005806562
32	1206005838283	1206005841517
32	1206006130382	1206006132865
32	1206006133105	1206006136853
32	1206007495749	1206007499567
32	1206007561952	1206007565411
32	1206007642861	1206007646909
32	1206009296461	1206009298512
32	1206009311407	1206009314977
32	1206015144138	1206015147297
32	1206015159251	1206015161801
32	1206015831590	1206015836922
32	1206015895604	1206015899214
32	1206015900631	1206015903655
32	1206016018204	1206016022710
32	1206016027326	1206016029395
32	1206016513320	1206016516411
32	1206016520376	1206016521653
32	1206017426991	1206017431611
32	1206020378265	1206020383912
32	1206020421331	1206020427239
32	1206020468436	1206020472336
32	1206020543201	1206020545326
32	1206020921175	1206020922367
32	1206020965970	1206020968610
32	1206021072682	1206021074970
32	1206022330715	1206022335941
32	1206022721185	1206022725152
32	1206022729814	1206022731847
32	1206022777860	1206022783378
32	1206022793790	1206022802926
32	1206022822295	1206022825903
32	1206022829366	1206022833346
32	1206023162437	1206023163746
32	1206023167927	1206023171819
32	1206023291547	1206023295495
32	1206024338963	1206024342974
32	1206024441596	1206024444243
32	1206024460986	1206024463784
32	1206024477395	1206024481296
32	1206025655733	1206025657517
32	1206025744540	1206025747877
32	1206025783582	1206025786381
32	1206031639996	1206031641694
32	1206031658948	1206031663155
32	1206031666281	1206031667637
32	1206036341300	1206036347427
33	1206010303417	1206010307428
33	1206010343880	1206010346806
33	1206010388979	1206010391275
33	1206016046240	1206016048947
33	1206016067683	1206016069818
33	1206016259624	1206016263438
33	1206016269747	1206016272733
33	1206034954675	1206034957132
33	1206034961606	1206034964482
34	1206010303987	1206010306905
34	1206010343650	1206010345768
34	1206010389427	1206010391447
34	1206010399489	1206010401238
34	1206016047150	1206016049796
34	1206016066941	1206016068958
34	1206016260623	1206016263564
34	1206016268860	1206016272733
34	1206034958694	1206034963630
36	1206010304263	1206010306163
36	1206010343822	1206010346509
36	1206010389811	1206010391771
36	1206010399241	1206010402220
36	1206016047484	1206016049525
36	1206016066763	1206016068466
36	1206016260652	1206016262714
36	1206016268727	1206016272733
37	1206010305370	1206010307181
37	1206010342124	1206010344942
37	1206010390731	1206010392589
37	1206010398521	1206010401541
37	1206016048277	1206016050325
37	1206016066323	1206016068682
37	1206016261580	1206016263742
37	1206016267522	1206016271175
