1	1199687534995	1199687537793
1	1199694066415	1199694069891
1	1199694074104	1199694078782
1	1199699640628	1199699641700
1	1199699671603	1199699678432
1	1199716246761	1199716266594
1	1199716272993	1199716274275
1	1199732421456	1199732423777
1	1199732467308	1199732468302
1	1199734895939	1199734898360
1	1199741146315	1199741151570
1	1199742461473	1199742463817
2	1199687538731	1199687541723
2	1199698790374	1199698791577
2	1199699049227	1199699051112
2	1199699741513	1199699751816
2	1199699768601	1199699773834
2	1199699783836	1199699790793
2	1199699819867	1199699825744
2	1199699827955	1199699830371
2	1199699841933	1199699845631
2	1199699898589	1199699899853
2	1199699902382	1199699909601
2	1199699950283	1199699955211
2	1199699955266	1199699960668
2	1199699981256	1199699985465
2	1199700090477	1199700096652
2	1199700218337	1199700220577
2	1199700222466	1199700226392
2	1199700626491	1199700631598
2	1199700646998	1199700649933
2	1199700936785	1199700940416
2	1199700946785	1199700949692
2	1199701099710	1199701102418
2	1199707223660	1199707226895
2	1199707333269	1199707338698
2	1199711761468	1199711764669
2	1199712948600	1199712951396
2	1199712986214	1199712988381
2	1199715484380	1199715489133
2	1199716309270	1199716314667
2	1199716350121	1199716352795
2	1199717848584	1199717851930
2	1199718307984	1199718310207
2	1199730926846	1199730934792
2	1199732127434	1199732130728
2	1199732159323	1199732161325
2	1199732163903	1199732166295
2	1199732297999	1199732299249
2	1199732407304	1199732413660
2	1199732458148	1199732459955
2	1199732532652	1199732533106
2	1199732533879	1199732537602
2	1199732539693	1199732550100
2	1199732731973	1199732738148
2	1199732741754	1199732744187
2	1199732744564	1199732748971
2	1199732753643	1199732757266
2	1199732771213	1199732774280
2	1199732795343	1199732797246
2	1199732804567	1199732809686
2	1199732812101	1199732821732
2	1199732831856	1199732838781
2	1199732862137	1199732864315
2	1199732865480	1199732867656
2	1199732884353	1199732890918
2	1199732910492	1199732915524
2	1199732983342	1199732986564
2	1199733042742	1199733045400
2	1199733171818	1199733178776
2	1199733315836	1199733317766
2	1199733864309	1199733870564
2	1199733871563	1199733875656
2	1199734135744	1199734137912
2	1199734833644	1199734835859
2	1199734838393	1199734845893
2	1199735020701	1199735023251
2	1199735049589	1199735052345
2	1199735117714	1199735119684
2	1199735211346	1199735213324
2	1199735238305	1199735240647
2	1199735323629	1199735328208
2	1199735418131	1199735427657
2	1199735558662	1199735562732
2	1199735830726	1199735833277
2	1199735835138	1199735840664
2	1199735864691	1199735867298
2	1199735919103	1199735923788
2	1199735969321	1199735971984
2	1199736020738	1199736025118
2	1199736069194	1199736074499
2	1199736445370	1199736449769
2	1199736450133	1199736454823
2	1199736463499	1199736467853
2	1199736621435	1199736629587
2	1199736754265	1199736759168
2	1199736782716	1199736785387
2	1199736839904	1199736842252
2	1199736870267	1199736872806
2	1199737049731	1199737055618
2	1199737057423	1199737062950
2	1199737182275	1199737190677
2	1199737327121	1199737329560
2	1199737361695	1199737363926
2	1199737744715	1199737751666
2	1199737836576	1199737843263
2	1199738286977	1199738289408
2	1199738468585	1199738471223
2	1199738541312	1199738543638
2	1199739213571	1199739219566
2	1199739223927	1199739230689
2	1199739723968	1199739726478
2	1199739794281	1199739796527
2	1199740071929	1199740074320
2	1199740097646	1199740098383
2	1199740226499	1199740228970
2	1199740238949	1199740241222
2	1199740302996	1199740304756
2	1199740601896	1199740607598
2	1199740735269	1199740737829
2	1199741053252	1199741053405
2	1199741061317	1199741071386
2	1199741072377	1199741092216
2	1199741095389	1199741109300
2	1199741205318	1199741222336
2	1199742171607	1199742174390
2	1199742324806	1199742327303
2	1199742464697	1199742467124
2	1199742548995	1199742550274
2	1199742596553	1199742599431
2	1199742600663	1199742603709
2	1199742683662	1199742686900
2	1199743004653	1199743010930
2	1199743082859	1199743084133
2	1199743089580	1199743094821
2	1199743166550	1199743174750
2	1199743319504	1199743321807
2	1199743383509	1199743395644
2	1199743406937	1199743419678
2	1199743429609	1199743434727
2	1199743582692	1199743583307
2	1199743780996	1199743786713
2	1199743824270	1199743829909
2	1199743874258	1199743879985
2	1199744440440	1199744442634
2	1199744461905	1199744469326
2	1199744520273	1199744520907
2	1199744526144	1199744534691
2	1199744543797	1199744546887
2	1199744557826	1199744559222
2	1199744559846	1199744571321
2	1199744614120	1199744623794
2	1199744692763	1199744695439
2	1199744727516	1199744729750
2	1199744745430	1199744747325
2	1199744989333	1199744993706
2	1199745039766	1199745044835
2	1199745439907	1199745441776
2	1199745554703	1199745555130
2	1199745659613	1199745664381
2	1199745715617	1199745717777
2	1199745732693	1199745734384
2	1199745826768	1199745830561
2	1199745837542	1199745843554
2	1199745899199	1199745901251
2	1199745973595	1199745979643
2	1199746109909	1199746115664
2	1199746166711	1199746178632
2	1199746203737	1199746207699
2	1199746209222	1199746211294
2	1199746217865	1199746221133
2	1199746229791	1199746234676
2	1199746319544	1199746323643
2	1199746341386	1199746344707
2	1199746359493	1199746361478
2	1199746365939	1199746370707
2	1199746371146	1199746373620
2	1199746375381	1199746377663
2	1199746429616	1199746438713
2	1199746527156	1199746528969
2	1199746535184	1199746543309
2	1199746637923	1199746642701
2	1199746645399	1199746647966
3	1199687538427	1199687540540
3	1199687720712	1199687721265
3	1199699749785	1199699751705
3	1199699835848	1199699846671
3	1199699847561	1199699850629
3	1199699851959	1199699858707
3	1199700385620	1199700386532
3	1199700648389	1199700657668
3	1199700816846	1199700821125
3	1199715370579	1199715372557
3	1199717837768	1199717844553
3	1199717847313	1199717852442
3	1199717854865	1199717861559
3	1199717863969	1199717870264
3	1199717885961	1199717891448
3	1199717895647	1199717903244
3	1199732243677	1199732248285
3	1199732248527	1199732260566
3	1199732299734	1199732742484
3	1199732753995	1199732773373
3	1199732775514	1199732779791
3	1199732781942	1199732794832
3	1199732884822	1199732889695
3	1199734848995	1199734852459
3	1199734856427	1199734862233
3	1199735892808	1199735898678
3	1199736085586	1199736086634
3	1199736094741	1199736096937
3	1199737887631	1199737890268
3	1199737895465	1199737904566
3	1199738108580	1199738112136
3	1199738137904	1199738145293
3	1199738150328	1199738150870
3	1199738221343	1199738228358
3	1199738231878	1199738235600
3	1199738452668	1199738454362
3	1199738482691	1199738483129
3	1199738524861	1199738528468
3	1199738538447	1199738550668
3	1199738554836	1199738557868
3	1199738558764	1199738567587
3	1199738601625	1199738602561
3	1199738679827	1199738682129
3	1199738771991	1199738774626
3	1199738775658	1199738779983
3	1199738881227	1199738882460
3	1199738917218	1199738924559
3	1199738998188	1199739002916
3	1199739061190	1199739070112
3	1199739134128	1199739136425
3	1199739137192	1199739139369
3	1199739140908	1199739145552
3	1199739152835	1199739155400
3	1199739366745	1199739367489
3	1199739368707	1199739370201
3	1199739404851	1199739407402
3	1199739437384	1199739438616
3	1199739454556	1199739456580
3	1199739469253	1199739473772
3	1199739475685	1199739477979
3	1199739486352	1199739488862
3	1199739577986	1199739587593
3	1199739599393	1199739604644
3	1199739609485	1199739611751
3	1199739614567	1199739616505
3	1199739659317	1199739661501
3	1199739723594	1199739724370
3	1199739815414	1199739819215
3	1199739829253	1199739833511
3	1199739842759	1199739850706
3	1199739852347	1199739854884
3	1199739859626	1199739859993
3	1199739953210	1199739955411
3	1199739956298	1199739961708
3	1199740057777	1199740063555
3	1199740083352	1199740087439
3	1199740101519	1199740106371
3	1199740109190	1199740114750
3	1199740226776	1199740233627
3	1199740304372	1199740309114
3	1199740437635	1199740440312
3	1199740598273	1199740601601
3	1199740729358	1199740733256
3	1199740748262	1199740751821
3	1199740828722	1199740833366
3	1199740865400	1199740868163
3	1199740868669	1199740872362
3	1199740919435	1199740921511
3	1199740935718	1199740937458
3	1199740964647	1199740964892
3	1199741007116	1199741009551
3	1199741016701	1199741019560
3	1199741032673	1199741035286
3	1199741049988	1199741054153
3	1199741226180	1199741228469
3	1199741230239	1199741232436
3	1199742166294	1199742172354
3	1199743434443	1199743436812
3	1199743470364	1199743474316
3	1199743770266	1199743772674
3	1199743779654	1199743793808
3	1199743803551	1199743806665
3	1199743815622	1199743820998
3	1199743888568	1199743889343
3	1199743889975	1199743892904
3	1199743900308	1199743906104
3	1199744109560	1199744113358
3	1199744129299	1199744130849
3	1199744131221	1199744133607
3	1199744229403	1199744235595
3	1199744461625	1199744467792
3	1199744542844	1199744551720
3	1199744594185	1199744597845
3	1199744607170	1199744609817
3	1199744610561	1199744619633
3	1199744883178	1199744885355
3	1199744895864	1199744899944
3	1199744901807	1199744908629
3	1199744988649	1199744994482
3	1199745038682	1199745048830
3	1199745049867	1199745054596
3	1199745118724	1199745120917
3	1199745418764	1199745421314
3	1199745439993	1199745444824
3	1199745503586	1199745504970
3	1199745506298	1199745508714
3	1199745509338	1199745511757
3	1199745515990	1199745520611
3	1199745656615	1199745664626
3	1199745724568	1199745724837
3	1199745731688	1199745831471
3	1199745902770	1199745907104
3	1199745917278	1199745921745
3	1199745962675	1199745965341
3	1199746067274	1199746068178
3	1199746204118	1199746207446
3	1199746208839	1199746213794
3	1199746218250	1199746220366
3	1199746235270	1199746237347
3	1199746238451	1199746241459
3	1199746246333	1199746251578
3	1199746314797	1199746375136
3	1199746376401	1199746378783
3	1199746398668	1199746404558
3	1199746526876	1199746529337
3	1199746544642	1199746547786
3	1199746560255	1199746561399
3	1199746594296	1199746596587
3	1199746670213	1199746671477
4	1199687284362	1199687287841
4	1199687329759	1199687333598
4	1199687342161	1199687354212
4	1199687406296	1199704319314
4	1199705750640	1199705751792
4	1199707484270	0
5	1199687312651	1199687330657
5	1199704316773	1199704319565
5	1199704320709	1199704324779
6	1199687103998	1199687108660
6	1199704318504	1199704321989
7	1199694070143	1199694095610
7	1199694096230	1199694102174
7	1199694123197	1199694132429
7	1199694134220	1199694136900
7	1199694137280	1199694141450
7	1199694282971	1199694286230
7	1199694309116	1199694316543
7	1199694325683	1199694350620
7	1199694387388	1199694389791
7	1199694473664	1199694476119
7	1199694933778	1199694937496
7	1199695414977	1199695421631
7	1199695767146	1199695778632
7	1199695921641	1199695931582
7	1199695934709	1199695936740
7	1199695942985	1199695949249
7	1199696311494	1199696317391
7	1199696322623	1199696325357
7	1199696739613	1199696740765
7	1199696741645	1199696747529
7	1199696799340	1199696801929
7	1199697005814	1199697008358
7	1199697711704	1199697716610
7	1199698032598	1199698045517
7	1199698118655	1199698124578
7	1199698125582	1199698128713
7	1199698141572	1199698145605
7	1199699051582	1199699063405
7	1199699315617	1199699317357
7	1199699326214	1199699331610
7	1199699570937	1199699572979
7	1199699638639	1199699643793
7	1199699644351	1199699648302
7	1199699649867	1199699654685
7	1199699780539	1199699785546
7	1199699995440	1199699999257
7	1199700012444	1199700014669
7	1199700032275	1199700034433
7	1199700087264	1199700090745
7	1199700949984	1199700953718
7	1199700989928	1199701005424
7	1199701006591	1199701014670
7	1199701053260	1199701058629
7	1199701153962	1199701156174
7	1199701206794	1199701210392
7	1199701235890	1199701240178
7	1199701292642	1199701295735
7	1199701298205	1199701312862
7	1199705249831	1199705251749
7	1199705727604	1199705730659
7	1199706157878	1199706165639
7	1199706250700	1199706261365
7	1199706262245	1199706268500
7	1199706278934	1199706284589
7	1199706309263	1199706313481
7	1199706512885	1199706517965
7	1199706680832	1199706684509
7	1199706799766	1199706801741
7	1199706899277	1199706900185
7	1199706917360	1199706920943
7	1199706940253	1199706942452
7	1199706947566	1199706948334
7	1199706957587	1199706960132
7	1199706964892	1199706970773
7	1199706973263	1199706975953
7	1199706976723	1199706981633
7	1199706984265	1199706986701
7	1199707024294	1199707025679
7	1199707171267	1199707175627
7	1199707178944	1199707181114
7	1199707219742	1199707226245
7	1199707584625	1199707717769
7	1199707739637	1199707741287
7	1199708137719	1199708138256
7	1199708138509	1199708140912
7	1199708208313	1199708209947
7	1199708295842	1199708297839
7	1199708310344	1199708314791
7	1199708315927	1199708319641
7	1199709910176	1199709925333
7	1199709925625	1199709931371
7	1199709981396	1199709990669
7	1199710186755	1199710188176
7	1199710197814	1199710200560
7	1199710201543	1199710204927
7	1199710376680	1199710382490
7	1199710568609	1199710571242
7	1199710712156	1199710716142
7	1199710722100	1199710724477
7	1199710728632	1199710732585
7	1199710738638	1199710739697
7	1199710762898	1199710764927
7	1199710775903	1199710778189
7	1199710778686	1199710780982
7	1199710782763	1199710784199
7	1199710814769	1199710818460
7	1199711167696	1199711169476
7	1199711558727	1199711559415
7	1199711690696	1199711694717
7	1199711712974	1199711715388
7	1199711759847	1199711762669
7	1199712201681	1199712204587
7	1199712235357	1199712237539
7	1199712509783	1199712514306
7	1199712766993	1199712770340
7	1199712771388	1199712773520
7	1199712941274	1199712949795
7	1199712987525	1199713000779
7	1199713111947	1199713113983
7	1199713122597	1199713125319
7	1199713142904	1199713145715
7	1199713175509	1199713178618
7	1199713179139	1199713180465
7	1199713873266	1199713876520
7	1199714504500	1199714506817
7	1199714515333	1199714517106
7	1199714546688	1199714546992
7	1199714583292	1199714584179
7	1199714637703	1199714640134
7	1199714641646	1199714649437
7	1199714694849	1199714699618
7	1199715141666	1199715142200
7	1199715147889	1199715150827
7	1199715167315	1199715169855
7	1199715175703	1199715176719
7	1199715178335	1199715179740
7	1199715183175	1199715188701
7	1199715192614	1199715194133
7	1199715214302	1199715216887
7	1199715413596	1199715418300
7	1199715520982	1199715535242
7	1199715574483	1199715576885
7	1199715590884	1199715595466
7	1199715600587	1199715607571
7	1199715656901	1199715659726
7	1199715680268	1199715690909
7	1199715691949	1199715694992
7	1199715705350	1199715719975
7	1199715743991	1199715753646
7	1199715756280	1199715757983
7	1199715821618	1199715826433
7	1199715827192	1199715829268
7	1199715829787	1199715832444
7	1199715858356	1199715860251
7	1199715872578	1199715873963
7	1199715877876	1199715880194
7	1199715889813	1199715897351
7	1199715957620	1199715958412
7	1199716008560	1199716010104
7	1199716011958	1199716016705
7	1199716017895	1199716019903
7	1199716028343	1199716028746
7	1199716103518	1199716105962
7	1199716110673	1199716114119
7	1199716138916	1199716148344
7	1199716169627	1199716178596
7	1199716179603	1199716184578
7	1199716187730	1199716197706
7	1199716239425	1199716241601
7	1199717581235	1199717582415
7	1199717834913	1199717838545
7	1199717851282	1199717855117
7	1199717988565	1199717992983
7	1199718006534	1199718014618
7	1199718015911	1199718021945
7	1199718178428	1199718187723
7	1199718210342	1199718222185
7	1199718243669	1199718269664
7	1199718270433	1199718274211
7	1199718315935	1199718325247
7	1199718331547	1199718345392
7	1199718346554	1199718354689
7	1199730935778	1199730943225
7	1199730947340	1199730960153
7	1199731835595	1199731852578
7	1199732149266	1199732151828
7	1199732195359	1199732197506
7	1199732416815	1199732420300
7	1199732465459	1199732467552
7	1199732470988	1199732474170
7	1199732485434	1199732490231
7	1199732491662	1199732498742
7	1199732504849	1199732507127
7	1199732620752	1199732637300
7	1199732642213	1199732653898
7	1199732658265	1199732671266
7	1199732694271	1199732696828
7	1199732702676	1199732710928
7	1199732719614	1199732722333
7	1199732723212	1199732726620
7	1199732796615	1199732808908
7	1199732841307	1199732850857
7	1199732855588	1199732864717
7	1199732894697	1199732896792
7	1199732992460	1199732997969
7	1199733001156	1199733012435
7	1199733018195	1199733025667
7	1199733236625	1199733246737
7	1199733433659	1199733436320
7	1199733453330	1199733454805
7	1199733455422	1199733457541
7	1199733977601	1199733980314
7	1199733981338	1199733983807
7	1199734253241	1199734260854
7	1199734685331	1199734691597
7	1199734803709	1199734816784
7	1199734830350	1199734832509
7	1199734872430	1199734878646
7	1199734997542	1199734999918
7	1199735001343	1199735005230
7	1199735212766	1199735222146
7	1199735507570	1199735510322
7	1199735612745	1199735616856
7	1199736396167	1199736398609
7	1199736757608	1199736760576
7	1199736789943	1199736792783
7	1199736816589	1199736817860
7	1199736842777	1199736850748
7	1199737167316	1199737167637
7	1199737202587	1199737207683
7	1199737224627	1199737225514
7	1199737228785	1199737236739
7	1199737264512	1199737268981
7	1199737462728	1199737471741
7	1199737559813	1199737568576
7	1199737803953	1199737806993
7	1199737810152	1199737811385
7	1199737812138	1199737815491
7	1199737839318	1199737841222
7	1199737845465	1199737848870
7	1199737965484	1199737967300
7	1199738164532	1199738166714
7	1199738197896	1199738200121
7	1199738218934	1199738221579
7	1199738898108	1199738902204
7	1199739529865	1199739531491
7	1199739743281	1199739744571
7	1199739747126	1199739757652
7	1199740360750	1199740363705
7	1199740403544	1199740404163
7	1199740407344	1199740409322
7	1199740423363	1199740424657
7	1199740513884	1199740516250
7	1199740522654	1199740523709
7	1199740923263	1199740931161
7	1199741108334	1199741118311
7	1199741122221	1199741127549
7	1199741129774	1199741134944
7	1199741143282	1199741177272
7	1199741179893	1199741185768
7	1199741186531	1199741193103
7	1199741194134	1199741209700
7	1199742175994	1199742179425
7	1199742227622	1199742229792
7	1199742310934	1199742315185
7	1199742342117	1199742344489
7	1199742446318	1199742450476
7	1199742604207	1199742606255
7	1199742630713	1199742631574
7	1199742908257	1199742910428
7	1199742913219	1199742919885
7	1199742922627	1199742925350
7	1199743013198	1199743015574
7	1199743064712	1199743072560
7	1199743191604	1199743194359
7	1199743215163	1199743220683
7	1199743300785	1199743302734
7	1199743435887	1199743447818
7	1199744324126	1199744330695
7	1199745082144	1199745088880
7	1199745141198	1199745146752
7	1199745163697	1199745166331
7	1199745170793	1199745175503
7	1199745440872	1199745445704
7	1199746339332	1199746340754
7	1199746353620	1199746353876
7	1199746360293	1199746371737
7	1199746666222	1199746668437
8	1199687539489	1199687542741
8	1199687715496	1199687724947
8	1199694100529	1199694104529
8	1199694117529	1199694120359
8	1199694538574	1199694541305
8	1199694583302	1199694588602
8	1199699048515	1199699052350
8	1199699689792	1199699693297
8	1199699695300	1199699701392
8	1199699711797	1199699715915
8	1199699819347	1199699825500
8	1199699827363	1199699832274
8	1199699897574	1199699900988
8	1199699949650	1199699961288
8	1199700006368	1199700011627
8	1199700216481	1199700220942
8	1199700222730	1199700227176
8	1199700625139	1199700629942
8	1199700646622	1199700648661
8	1199700936121	1199700941211
8	1199701103981	1199701108533
8	1199701156378	1199701159479
8	1199701177975	1199701191677
8	1199701218708	1199701219403
8	1199704541126	1199704544477
8	1199707224469	1199707228636
8	1199707332598	1199711758652
8	1199711957934	1199712952701
8	1199715482693	1199715498647
8	1199715499534	1199715501998
8	1199715506827	1199715509630
8	1199715519683	1199715521502
8	1199716300255	1199716303447
8	1199716315672	1199716325421
8	1199716349625	1199716353498
8	1199717579313	1199717583180
8	1199717836329	1199717838790
8	1199717990381	1199717992729
8	1199718291979	1199718295974
8	1199718307465	1199718310448
8	1199718378905	1199718382304
8	1199732125723	1199732132256
8	1199732297415	1199732301606
8	1199732302480	1199732304618
8	1199732406760	1199732417600
8	1199732433349	1199732435698
8	1199732448837	1199732452684
8	1199732457264	1199732467930
8	1199732583620	1199732585148
8	1199732607334	1199732612174
8	1199732612934	1199732622831
8	1199732627817	1199732629796
8	1199732638419	1199732643749
8	1199732660583	1199732664440
8	1199732668657	1199732669287
8	1199732685674	1199732686425
8	1199732692411	1199732695899
8	1199732719853	1199732724731
8	1199732725997	1199732727520
8	1199732760879	1199732770783
8	1199732771664	1199732779167
8	1199732794552	1199732798509
8	1199732807397	1199732811214
8	1199732832256	1199732842303
8	1199732861895	1199732872571
8	1199734844566	1199734847492
8	1199734861596	1199734864867
8	1199741083621	1199741084267
8	1199741086243	1199741090567
8	1199741095144	1199741106113
8	1199741106497	1199741108920
8	1199741207791	1199741211942
8	1199742172907	1199742176875
8	1199742324535	1199742325327
8	1199742600286	1199742603958
8	1199742682547	1199742687642
8	1199742774703	1199742783536
8	1199743092353	1199743095509
8	1199743866137	1199743871525
9	1199687721513	1199687725193
9	1199694540363	1199694541686
9	1199698790828	1199698792709
9	1199699048128	1199699050123
9	1199699713232	1199699723407
9	1199699745355	1199699756684
9	1199699758921	1199699778618
9	1199699816610	1199699824619
9	1199699938609	1199699963260
9	1199699969736	1199699972339
9	1199699980471	1199699986763
9	1199700088604	1199700122546
9	1199700157846	1199700160111
9	1199700175453	1199700182398
9	1199700191574	1199700206560
9	1199700211483	1199700220337
9	1199700223200	1199700235657
9	1199700236529	1199700256618
9	1199700273674	1199700289364
9	1199700293286	1199700305602
9	1199700306609	1199700310643
9	1199700322760	1199700327960
9	1199700328353	1199700345559
9	1199700351575	1199700354335
9	1199700354702	1199700357237
9	1199700363753	1199700368617
9	1199700374288	1199700377859
9	1199700379275	1199700389131
9	1199700390413	1199700395838
9	1199700419511	1199700422273
9	1199700439307	1199700443390
9	1199700446481	1199700448944
9	1199700453606	1199700458690
9	1199700465884	1199700471613
9	1199700475224	1199700477504
9	1199700487675	1199700492747
9	1199700493114	1199700504634
9	1199700507272	1199700515846
9	1199700521648	1199700528719
9	1199700538689	1199700539116
9	1199700542428	1199700549981
9	1199700556871	1199700558453
9	1199700572572	1199700575316
9	1199700583731	1199700589698
9	1199700599228	1199700606626
9	1199700607201	1199700609331
9	1199700614736	1199700617262
9	1199700624903	1199700630438
9	1199700633757	1199700640542
9	1199700658949	1199700665863
9	1199700667273	1199700668704
9	1199700679164	1199700684243
9	1199700699584	1199700702887
9	1199700710711	1199700714231
9	1199700734975	1199700742850
9	1199700743137	1199700747524
9	1199700747884	1199700754739
9	1199700759620	1199700760234
9	1199700760475	1199700763746
9	1199700776542	1199700776787
9	1199700784136	1199700793803
9	1199700797496	1199700800431
9	1199700822381	1199700827621
9	1199700830385	1199700836116
9	1199700863102	1199700865259
9	1199700866404	1199700868571
9	1199700881699	1199700885232
9	1199700888109	1199700890264
9	1199700898264	1199700904116
9	1199700904486	1199700907182
9	1199700907426	1199700921341
9	1199700921600	1199700930373
9	1199700934970	1199700949403
9	1199701157912	1199701162397
9	1199701167652	1199701168737
9	1199701174183	1199701184654
9	1199701184990	1199701189259
9	1199701225817	1199701228211
9	1199715350997	1199715354478
9	1199715366216	1199715368409
9	1199715773352	1199715774931
9	1199716348874	1199716351833
9	1199732126972	1199732129208
9	1199732302841	1199732305873
9	1199732736751	1199732737627
9	1199732866499	1199734851443
9	1199734900814	1199734904213
9	1199735049809	1199735052990
9	1199735210347	1199735213587
9	1199741205574	1199741211238
9	1199742161564	1199742166557
9	1199742599863	1199742601799
10	1199687351251	1199687353220
10	1199704315278	1199704316144
10	1199704329599	1199704337252
10	1199704346730	1199704354678
10	1199704356595	1199704367440
10	1199705735753	1199705740712
10	1199707481736	1199707484806
10	1199707538330	1199707542696
10	1199707888106	1199707890490
10	1199707894172	1199707967967
10	1199707968838	1199707971190
10	1199707971557	1199707973333
10	1199707976398	1199707978661
10	1199708023793	1199708025787
10	1199709015307	1199709017115
10	1199709111963	1199709114189
10	1199710160658	1199710161650
10	1199710164517	1199710167698
10	1199710194726	1199710197381
10	1199711200733	1199711202130
10	1199711583137	1199711588570
10	1199711605672	1199711608544
10	1199711645811	1199711648971
10	1199713157263	1199713158599
10	1199713211731	1199713215226
10	1199713928777	1199713937601
10	1199714282765	1199714285827
10	1199714303355	1199714308599
10	1199714342714	1199714345597
10	1199714348634	1199714350628
10	1199714352134	0
11	1199687232387	1199687235617
11	1199687240892	1199687244775
11	1199687282338	1199687285618
11	1199687287102	1199687289332
11	1199687404206	1199687406976
11	1199687728610	1199687731623
11	1199704364216	1199704373672
11	1199704380585	1199704384607
11	1199704401405	1199704403434
11	1199704470608	1199704474390
11	1199704725161	1199704729727
11	1199704748207	1199704756143
11	1199704800385	1199704805573
11	1199704842263	1199704844421
11	1199705012624	1199705018541
11	1199705031831	1199705033475
11	1199705034402	1199705037677
11	1199705070895	1199705072937
11	1199705360889	1199705366685
11	1199705371316	1199705373629
11	1199705387655	1199705389815
11	1199705408220	1199705411542
11	1199705420349	1199705421244
11	1199705468568	1199705468939
11	1199705496626	1199705497982
11	1199705509871	1199705510855
11	1199705707630	1199705710667
11	1199705713715	1199705716852
11	1199705774627	1199705778881
11	1199705780163	1199705782199
11	1199705802813	1199705808588
11	1199705919837	1199705921842
11	1199706427639	1199706429466
11	1199706819825	1199706821856
11	1199706822864	1199706828635
11	1199707261473	1199707270711
11	1199707346232	1199707348243
11	1199707373573	1199707379635
11	1199707407934	1199707409984
11	1199707411376	1199707413367
11	1199707426388	1199707427349
11	1199707429341	1199707431213
11	1199707477595	1199707535313
11	1199707535577	1199707543560
11	1199707561162	1199707562833
11	1199707563704	1199707566225
11	1199707664262	1199707669700
11	1199708021872	1199708024499
11	1199708077189	1199708086717
11	1199708089420	1199708095235
11	1199708654728	1199708664951
11	1199708687792	1199708689856
11	1199709008907	1199709010964
11	1199709016227	1199709115310
11	1199709118146	1199709123613
11	1199709815960	1199709820593
11	1199710064576	1199710070617
11	1199710084498	1199710086658
11	1199710104547	1199710109584
11	1199710164133	1199710166428
11	1199710166811	1199710169979
11	1199710199450	1199710202528
11	1199711078691	1199711079584
11	1199711129601	1199711132340
11	1199711138618	1199711140290
11	1199711150789	1199711152776
11	1199711163609	1199711164588
11	1199711183572	1199711186116
11	1199711200317	1199711203434
11	1199711292624	1199711294217
11	1199711324702	1199711326760
11	1199711353605	1199711358369
11	1199711377122	1199711384534
11	1199711549619	1199711555213
11	1199711572453	1199711577766
11	1199711579529	1199711580889
11	1199711588922	1199711594471
11	1199711600363	1199711611912
11	1199711751894	1199711753919
11	1199711931318	1199711933122
11	1199712566114	1199712568112
11	1199712787848	1199712789862
11	1199712790446	1199712795694
11	1199713050889	1199713052642
11	1199713072487	1199713074931
11	1199713226615	1199713228338
11	1199713934684	1199713938707
11	1199713945371	1199713951622
11	1199713951946	1199713954345
11	1199713957673	1199713963417
11	1199714282254	1199714291608
11	1199714299411	1199714313290
11	1199714320642	1199714350158
12	1199687551372	1199687553715
12	1199687557111	1199687558762
12	1199687558990	1199687572852
12	1199704737575	1199704738999
12	1199704795793	1199704797707
12	1199705030153	1199705034638
12	1199705424339	1199705426707
12	1199705427895	1199705429964
12	1199705439492	1199705442108
12	1199705698552	1199705701820
12	1199706427368	1199706437575
12	1199706783892	1199706788114
12	1199706812864	1199706816625
12	1199707409662	1199707414103
12	1199707460511	1199707462946
12	1199708807699	1199708810925
12	1199718565158	1199718567585
12	1199718714252	0
13	1199687096949	1199687100683
13	1199687551969	1199687559474
13	1199705749984	1199705758116
13	1199707785470	1199707788664
14	1199687713553	1199694103558
14	1199699047299	1199699049275
14	1199699743978	1199699747369
14	1199699846394	1199699848703
14	1199699937261	1199699950541
14	1199700087974	1199700091358
14	1199700933153	1199700936404
14	1199700981343	1199700983793
14	1199706846896	1199706849934
14	1199707225460	1199707227527
14	1199711494269	1199711506364
14	1199711571597	1199711572942
14	1199711578521	1199711580400
14	1199711580644	1199711582640
14	1199711662337	1199711673672
14	1199711710429	1199711712732
14	1199711803366	1199711809662
14	1199711983245	1199711986684
14	1199712018482	1199712021333
14	1199712107116	1199712115691
14	1199712138841	1199712142287
14	1199712166683	1199712169535
14	1199712236774	1199712240743
14	1199712291772	1199712302725
14	1199712460668	1199712462963
14	1199712545131	1199712546396
14	1199712577844	1199712580484
14	1199712581270	1199712583587
14	1199712712818	1199712716165
14	1199712890247	1199712900365
14	1199712950545	1199712952433
14	1199715501380	1199715503952
14	1199716468482	1199716475897
14	1199716489709	1199716492304
14	1199716492559	1199716495622
14	1199716522576	1199716563592
14	1199718293615	1199718308591
14	1199732405434	1199732407681
14	1199732606552	1199732609518
14	1199742160542	1199742162565
14	1199742598172	1199742600911
15	1199687112436	1199687116395
15	1199687528357	1199687533671
15	1199687541345	1199687543516
15	1199687723537	1199687724703
15	1199694062267	1199694065781
15	1199694102438	1199694105551
15	1199694581538	1199694583798
15	1199698550441	1199698552482
15	1199698720813	1199698722685
15	1199698723381	1199698725762
15	1199698791341	1199698793965
15	1199699046274	1199699049888
15	1199699688876	1199699689521
15	1199699722732	1199699740315
15	1199699777354	1199699779522
15	1199699846114	1199699852326
15	1199699865810	1199699868220
15	1199699868457	1199699870632
15	1199699870952	1199699875758
15	1199699914561	1199699918691
15	1199699937498	1199699943705
15	1199699946434	1199699949409
15	1199699977694	1199699980796
15	1199699994785	1199699997374
15	1199699997905	1199700000385
15	1199700003595	1199700006474
15	1199700045793	1199700046725
15	1199700087554	1199700091117
15	1199700912551	1199700916382
15	1199700938516	1199700940683
15	1199700972572	1199700983360
15	1199701221417	1199701222347
15	1199701224925	1199701227482
15	1199701227664	1199701229668
15	1199701320586	1199701323299
15	1199704391118	1199704397782
15	1199704538777	1199704541782
15	1199704584576	1199704585795
15	1199704594310	1199704596375
15	1199704601663	1199704607391
15	1199704643284	1199704644422
15	1199704644667	1199704647356
15	1199705112600	1199705119286
15	1199706846490	1199706852413
15	1199707225980	1199707228343
15	1199707330905	1199707333546
15	1199709021801	1199709024346
15	1199711166302	1199711171500
15	1199711181557	1199711187515
15	1199711289354	1199711291375
15	1199711305992	1199711309715
15	1199711571945	1199711577529
15	1199711649212	1199711656625
15	1199711663226	1199711666688
15	1199711763927	1199711766205
15	1199711956486	1199711962776
15	1199712021588	1199712030636
15	1199712042354	1199712047616
15	1199712104954	1199712108548
15	1199712132640	1199712137960
15	1199712614783	1199712883363
15	1199712890626	1199712900793
15	1199712901923	1199712904125
15	1199712931546	1199712933145
15	1199712934507	1199712938184
15	1199715297506	1199715298903
15	1199715350106	1199715352145
15	1199715373277	1199715375546
15	1199715771460	1199715773850
15	1199716326931	1199716334324
15	1199716348627	1199716351459
15	1199716365609	1199716366445
15	1199716462877	1199716467729
15	1199716502758	1199716519946
15	1199716522313	1199716540992
15	1199716542753	1199716545162
15	1199716552729	1199716555442
15	1199717107529	1199717114260
15	1199718293874	1199718294893
15	1199718306378	1199718308960
15	1199718380680	1199718381936
15	1199730923460	1199730926526
15	1199732109257	1199732112491
15	1199732124707	1199732128705
15	1199732304272	1199732307151
15	1199732605526	1199732608351
15	1199732877603	1199732880713
15	1199734845102	1199734848116
15	1199734902779	1199734905758
15	1199734912727	1199734913623
15	1199735051352	1199735053282
15	1199735209257	1199735212492
15	1199741231517	1199741237773
15	1199742159275	1199742164518
16	1199687111309	1199687114920
16	1199700932390	1199700934731
16	1199701222255	1199701223212
16	1199701223881	1199701226811
16	1199704389943	1199704393606
16	1199705010681	1199705014407
16	1199705015552	1199705018826
16	1199706845751	1199706848277
16	1199707972496	1199707977277
16	1199708052615	1199708054397
16	1199708073823	1199708077703
16	1199708653181	1199708656498
16	1199708817676	1199708818157
16	1199708818921	1199708825758
16	1199708826566	1199708828245
16	1199708828294	1199708834620
16	1199710093977	1199710097248
16	1199710103945	1199710110922
16	1199710129419	1199710132205
16	1199711548961	1199711554645
16	1199711622734	1199711625407
16	1199711763768	1199711766893
16	1199716331605	1199716366748
16	1199716627346	1199716629386
16	1199716641595	1199716642899
16	1199716999790	1199717014573
16	1199717016195	1199717020388
16	1199717577368	1199717579584
16	1199730923740	1199730925752
16	1199732110382	1199732111147
16	1199732877323	1199732879288
16	1199734902575	1199734904847
17	1199687230857	1199687232115
17	1199687288789	1199687289956
17	1199687305251	1199687307371
17	1199687352481	1199687355233
17	1199687403442	1199687406309
17	1199687409711	1199687414728
17	1199687578598	1199687726319
17	1199687729410	1199687732264
17	1199700219847	1199700222833
17	1199700267894	1199700270509
17	1199700301234	1199700303843
17	1199704305935	1199704313655
17	1199704383331	1199704385487
17	1199704388288	1199704392807
17	1199704485317	1199704485943
17	1199704487671	1199704490146
17	1199704490383	1199704492652
17	1199704584913	1199704591475
17	1199704594543	1199704596756
17	1199704635961	1199704638352
17	1199705012321	1199705019184
17	1199705701625	1199705706846
17	1199707345725	1199707350140
17	1199707445435	1199707449250
17	1199707478884	1199707485769
17	1199707656602	1199707664669
17	1199707670485	1199707673290
17	1199707908331	1199707916703
17	1199708075743	1199708079280
17	1199708090991	1199708093952
17	1199708810134	1199708820278
17	1199708845369	1199708851653
17	1199708851977	1199708854370
17	1199708858974	1199708868554
17	1199708870986	1199708876808
17	1199708877311	1199708885828
17	1199708888335	1199708890129
17	1199708893627	1199708902728
17	1199708926130	1199708929811
17	1199709109382	1199709112200
17	1199711435649	1199711436837
17	1199711608923	1199711613894
17	1199713161273	1199713163408
17	1199713935798	1199713938928
17	1199714360305	1199714363398
17	1199718550251	1199718552962
17	1199718717291	1199718720582
17	1199718721947	1199718731594
18	1199687575156	1199687584584
18	1199687730705	1199700155310
18	1199700164774	1199700165203
18	1199700168344	1199700171281
18	1199700269336	1199700286301
18	1199700286820	1199700292350
18	1199700292914	1199700295453
18	1199704434841	1199704437529
18	1199704550645	1199704554117
18	1199705743650	1199705747665
18	1199705757655	1199705760369
18	1199707511662	1199707520252
18	1199707521149	1199707525988
18	1199707528349	1199707528727
18	1199707530158	1199707559629
18	1199707565601	1199707587446
18	1199707587824	1199707588970
18	1199707596487	1199707602240
18	1199707613887	1199707647291
18	1199707668640	1199707678661
18	1199707681370	1199707683242
18	1199707684276	1199707688950
18	1199707902261	1199707905707
18	1199707906843	1199707911948
18	1199708640351	1199708642193
18	1199708666892	1199708691214
18	1199708692472	1199708718279
18	1199708721612	1199708749715
18	1199708773157	1199708783633
18	1199708880119	1199708885576
18	1199708886845	1199708892579
18	1199708893881	1199708896251
18	1199708924132	1199708931211
18	1199708939293	1199708941274
18	1199713209468	1199713211250
18	1199718459370	1199718464539
18	1199718468370	1199718476699
18	1199718548361	1199718549991
18	1199718570368	1199718578248
18	1199718609606	1199718612366
18	1199718629340	1199718631884
18	1199718634761	1199718643570
18	1199719300166	1199719306625
19	1199687520493	1199687522521
19	1199687524424	1199687528106
19	1199702955347	1199702956341
19	1199706036654	1199706040128
19	1199706088621	1199706090649
19	1199706098532	1199706100644
19	1199708498992	1199708506694
19	1199708566168	1199708571571
19	1199708579617	1199708580745
19	1199708784135	1199708786336
19	1199708786960	1199708789240
19	1199708790119	1199708800590
19	1199708821294	1199708828976
19	1199708855568	1199708863177
19	1199708922270	1199708925762
19	1199708970589	1199708974613
19	1199708992851	1199708994372
19	1199709113555	1199709116291
19	1199709117571	1199709118891
19	1199709242649	1199709244115
19	1199709246123	1199709252798
19	1199709261663	1199709266646
19	1199709270726	1199709280671
19	1199709293598	1199709299293
19	1199709415291	1199709419265
19	1199709565625	1199709566351
19	1199709593906	1199709599531
19	1199709628319	1199709633613
19	1199709704338	1199709705641
19	1199709810855	1199709814817
19	1199709908368	1199709911861
19	1199709939586	1199709943924
19	1199710027279	1199710032365
19	1199710035224	1199710043219
19	1199711139485	1199711146639
19	1199711234275	1199711239379
19	1199711265606	1199711271733
19	1199711271983	1199711276861
19	1199711291699	1199711299617
19	1199711302553	1199711304864
19	1199717031777	1199717034744
20	1199687516564	1199687519402
20	1199687525305	1199687528636
20	1199687711488	1199687715785
20	1199702120323	1199702126704
20	1199702127464	1199702136569
20	1199702939751	1199702959261
20	1199702960208	1199702961285
20	1199702987440	1199702994284
20	1199702995716	1199703020649
20	1199703024403	1199703031431
20	1199703041790	1199703049210
20	1199703054699	1199703060726
20	1199703080338	1199703093597
20	1199703216655	1199703224598
20	1199703283129	1199703285288
20	1199703394722	1199703398453
20	1199703412174	1199703414653
20	1199703466997	1199703469270
20	1199703711755	1199703717569
20	1199703761463	1199703769398
20	1199703808139	1199703810625
20	1199704085633	1199704091562
20	1199704117705	1199704125583
20	1199704176587	1199704180632
20	1199704255156	1199704261634
20	1199704299942	1199704304950
20	1199704363681	1199704371895
20	1199704476214	1199704482755
20	1199704492886	1199704494908
20	1199704538497	1199704540790
20	1199704687153	1199704693418
20	1199705020925	1199705026744
20	1199705393680	1199705401767
20	1199705417598	1199705509870
20	1199705511925	1199705519651
20	1199705659257	1199705665839
20	1199705672697	1199705683239
20	1199705944636	1199705955783
20	1199706015274	1199706017177
20	1199706018452	1199706029634
20	1199706032264	1199706040825
20	1199706046677	1199706049341
20	1199706054221	1199706063747
20	1199706088349	1199706090401
20	1199706098915	1199706101154
20	1199706152767	1199706169401
20	1199706305521	1199706307727
20	1199706308494	1199706313218
20	1199706318699	1199706321430
20	1199706321888	1199706325189
20	1199706326298	1199706329722
20	1199706493573	1199706496913
20	1199706505665	1199706509697
20	1199706999163	1199707002321
20	1199707100593	1199707103332
20	1199707583519	1199707593720
20	1199708566756	1199708568834
20	1199708613800	1199708614691
20	1199708636636	1199708647652
20	1199708707998	1199708715526
20	1199708821545	1199708827244
20	1199708835771	1199708840983
20	1199708856445	1199708858728
20	1199708919915	1199708923890
20	1199708929345	1199708930307
20	1199708940777	1199708944322
20	1199708944978	1199708947418
20	1199708960866	1199708965643
20	1199708976153	1199708980734
20	1199708982107	1199708987622
20	1199708990950	1199708996532
20	1199708998583	1199709004637
20	1199709028963	1199709041368
20	1199709075831	1199709080389
20	1199709080415	1199709089622
20	1199709160271	1199709164501
20	1199709169923	1199709174633
20	1199709211356	1199709215349
20	1199709219443	1199709225641
20	1199709234345	1199709237422
20	1199709293849	1199709296351
20	1199709351788	1199709356296
20	1199709514826	1199709517740
20	1199709670316	1199709674140
20	1199709727331	1199709729375
20	1199709806394	1199709808576
20	1199709883244	1199709888635
20	1199709891243	1199709893154
20	1199710011708	1199710015487
20	1199710017638	1199710019927
20	1199710041589	1199710045953
20	1199710204317	1199710211950
20	1199710217534	1199710228568
20	1199710237596	1199710239380
20	1199710239634	1199710245573
20	1199710248341	1199710251545
20	1199710307239	1199710313572
20	1199710316345	1199710319198
20	1199710404789	1199710406190
20	1199710494948	1199710500619
20	1199710602756	1199710607101
20	1199710614525	1199710622384
20	1199711137674	1199711140217
20	1199711163973	1199711171797
20	1199711172629	1199711180542
20	1199711209480	1199711232287
20	1199711232911	1199711237263
20	1199711240406	1199711253493
20	1199711260557	1199711277128
20	1199711277417	1199711283364
20	1199711310704	1199711310740
20	1199711323283	1199711333598
20	1199711372509	1199711396699
20	1199711396974	1199711404441
20	1199711404694	1199711410225
20	1199711410996	1199711442541
20	1199711523314	1199711543556
20	1199711548130	1199711560418
20	1199711561990	1199711574633
20	1199711627345	1199711639700
20	1199711640227	1199711643787
20	1199711644260	1199711650226
20	1199711650467	1199711698380
20	1199711699104	1199711779654
20	1199711784897	1199711793973
20	1199711801198	1199711830239
20	1199711830462	1199711832719
20	1199711843565	1199711863511
20	1199711867720	1199711885458
20	1199711888669	1199711903935
20	1199711905288	1199711945601
20	1199711979665	1199711990492
20	1199711999294	1199712122312
20	1199712133323	1199712135936
20	1199712136435	1199712183589
20	1199712186765	1199712189348
20	1199712190298	1199712239884
20	1199712251599	1199712254391
20	1199712268645	1199712271261
20	1199712273699	1199712277652
20	1199712278157	1199712280238
20	1199712305762	1199712308270
20	1199712308881	1199712311133
20	1199712312904	1199712323660
20	1199712336638	1199712364500
20	1199712365543	1199712370691
20	1199712382793	1199712444229
20	1199712533500	1199712541394
20	1199712564838	1199712574860
20	1199712710715	1199712716426
20	1199713648808	1199713654771
20	1199713679578	1199713682242
20	1199713888911	1199713891304
20	1199713893164	1199713895887
20	1199713960177	1199713968545
20	1199713974314	1199713985625
20	1199714259958	1199714261911
20	1199714329478	1199714344733
20	1199714350393	1199714359621
20	1199714478763	1199714484850
20	1199714486470	1199714489898
20	1199714496409	1199714501954
20	1199714529553	1199714532593
20	1199714532972	1199714534376
20	1199714550578	1199714558213
20	1199714623227	1199714634280
20	1199714651429	1199714654878
20	1199715246242	1199715251565
20	1199715260666	1199715265568
20	1199715272371	1199715277735
20	1199715280334	1199715281897
20	1199715286288	1199715295994
20	1199715298438	1199715305860
20	1199715328842	1199715334130
20	1199715348322	1199715353965
20	1199715390599	1199715397964
20	1199715404189	1199715406612
20	1199715416515	1199715418936
20	1199715464587	1199715465310
20	1199715465682	1199715468421
20	1199715491104	1199715493655
20	1199715508186	1199715515603
20	1199715520212	1199715525200
20	1199715552351	1199715556567
20	1199715651637	1199715654377
20	1199715661374	1199715668577
20	1199715736529	1199715736784
20	1199715762128	1199715764253
20	1199715774421	1199715776520
20	1199715855646	1199715856131
20	1199716066746	1199716068930
20	1199716412122	1199716421241
20	1199716424804	1199716427142
20	1199716433634	1199716434246
20	1199716438794	1199716442439
20	1199716450778	1199716462480
20	1199716462825	1199716471960
20	1199716474903	1199716479318
20	1199716479688	1199716488958
20	1199717021351	1199717023769
20	1199717032575	1199717035326
20	1199717045671	1199717050803
20	1199717051532	1199717054854
20	1199717055110	1199717057541
20	1199717096651	1199717101321
20	1199717114539	1199717124588
20	1199717125263	1199717130644
20	1199717328947	1199717334612
20	1199717800983	1199717803937
20	1199718071653	1199718072855
20	1199718122993	1199718126312
20	1199718136269	1199718141404
20	1199718142964	1199718195393
20	1199718195671	1199718201602
20	1199718328787	1199718330409
20	1199727847577	1199727857624
20	1199727881288	1199727884293
20	1199727896212	1199727900717
20	1199727914525	1199727926115
20	1199727932459	1199727934709
20	1199727934985	1199727947278
20	1199727949220	1199727951673
20	1199727953439	1199727961952
20	1199727962433	1199727965191
21	1199687509371	1199687510530
21	1199687511653	1199687517428
21	1199687526192	1199687529160
21	1199702123546	1199702126818
21	1199702960270	1199702989403
21	1199703012770	1199703026335
21	1199703215420	1199703218815
21	1199704301462	1199704366305
21	1199704571984	1199704574322
21	1199704749903	1199704754574
21	1199704757566	1199704764579
21	1199704774367	1199704776643
21	1199704813624	1199704822717
21	1199704823320	1199704830328
21	1199704873616	1199704874781
21	1199704896627	1199704898636
21	1199704917177	1199704918951
21	1199704919448	1199704928109
21	1199704936934	1199704941598
21	1199704944342	1199704945773
21	1199704959456	1199704963227
21	1199704965336	1199704968243
21	1199705172260	1199705174510
21	1199705391601	1199705400623
21	1199705435569	1199705437360
21	1199705455625	1199705457811
21	1199705471297	1199705473720
21	1199705478569	1199705480631
21	1199705486959	1199705489359
21	1199705493718	1199705495273
21	1199705673944	1199705676577
21	1199705676950	1199705678214
21	1199705679230	1199705945719
21	1199705948199	1199705952280
21	1199706034923	1199706038633
21	1199706055214	1199706090144
21	1199707511261	1199707517550
21	1199708511527	1199708514262
21	1199708522576	1199708528757
21	1199708565708	1199708567956
21	1199708583112	1199708585393
21	1199708591625	1199708596632
21	1199708929283	1199708931548
21	1199709022972	1199709033847
21	1199710048335	1199710053362
21	1199710130981	1199710134833
21	1199711120271	1199711123642
21	1199711147344	1199711153382
21	1199711155385	1199711168605
21	1199711219541	1199711219618
21	1199711223457	1199711223825
21	1199711235366	1199711237634
21	1199711238758	1199711240999
21	1199711242670	1199711249205
21	1199711265862	1199711268253
21	1199711269654	1199711273932
21	1199711275109	1199711284870
21	1199711324976	1199711328550
21	1199711328931	1199711374973
21	1199711599831	1199711601553
21	1199711606262	1199711612701
21	1199711614192	1199711627926
21	1199711644244	1199711648230
21	1199711648726	1199711651482
21	1199711683125	1199711691151
21	1199711694283	1199711696464
21	1199711699244	1199711727253
21	1199711729435	1199711741653
21	1199711743622	1199711745176
21	1199711746707	1199711748749
21	1199711752596	1199711778648
21	1199711785791	1199711792590
21	1199711903364	1199711980885
21	1199711982877	1199711986925
21	1199712013675	1199712020544
21	1199712025223	1199712085135
21	1199712085391	1199712103475
21	1199712126910	1199712168120
21	1199712186277	1199712188538
21	1199712193869	1199712195908
21	1199712209665	1199712212901
21	1199712228452	1199712234640
21	1199712272207	1199712275995
21	1199712353636	1199712358705
21	1199712362726	1199712364737
21	1199712380898	1199712397464
21	1199712399112	1199712409818
21	1199712410202	1199712421766
21	1199712424300	1199712426367
21	1199712461827	1199712464210
21	1199712480130	1199712485137
21	1199712530780	1199712532620
21	1199712543358	1199712545756
21	1199712567588	1199712713537
21	1199712714566	1199712719869
21	1199714326445	1199714328716
21	1199714652148	1199714655415
21	1199715263288	1199715268930
21	1199715288438	1199715303547
21	1199715348833	1199715351890
21	1199715389679	1199715396568
21	1199715472486	1199715475168
21	1199715503320	1199715507443
21	1199715527361	1199715532626
21	1199715625287	1199715628724
21	1199715629257	1199715634646
21	1199716220118	1199716224662
21	1199716800578	1199716808427
21	1199717032819	1199717038119
21	1199717113624	1199717116562
21	1199718328351	1199718330791
21	1199727882268	1199727884782
21	1199727962672	1199727966207
22	1199687708827	1199687712819
22	1199699743123	1199699744963
22	1199699779106	1199699782397
22	1199699815182	1199699818596
22	1199699936272	1199699948785
22	1199699998808	1199700005788
22	1199700086544	1199700089348
22	1199702921417	1199702925454
22	1199702961789	1199702964893
22	1199702986779	1199702987971
22	1199703022884	1199703025722
22	1199703098650	1199703100801
22	1199703214923	1199703217414
22	1199704304653	1199704307789
22	1199704329953	1199704331100
22	1199705009672	1199705010961
22	1199705018147	1199705032562
22	1199705043600	1199705047118
22	1199705061115	1199705064379
22	1199705077699	1199705080378
22	1199705111584	1199705114345
22	1199705117806	1199705120533
22	1199705129917	1199705131345
22	1199705206951	1199705208132
22	1199705390950	1199705393416
22	1199705681526	1199705684821
22	1199706086326	1199706089891
22	1199706100292	1199706103973
22	1199707513810	1199707517826
22	1199707581256	1199707583992
22	1199708651887	1199708653965
22	1199709043635	1199709050310
22	1199710044374	1199710047381
22	1199710079494	1199710081610
22	1199710131597	1199710136341
22	1199710136957	1199710138212
22	1199710139852	1199710143702
22	1199710146329	1199710150395
22	1199711119658	1199711121963
22	1199711208124	1199711210140
22	1199712569562	1199712711625
22	1199712951769	1199712954120
22	1199713646968	1199713649446
22	1199714653205	1199714656551
22	1199715263529	1199715267392
22	1199715388735	1199715391333
22	1199716275699	1199716283401
22	1199716410294	1199716416976
22	1199716459671	1199716502378
22	1199716848500	1199716852722
22	1199716858624	1199716861395
22	1199716913891	1199716916457
22	1199716943568	1199716945120
22	1199716947730	1199716952565
22	1199716982363	1199716984812
22	1199717034823	1199717038372
22	1199718315287	1199718320563
22	1199718329238	1199718332554
22	1199727845122	1199727896877
22	1199727964183	1199727967215
22	1199732404506	1199732407455
22	1199732583969	1199732608603
23	1199687083731	1199687086648
23	1199687114337	1199687116899
23	1199694104205	1199694106430
23	1199694113772	1199694115662
23	1199698725414	1199698727265
23	1199699045559	1199699047879
23	1199699724157	1199699726658
23	1199699742435	1199699744343
23	1199700086806	1199700088974
23	1199700913725	1199700915726
23	1199700937639	1199700939384
23	1199701229155	1199701230410
23	1199702114705	1199702137544
23	1199702962550	1199702969748
23	1199703021339	1199703023449
23	1199703213918	1199703216920
23	1199704318822	1199704322345
23	1199704604579	1199704609702
23	1199704638842	1199704643406
23	1199705060591	1199705061764
23	1199705169782	1199705173657
23	1199705205566	1199705207750
23	1199705216470	1199705222315
23	1199705315636	1199705316388
23	1199705682573	1199705689789
23	1199707514581	1199707518456
23	1199707580504	1199707582863
23	1199709046668	1199709050730
23	1199710045421	1199710049584
23	1199710078372	1199710082481
23	1199710092713	1199710095338
23	1199711118641	1199711121715
23	1199711613876	1199711617691
23	1199712511908	1199712516190
23	1199712595583	1199712601687
23	1199712609730	1199712615558
23	1199712616358	1199712631702
23	1199712636434	1199712642644
23	1199712676865	1199712679601
23	1199712686847	1199712693661
23	1199712696715	1199712700397
23	1199712717250	1199712722788
23	1199712749663	1199712753857
23	1199712780168	1199712783487
23	1199712818112	1199712822322
23	1199714653966	1199714656719
23	1199714876274	1199714881331
23	1199715264183	1199715267747
23	1199715269781	1199715272628
23	1199715457950	1199715459946
23	1199716281380	1199716284245
23	1199716337403	1199716341730
23	1199716525726	1199716535638
23	1199716538270	1199716538595
23	1199716539218	1199716541490
23	1199716569655	1199716570551
23	1199716576497	1199716580460
23	1199716596476	1199716610188
23	1199716963521	1199716966847
23	1199717100401	1199717105258
23	1199718411623	1199718415279
23	1199718427741	1199718431132
23	1199727843339	1199727844873
23	1199727883925	1199727886430
23	1199727965686	1199727967872
23	1199735207830	1199735209807
23	1199742158265	1199742162331
24	1199687086389	1199687091693
24	1199687353580	1199687356739
24	1199687737603	1199687740366
24	1199694061715	1199694064530
24	1199694542990	1199694545571
24	1199694548251	1199694554593
24	1199694579421	1199694581294
24	1199698553371	1199698557358
24	1199698711642	1199698713666
24	1199698726257	1199698728746
24	1199698793459	1199698796853
24	1199699044471	1199699047634
24	1199700147752	1199700150617
24	1199700266627	1199700269898
24	1199700303343	1199700307489
24	1199700309251	1199700317732
24	1199700915362	1199700917837
24	1199700929693	1199700932793
24	1199700975233	1199700980689
24	1199701321811	1199701324596
24	1199702114667	1199702119690
24	1199702918667	1199702919825
24	1199702935818	1199702938416
24	1199703099762	1199703105838
24	1199703213417	1199703215686
24	1199704306717	1199704312727
24	1199704317805	1199704321340
24	1199704516655	1199704517366
24	1199704536698	1199704539204
24	1199704553680	1199704559666
24	1199704567633	1199704568130
24	1199704647872	1199704652620
24	1199704658544	1199704664829
24	1199704669700	1199704672864
24	1199704697313	1199704703625
24	1199704706269	1199704720648
24	1199705758370	1199705761926
24	1199706852134	1199706854710
24	1199707227783	1199707231374
24	1199707328201	1199707330520
24	1199707348731	1199707355865
24	1199707423583	1199707426836
24	1199707429101	1199707431484
24	1199707432731	1199707434565
24	1199707440772	1199707443373
24	1199707443757	1199707445938
24	1199707447507	1199707457699
24	1199707464364	1199707466895
24	1199707467813	1199707474811
24	1199707481162	1199707482903
24	1199707611299	1199707615817
24	1199707631822	1199707644830
24	1199707716515	1199707721203
24	1199707746651	1199707751625
24	1199707753281	1199707763665
24	1199707775286	1199707802174
24	1199707805894	1199707814639
24	1199707831676	1199707836442
24	1199707839490	1199707848557
24	1199707851301	1199707856318
24	1199707899611	1199707923482
24	1199707960625	1199707967643
24	1199708053262	1199708057931
24	1199708060735	1199708069673
24	1199708092837	1199708096996
24	1199708239722	1199708242361
24	1199708494921	1199708497829
24	1199708603246	1199708606128
24	1199708633778	1199708638657
24	1199708671521	1199708675651
24	1199708676355	1199708681586
24	1199708897372	1199708903267
24	1199709048408	1199709055828
24	1199710046614	1199710049969
24	1199711117483	1199711121346
24	1199711544646	1199711548667
24	1199711765397	1199711768516
24	1199711953772	1199711956932
24	1199712466892	1199712475317
24	1199712577433	1199712580659
24	1199712615302	1199712617526
24	1199712629538	1199712637676
24	1199712659634	1199712662323
24	1199712663842	1199712664969
24	1199712682264	1199712685823
24	1199712728116	1199712730380
24	1199712734702	1199712737140
24	1199712852534	1199712853983
24	1199712854345	1199712856873
24	1199712868192	1199712873441
24	1199712880679	1199712881775
24	1199712891775	1199712897582
24	1199712935634	1199712938755
24	1199712975615	1199712982746
24	1199713254783	1199713263258
24	1199713263308	1199713271577
24	1199713278163	1199713283259
24	1199713305706	1199713310203
24	1199713315784	1199713317939
24	1199713322694	1199713323550
24	1199713323867	1199713327597
24	1199713333718	1199713341752
24	1199713342455	1199713347989
24	1199713352544	1199713364506
24	1199713365765	1199713376355
24	1199713376716	1199713379817
24	1199713390664	1199713391310
24	1199713393323	1199713395359
24	1199713397872	1199713407586
24	1199713410425	1199713411584
24	1199713412337	1199713450262
24	1199713451293	1199713482290
24	1199713645718	1199713648406
24	1199713874318	1199713887637
24	1199713937334	1199713940447
24	1199713942748	1199713946714
24	1199714319354	1199714325706
24	1199714655135	1199714656975
24	1199714677267	1199714682949
24	1199714898959	1199714903663
24	1199715235642	1199715238356
24	1199715238724	1199715243654
24	1199715386693	1199715389423
24	1199715456815	1199715459571
24	1199716273744	1199716280663
24	1199716366190	1199716368684
24	1199716393409	1199716399857
24	1199716501690	1199716504437
24	1199716521460	1199716523171
24	1199716590765	1199716592701
24	1199716606407	1199716608171
24	1199716637667	1199716640305
24	1199716661651	1199716663553
24	1199716664569	1199716666725
24	1199716676746	1199716679151
24	1199716689349	1199716694120
24	1199716733240	1199716739588
24	1199716776358	1199716777656
24	1199716791320	1199716793520
24	1199716807666	1199716810294
24	1199716842524	1199716846352
24	1199716961765	1199716964416
24	1199716966103	1199716977724
24	1199716988630	1199716994800
24	1199716997365	1199716998586
24	1199717004993	1199717011765
24	1199717069107	1199717071706
24	1199717116274	1199717119423
24	1199717573885	1199717578687
24	1199718414185	1199718417824
24	1199718450196	1199718456853
24	1199718548290	1199718551750
24	1199718731323	1199718734663
24	1199727892728	1199727894829
24	1199730922219	1199730924301
24	1199732110730	1199732113889
24	1199732119480	1199732125371
24	1199732875535	1199732878126
24	1199734904482	1199734907253
24	1199735052617	1199735055952
24	1199735207272	1199735208876
24	1199741236822	1199741239412
25	1199687230385	1199687231352
25	1199687281354	1199687283782
25	1199687304259	1199687306365
25	1199687402148	1199687404461
25	1199695412791	1199695425370
25	1199695429771	1199695432792
25	1199695434846	1199700159358
25	1199700167952	1199700170127
25	1199700201374	1199700202811
25	1199700215606	1199700219610
25	1199700300612	1199700301611
25	1199701324502	1199701326131
25	1199704657384	1199704659824
25	1199705743354	1199705746664
25	1199705786573	1199705791652
25	1199707428605	1199707430268
25	1199707468875	1199707470679
25	1199707576864	1199707594946
25	1199707627532	1199707633723
25	1199707633964	1199707671137
25	1199707671785	1199707695902
25	1199707735765	1199707736938
25	1199707776398	1199707791664
25	1199707907707	1199707907843
25	1199707924824	1199707945934
25	1199708623179	1199708625449
25	1199708672258	1199708683114
25	1199708691284	1199708698660
25	1199708699961	1199708702239
25	1199708752371	1199708757389
25	1199708774291	1199708791895
25	1199708829654	1199708837334
25	1199708837585	1199708842887
25	1199708920404	1199708924374
25	1199708947670	1199708953975
25	1199709107457	1199709110981
25	1199710047656	1199710059113
25	1199713282860	1199713284139
25	1199713288773	1199713289746
25	1199713289990	1199713293115
25	1199713295917	1199713300506
25	1199713479912	1199713480266
25	1199713480795	1199713485794
25	1199713531998	1199713555111
25	1199713555974	1199713564220
25	1199713567563	1199713569555
25	1199713577619	1199713577946
25	1199713580989	1199713587760
25	1199713597344	1199713598309
25	1199713628950	1199713635245
25	1199713937869	1199713941367
25	1199714361534	1199714364326
25	1199714675896	1199714904966
25	1199715234637	1199716337163
25	1199716612450	1199716624684
25	1199716624931	1199716628258
25	1199716963253	1199716966462
25	1199716987906	1199716989990
25	1199717004160	1199717007248
25	1199718396760	1199718398696
25	1199718474628	1199718476955
25	1199718499798	1199718507649
25	1199718695331	1199718699353
25	1199718700867	1199718706282
25	1199718711511	1199718720210
25	1199718873873	1199718881597
25	1199718884348	1199718891823
25	1199718909491	1199718915642
25	1199719301928	1199719307204
26	1199695413727	1199695422913
26	1199695424785	1199695428903
26	1199704723858	1199704726807
26	1199704924570	1199704925351
26	1199705155218	1199705157505
26	1199705168310	1199705169545
26	1199705171517	1199705174273
26	1199705182279	1199705183517
26	1199705184647	1199705190247
26	1199705191727	1199705196559
26	1199705254762	1199705257562
26	1199705264599	1199705265701
26	1199705275112	1199705287312
26	1199705644193	1199705647847
26	1199705650642	1199705660672
26	1199707502813	1199707508632
26	1199707576617	1199707579364
26	1199707661666	1199707666866
26	1199707690574	1199707695575
26	1199707734226	1199707736290
26	1199707840750	1199707843689
26	1199707917287	1199707923210
26	1199707923820	1199707937139
26	1199708630734	1199708633333
26	1199708852213	1199708855816
26	1199710052109	1199710061441
26	1199713161331	1199713165410
26	1199713208284	1199713211490
26	1199716607532	1199716614230
26	1199716953552	1199716960630
26	1199716964444	1199716967103
26	1199716987366	1199716989439
26	1199717002400	1199717004394
26	1199717018848	1199717020119
26	1199717020721	1199717036342
26	1199717036847	1199717039807
26	1199717040159	1199717046382
26	1199717046659	1199717049402
26	1199717137118	1199717142508
26	1199717240654	1199717243589
26	1199717499857	1199717504618
26	1199717872764	1199717879766
26	1199717964958	1199717967877
26	1199717981183	1199717985221
26	1199717992477	1199717997700
26	1199718017331	1199718019201
26	1199718341894	1199718343706
26	1199718363272	1199718365874
26	1199718377912	1199718388610
26	1199718394736	1199718399585
26	1199718442324	1199718447758
26	1199718550534	1199718552558
26	1199718697341	1199718703364
26	1199719282321	1199719289576
26	1199719323580	1199719326269
26	1199719332371	0
27	1199687506977	1199687511282
27	1199687707306	1199687710373
27	1199699796910	1199699800216
27	1199699813742	1199699816302
27	1199699934658	1199699938116
27	1199705051269	1199705054579
27	1199705204550	1199705205840
27	1199705915474	1199705919941
27	1199706085432	1199706087708
27	1199706101407	1199706134968
27	1199706138441	1199706142311
27	1199712464452	1199712466122
27	1199712518344	1199712542211
27	1199712953423	1199712957552
27	1199713071509	1199713075545
27	1199713531251	1199713533720
27	1199713655131	1199714692566
27	1199714739121	1199714743790
27	1199714751743	1199714753354
27	1199714760306	1199714775282
27	1199714809971	1199714819822
27	1199714872307	1199714875763
27	1199714878234	1199714880754
27	1199716451724	1199716460288
27	1199717074461	1199717074855
27	1199717103904	1199718433990
27	1199732403583	1199732405722
27	1199732603280	0
28	1199687080632	1199687082976
28	1199687482775	1199687483701
28	1199687545749	1199687550737
28	1199694107438	1199694115325
28	1199699725775	1199699728396
28	1199699739652	1199699745596
28	1199703015583	1199703026581
28	1199704332736	1199704336133
28	1199704539734	1199704542938
28	1199704608284	1199704612734
28	1199705044204	1199705054820
28	1199705131740	1199705138140
28	1199705148924	1199705153280
28	1199705162616	1199705163182
28	1199705165293	1199705173417
28	1199705203150	1199705206348
28	1199705219403	1199705223107
28	1199705308736	1199705318361
28	1199705321308	1199705326409
28	1199705352329	1199705353861
28	1199705386368	1199705392264
28	1199705914614	1199705918481
28	1199705933640	1199705936520
28	1199706132113	1199706135204
28	1199706137960	1199706141687
28	1199707579855	1199707581888
28	1199710051256	1199710063475
28	1199710075610	1199710082978
28	1199712465234	1199712467930
28	1199712473821	1199712476204
28	1199712517967	1199712523671
28	1199712694808	1199712696335
28	1199712750922	1199712754365
28	1199712812606	1199712813708
28	1199712817589	1199712819767
28	1199712820406	1199712823469
28	1199712970882	1199712974292
28	1199713070653	1199713074550
28	1199713356686	1199713359583
28	1199713373629	1199713375197
28	1199713531752	1199713534445
28	1199713582578	1199713585387
28	1199713603913	1199713605808
28	1199713654359	1199713658407
28	1199713731617	1199713734548
28	1199714686652	1199714690657
28	1199714880470	1199714886704
28	1199715266193	1199715268281
28	1199717070564	1199717075944
28	1199718160317	1199718162173
28	1199718162458	1199718167687
28	1199718218900	1199718219587
28	1199718295665	1199718309833
28	1199718331655	1199718337862
28	1199718338754	1199718344613
28	1199718346344	1199718348251
28	1199718371777	1199718372659
28	1199718414578	1199718422704
28	1199718425371	1199718426248
28	1199718432604	1199718434262
28	1199727846194	1199727848316
28	1199727935401	1199727937982
28	1199728037258	1199728039306
28	1199732382412	1199732383956
28	1199735388660	1199735389948
28	1199735392306	1199735394972
28	1199735440135	1199735443697
28	1199735706327	1199735711597
28	1199735874821	1199735876594
28	1199735927158	1199735932621
28	1199735956113	1199735958510
29	1199687079744	1199687081600
29	1199687690763	1199687693250
29	1199694578522	1199694580670
29	1199704307493	1199704318573
29	1199704334822	1199704340126
29	1199705221128	1199705230620
29	1199705695863	1199705697918
29	1199705729457	1199705731608
29	1199705818769	1199705820715
29	1199705913323	1199705937519
29	1199706136312	1199706136753
29	1199707603557	1199707614765
29	1199707797599	1199707798773
29	1199707920928	1199707924572
29	1199708618246	1199708620318
29	1199708840722	1199708842627
29	1199712920848	1199712923955
29	1199712936642	1199712938513
29	1199712972353	1199712977656
29	1199713069459	1199713072247
29	1199713335102	1199713339833
29	1199713373860	1199713410637
29	1199713425858	1199713429486
29	1199713466731	1199713469245
29	1199713476924	1199713479328
29	1199713532632	1199713535198
29	1199713581677	1199713584731
29	1199713604451	1199713606729
29	1199713653148	1199713741420
29	1199716630283	1199716632458
29	1199717012552	1199717018955
29	1199717019496	1199717022647
29	1199718159294	1199718223564
29	1199718423385	1199718426746
29	1199732379882	1199732382804
29	1199735206207	1199735393972
29	1199735956888	1199735959304
30	1199687067213	1199687074615
30	1199687078167	1199687081968
30	1199687117148	1199687119307
30	1199687354700	1199687357103
30	1199687625992	1199687635658
30	1199687743823	1199687745119
30	1199694544394	1199694549360
30	1199694577776	1199694580174
30	1199698556593	1199698559741
30	1199698709915	1199698712539
30	1199698794676	1199698798139
30	1199700224721	1199700227257
30	1199700308498	1199700311146
30	1199700915995	1199700919829
30	1199701231269	1199701235650
30	1199702925533	1199702927574
30	1199704302618	1199704313399
30	1199704534680	1199704537861
30	1199704670293	1199704673888
30	1199705276769	1199705282352
30	1199705646824	1199705655627
30	1199705693400	1199705698170
30	1199705733473	1199705748943
30	1199705777410	1199705783454
30	1199705796828	1199705801156
30	1199705811358	1199705826506
30	1199705830341	1199705833757
30	1199705836113	1199705859586
30	1199705910656	1199705917999
30	1199706134596	1199706139576
30	1199706853534	1199706855794
30	1199707228951	1199707236552
30	1199707349882	1199707424410
30	1199707466236	1199707476123
30	1199707577363	1199707581525
30	1199707900659	1199707905845
30	1199707921579	1199707924323
30	1199707943110	1199707944989
30	1199708240403	1199708243329
30	1199708601955	1199708603968
30	1199708617583	1199708622414
30	1199708622670	1199708623961
30	1199708897104	1199708907237
30	1199708946274	1199708948442
30	1199709049432	1199709109950
30	1199711116586	1199711119258
30	1199711542118	1199711546758
30	1199711767128	1199711770544
30	1199711952715	1199711956217
30	1199712434220	1199712579705
30	1199712700422	1199712939762
30	1199713068221	1199713072675
30	1199713158975	1199713177571
30	1199713189591	1199713192236
30	1199713220573	1199713222408
30	1199713225817	1199713237681
30	1199713265525	1199713275127
30	1199713478230	1199713482614
30	1199713581346	1199713584145
30	1199713652501	1199713655419
30	1199713734104	1199713738511
30	1199713739132	1199713747573
30	1199713872829	1199713876963
30	1199713938476	1199713944636
30	1199714318434	1199714320389
30	1199714656311	1199714658924
30	1199715266464	1199715269123
30	1199715385589	1199715389143
30	1199715455921	1199715459326
30	1199716368330	1199716370344
30	1199716407277	1199716410293
30	1199716628506	1199716632965
30	1199716659175	1199716661909
30	1199716793958	1199716796840
30	1199716988326	1199717015831
30	1199717117986	1199717121260
30	1199717572589	1199717575848
30	1199718221456	1199718225164
30	1199718312799	1199718314655
30	1199718355132	1199718358649
30	1199718397291	1199718449955
30	1199718732731	1199718735931
30	1199727936916	1199727942730
30	1199727967607	1199727970815
30	1199728035452	1199728038969
30	1199730920333	1199730922951
30	1199732111849	1199732115261
30	1199732118345	1199732311997
30	1199732379518	1199732380906
30	1199735053752	1199735057481
30	1199735205413	1199735208212
30	1199735389299	1199735394475
30	1199735925776	1199735927658
30	1199742148352	1199742154740
31	1199687057639	1199687064584
31	1199687064968	1199687068596
31	1199687118802	1199687125613
31	1199687131508	1199687134163
31	1199687160480	1199687162895
31	1199687186589	1199687188903
31	1199687219274	1199687221738
31	1199687227606	1199687247273
31	1199687290700	1199687295568
31	1199687302106	1199687304754
31	1199687355599	1199687357974
31	1199687400363	1199687402939
31	1199687440304	1199687443706
31	1199687585371	1199687587539
31	1199687621382	1199687623304
31	1199687759509	1199687771622
31	1199689346411	1199689356122
31	1199689356754	1199689358905
31	1199689559410	1199689563225
31	1199689563601	1199689573657
31	1199695407274	1199695416506
31	1199695599287	1199695602701
31	1199698518288	1199698523602
31	1199698671990	1199698676441
31	1199698677217	1199698679506
31	1199698680902	1199698692382
31	1199698796588	1199698804528
31	1199700301855	1199700304339
31	1199700309183	1199700731773
31	1199701325354	1199701332788
31	1199701595458	1199701602131
31	1199701618887	1199701626633
31	1199702109751	1199702114963
31	1199702139264	1199702140653
31	1199702142168	1199702145256
31	1199702912856	1199703106881
31	1199703210240	1199703212793
31	1199704300693	1199704303517
31	1199704500916	1199704504947
31	1199704533666	1199704537204
31	1199705658999	1199705662591
31	1199705697133	1199705699730
31	1199705729699	1199705731850
31	1199705811987	1199705826754
31	1199705828362	1199705842715
31	1199705860791	1199705865702
31	1199707519221	1199707562338
31	1199708600135	1199708609105
31	1199708905414	1199708911110
31	1199708928275	1199708957154
31	1199711537590	1199711540351
31	1199711768257	1199711775531
31	1199711950770	1199711954579
31	1199712934858	1199712940330
31	1199713061742	1199713071143
31	1199713481121	1199713483487
31	1199713493731	1199713500618
31	1199713585823	1199713589671
31	1199713599781	1199713612392
31	1199713619649	1199713623606
31	1199713628498	1199713635884
31	1199714317130	1199714319627
31	1199714363765	1199714366782
31	1199714670243	1199714672258
31	1199715451431	1199715458444
31	1199716284489	1199716290494
31	1199716335906	1199716338917
31	1199716389486	1199716394133
31	1199716403975	1199716648797
31	1199716657426	1199716660535
31	1199716795776	1199716798835
31	1199716949365	1199716952810
31	1199718222813	1199718224801
31	1199718310943	1199718313646
31	1199718361619	1199718364762
31	1199718480830	1199718485192
31	1199718733891	1199718738642
31	1199718955381	1199718960751
31	1199719280456	1199719282832
31	1199720407108	1199720412263
31	1199727840555	1199727843993
31	1199727943284	1199727946513
31	1199727970395	1199727976582
31	1199728034321	1199728036993
31	1199730918950	1199730923201
31	1199732113113	1199732314355
31	1199735054912	1199735057865
31	1199735924879	1199735926910
31	1199742144125	0
32	1199687132709	1199687136647
32	1199687150645	1199687152410
32	1199687218804	1199687220611
32	1199687687514	1199687691224
32	1199687745910	1199687763225
32	1199689352592	1199689361594
32	1199695407928	1199695439424
32	1199695598272	1199695600928
32	1199698519572	1199698524671
32	1199698659685	1199698661264
32	1199698691143	1199698692423
32	1199698703938	1199698707106
32	1199698725129	1199698732119
32	1199698796679	1199698799216
32	1199700173791	1199700176623
32	1199700917135	1199700920741
32	1199701592558	1199701592966
32	1199701594115	1199701596619
32	1199701599554	1199701603283
32	1199701618241	1199701621668
32	1199702926545	1199702929215
32	1199705659516	1199705661960
32	1199705726315	1199705732221
32	1199705741386	1199705744140
32	1199705812866	1199705817631
32	1199708240663	1199708244214
32	1199708954227	1199708956282
32	1199709050546	1199710065723
32	1199711438327	1199711439631
32	1199713533940	1199713537781
32	1199713586159	1199713587517
32	1199713598900	1199713602444
32	1199713651985	1199713655846
32	1199714668784	1199714671935
32	1199715229719	1199715234237
32	1199715267664	1199715384477
32	1199715384717	1199715387981
32	1199716518652	1199716519673
32	1199718155957	1199718376418
32	1199718444666	1199718448232
32	1199718481348	1199718485477
32	1199718715869	1199718718339
32	1199718734418	1199718738131
32	1199718872547	1199718873349
32	1199719279545	1199719282565
32	1199742145497	1199742149184
33	1199687488509	1199687494843
33	1199687505218	1199687508482
33	1199687693482	1199687697160
33	1199687706298	1199687708451
33	1199699780816	1199699785692
33	1199699798142	1199699801369
33	1199699808302	1199699810868
33	1199699811130	1199699814789
33	1199699933543	1199699936889
33	1199700048402	1199700052613
33	1199705916743	1199705920994
33	1199705931603	1199705934689
33	1199706059456	1199706086701
33	1199706102555	1199706106220
33	1199706131696	1199706133160
33	1199706139944	1199706143820
33	1199712438870	1199712441357
33	1199712443133	1199712447214
33	1199712463204	1199712465627
33	1199712475668	1199712478474
33	1199712483654	1199712490941
33	1199712492321	1199712494216
33	1199712506669	1199712507789
33	1199712540607	1199712541150
33	1199712546238	1199712550348
33	1199713073493	1199713078105
33	1199713394723	1199713396775
33	1199713530192	1199713533396
33	1199713584399	1199713594649
33	1199713601514	1199713605551
33	1199713656386	1199713662848
33	1199713707121	1199713716295
33	1199713730867	1199713733437
33	1199714691569	1199714711391
33	1199714716643	1199714725303
33	1199714733669	1199714738762
33	1199714762324	1199714767836
33	1199714795433	1199714801655
33	1199714862104	1199714863691
33	1199714869891	1199714874361
33	1199718161468	1199718168361
33	1199718405903	1199718411144
33	1199718412345	1199718414866
33	1199718425667	1199718428757
33	1199718434646	1199718439733
33	1199727933755	1199727936646
33	1199728038425	1199728044627
33	1199732383460	1199732386410
33	1199732402703	1199732404250
33	1199732586612	1199732588633
33	1199732601815	1199732604454
33	1199735393698	1199735397140
33	1199735439673	1199735440975
33	1199735872404	1199735875423
33	1199735954316	1199735957277
34	1199687491176	1199687494224
34	1199687502690	1199687507474
34	1199687694388	1199687709994
34	1199699781837	1199699803100
34	1199699810293	1199699814158
34	1199699932546	1199699935931
34	1199700049138	1199700052866
34	1199705917530	1199705921610
34	1199706083350	1199706087697
34	1199706140823	1199706144638
34	1199712439856	1199712445210
34	1199712484755	1199712489794
34	1199712490459	1199712494726
34	1199712547156	1199712578133
34	1199712582304	1199712586136
34	1199712591648	1199712592479
34	1199712597951	1199712613910
34	1199712614437	1199712616999
34	1199712619798	1199712625616
34	1199712647432	1199712649237
34	1199712650303	1199712668939
34	1199712679973	1199712684687
34	1199712684937	1199712687481
34	1199712704358	1199712713841
34	1199712730869	1199712749908
34	1199712755284	1199712765214
34	1199712766196	1199712768914
34	1199712772190	1199712773907
34	1199712778676	1199712779848
34	1199712781763	1199712787488
34	1199712788798	1199712790861
34	1199712791621	1199712796187
34	1199712829691	1199712832316
34	1199712833641	1199712841223
34	1199712849324	1199712850509
34	1199713101678	1199713108471
34	1199713109865	1199713121424
34	1199713125801	1199713127497
34	1199713129656	1199713135577
34	1199713141872	1199713144818
34	1199713152663	1199713155263
34	1199713155731	1199713157672
34	1199713158160	1199713162298
34	1199713164784	1199713169754
34	1199713172342	1199713173463
34	1199713221576	1199713223633
34	1199713228904	1199713230630
34	1199713237931	1199713240816
34	1199713241220	1199713249215
34	1199713257386	1199713259918
34	1199713314334	1199713329197
34	1199713334356	1199713340839
34	1199713377401	1199713381446
34	1199713391933	1199713399873
34	1199713415161	1199713418528
34	1199713424705	1199713428534
34	1199713443738	1199713448918
34	1199713449175	1199713453562
34	1199713458671	1199713465457
34	1199713482835	1199713484954
34	1199713492585	1199713493202
34	1199713495250	1199713500392
34	1199713503566	1199713509609
34	1199713513644	1199713515416
34	1199713515748	1199713517363
34	1199713517706	1199713520193
34	1199713529442	1199713533803
34	1199713560608	1199713565570
34	1199713705817	1199713713566
34	1199713713923	1199713717878
34	1199713776737	1199713781585
34	1199713798586	1199713799327
34	1199713891558	1199713893487
34	1199714232889	1199714234809
34	1199714295867	1199714298200
34	1199714329858	1199714331116
34	1199714332451	1199714334682
34	1199714742144	1199714744330
34	1199714745406	1199714750636
34	1199714763101	1199714768164
34	1199714784618	1199714785124
34	1199714829487	1199714835518
34	1199714857287	1199714861499
34	1199715182144	1199715183926
34	1199715383828	1199715385828
34	1199715389935	1199715391957
34	1199715550721	1199715552731
34	1199715694714	1199715702645
34	1199716052491	1199716053898
34	1199716127606	1199716131501
34	1199716393770	1199716403219
34	1199716408649	1199716419620
34	1199716420487	1199716422636
34	1199716468232	1199716470338
34	1199716474406	1199716475655
34	1199716477543	1199716484551
34	1199716508709	1199716511661
34	1199716524893	1199716527233
34	1199716536150	1199716544825
34	1199716545434	1199716548725
34	1199716572287	1199716581660
34	1199716587238	1199716603676
34	1199716614474	1199716623250
34	1199716646893	1199716648116
34	1199716677758	1199716679894
34	1199716694280	1199716700244
34	1199716722732	1199716728719
34	1199716740121	1199716742856
34	1199716743736	1199716759343
34	1199716767415	1199716780598
34	1199716781762	1199716790746
34	1199716810619	1199716816108
34	1199716841632	1199716846706
34	1199716892663	1199716898363
34	1199716944968	1199716954477
34	1199716980348	1199716985324
34	1199716987629	1199716998349
34	1199716999310	1199717000529
34	1199717014312	1199717028639
34	1199717053808	1199717062934
34	1199717068488	1199717070847
34	1199717086169	1199717090241
34	1199717099409	1199717103338
34	1199717167263	1199717170731
34	1199717171491	1199717181668
34	1199717420399	1199717422286
34	1199717589696	1199717593504
34	1199717635108	1199717640765
34	1199717811813	1199717814115
34	1199717820153	1199717827562
34	1199717921866	1199717929707
34	1199717935714	1199717946620
34	1199718121697	1199718133636
34	1199718138568	1199718141150
34	1199718297768	1199718303561
34	1199718357433	1199718395240
34	1199718427482	1199718431623
34	1199718431987	1199727857878
34	1199727896637	1199727908656
34	1199727931686	1199727935964
34	1199728039680	1199728047361
34	1199728047984	1199728053216
34	1199728061591	1199728066238
34	1199728078658	1199728079952
34	1199728133339	1199728138789
34	1199728139556	1199728146933
34	1199728469636	1199728479731
34	1199728495795	1199728497972
34	1199728639629	1199728639890
34	1199728698791	1199728700469
34	1199728950127	1199728951746
34	1199728962754	1199728965323
34	1199729071903	1199729076144
34	1199729076392	1199729081552
34	1199729116303	1199729118271
34	1199729183560	1199729187703
34	1199729476360	1199729478531
34	1199729613800	1199729615864
34	1199729799230	1199729803718
34	1199729819653	1199729821823
34	1199729835551	1199729837833
34	1199729955210	1199729959602
34	1199729965667	1199729965923
34	1199729982714	1199729983152
34	1199730005300	1199730008359
34	1199730055747	1199730056984
34	1199730060407	1199730062175
34	1199730113239	1199730118668
34	1199730141561	1199730142696
34	1199730237627	1199730238339
34	1199730277875	1199730279652
34	1199730333602	1199730339624
34	1199730373983	1199730376271
34	1199730381154	1199730383271
34	1199730419267	1199730427272
34	1199730434169	1199730436343
34	1199730515900	1199730517995
34	1199730586136	1199730588559
34	1199730590678	1199730594828
34	1199730600881	1199730602133
34	1199730603391	1199730605928
34	1199730656314	1199730662734
34	1199730781690	1199730784379
34	1199730789890	1199730791258
34	1199730888391	1199730891831
34	1199730907372	1199730909446
34	1199730951658	1199730953495
34	1199731082180	1199731087679
34	1199731109779	1199731111252
34	1199731111507	1199731113538
34	1199731199271	1199731201294
34	1199731206714	1199731207608
34	1199731469785	1199731473813
34	1199731537187	1199731542746
34	1199731574961	1199731576971
34	1199731722125	1199731724574
34	1199731819765	1199731821875
34	1199731827451	1199731830619
34	1199731915509	1199731920607
34	1199731988553	1199731991804
34	1199732005785	1199732022732
34	1199732032465	1199732042252
34	1199732048920	1199732056608
34	1199732062670	1199732067634
34	1199732068662	1199732073566
34	1199732077604	1199732079785
34	1199732137111	1199732141863
34	1199732144335	1199732146522
34	1199732153180	1199732162949
34	1199732163269	1199732165526
34	1199732170868	1199732175624
34	1199732188137	1199732192666
34	1199732195731	1199732197758
34	1199732213129	1199732216889
34	1199732217274	1199732219565
34	1199732231537	1199732233727
34	1199732234460	1199732244685
34	1199732247278	1199732255544
34	1199732340648	1199732348350
34	1199732401920	1199732403890
34	1199732809413	1199732822287
34	1199732845793	1199732850112
34	1199732860247	1199732866104
34	1199732875288	1199732877879
34	1199732890151	1199732892294
34	1199732892649	1199732895101
34	1199732916139	1199732919517
34	1199732944907	1199732948121
34	1199732995694	1199732997724
34	1199733034214	1199733036509
34	1199733076587	1199733079362
34	1199733115578	1199733116700
34	1199733127585	1199733131904
34	1199733654748	1199733655497
34	1199733677171	1199733678828
34	1199733705575	1199733706852
34	1199733711804	1199733713782
34	1199733716777	1199733722727
34	1199733852590	1199733858733
34	1199733884640	1199733886672
34	1199734028613	1199734031643
34	1199734055755	1199734062795
34	1199734106349	1199734113580
34	1199734116340	1199734121120
34	1199734134714	1199734137959
34	1199734141897	1199734150269
34	1199734152336	1199734154131
34	1199734529968	1199734532565
34	1199734797488	1199734801450
34	1199735156828	1199735161422
34	1199735178134	1199735184534
34	1199735201580	1199735204397
34	1199735218754	1199735219597
34	1199735224641	1199735235585
34	1199735239440	1199735242981
34	1199735243608	1199735245887
34	1199735246512	1199735252531
34	1199735262711	1199735263861
34	1199735270319	1199735280839
34	1199735286679	1199735287830
34	1199735290497	1199735292356
34	1199735292843	1199735293971
34	1199735295107	1199735303556
34	1199735306281	1199735307281
34	1199735325324	1199735340361
34	1199735348905	1199735358139
34	1199735361385	1199735363687
34	1199735366348	1199735378939
34	1199735382891	1199735384310
34	1199735394724	1199735406524
34	1199735408681	1199735410649
34	1199735413257	1199735428413
34	1199735429184	1199735431795
34	1199735433606	1199735442406
34	1199735716423	1199735718582
34	1199735807792	1199735813632
34	1199735835501	1199735838175
34	1199735838423	1199735840428
34	1199735841804	1199735851195
34	1199735851716	1199735852812
34	1199735853180	1199735859686
34	1199735867543	1199735875146
34	1199735933790	1199735949635
34	1199735953357	1199735957668
36	1199687491673	1199687493734
36	1199687504850	1199687506482
36	1199699782117	1199699784365
36	1199699796675	1199699802228
36	1199699938841	1199700051589
36	1199700083301	1199705934273
36	1199706141320	1199706143639
36	1199712547555	1199712549179
36	1199712575852	1199712586370
36	1199712586736	1199712594325
36	1199713104727	1199713112235
36	1199713112502	1199713121878
36	1199713141248	1199713156487
36	1199713198202	1199713203955
36	1199713227841	1199713229747
36	1199713250738	1199713261778
36	1199713323259	1199713329432
36	1199713377152	1199713382462
36	1199713390933	1199713400809
36	1199713410850	1199713427383
36	1199713600288	1199713603832
36	1199713697103	1199713708615
36	1199713724394	1199713726894
36	1199716419352	1199716420115
36	1199716523408	1199716525239
36	1199716525984	1199716530657
36	1199716575988	1199716579507
36	1199716592938	1199716595349
36	1199716611194	1199716613619
36	1199716613986	1199716624436
36	1199716626585	1199716628755
36	1199716658556	1199716660300
36	1199716692845	1199716700753
36	1199716725293	1199716726267
36	1199718162869	1199718170283
36	1199732384851	1199732387545
36	1199732587736	1199732589217
36	1199732600545	1199732604896
36	1199735871619	1199735873576
36	1199735953672	1199735956629
37	1199687500990	1199687502449
37	1199687695532	1199687697777
37	1199699783217	1199699786771
37	1199699794678	1199699798833
37	1199699800464	1199699811828
37	1199699926662	1199699927481
37	1199700082265	1199700086173
37	1199705920980	1199705922769
37	1199705930345	1199705933387
37	1199706081956	1199706083918
37	1199706148769	1199706149409
37	1199713343798	1199713346109
37	1199713346377	1199713348486
37	1199713666316	1199713669634
37	1199718177301	1199718188858
37	1199718202622	1199718208892
37	1199718241136	1199718242542
37	1199718252606	1199718253877
37	1199718286774	1199718289319
37	1199718297536	1199718298792
37	1199732386138	1199732388674
37	1199732400129	1199732403208
37	1199732587744	1199732590503
37	1199732594407	1199732603783
39	1199687132990	1199687145888
39	1199687150880	1199687153575
39	1199687159576	1199687162443
39	1199687187630	1199687193596
39	1199687217559	1199687220377
39	1199687441579	1199687444160
39	1199687474869	1199687477593
39	1199687669580	1199687675372
39	1199687686645	1199687689728
39	1199687754694	1199687762993
39	1199689353876	1199689357378
39	1199689359657	1199689362477
39	1199689557145	1199689560892
39	1199695438766	1199695442628
39	1199695596988	1199695600432
39	1199698521387	1199698526901
39	1199698542209	1199698549610
39	1199698558516	1199698561725
39	1199698659329	1199698663167
39	1199698671287	1199698675394
39	1199698685575	1199698689614
39	1199698710416	1199698719589
39	1199698724762	1199698731874
39	1199699678408	1199699680715
39	1199699691385	1199699695556
39	1199700156431	1199700170886
39	1199700171624	1199700181813
39	1199700725632	1199700728624
39	1199701600435	1199701609625
39	1199701616624	1199701620990
39	1199702927582	1199702929962
39	1199704692330	1199704695614
39	1199705659774	1199705662831
39	1199705724690	1199705728594
39	1199706854169	1199706856920
39	1199707432371	1199707436442
39	1199708097883	1199708103684
39	1199708188727	1199708191364
39	1199709051329	1199709056339
39	1199709106684	1199709107916
39	1199710062576	1199710065795
39	1199711115388	1199711118131
39	1199713181153	1199713186908
39	1199713206335	1199713208772
39	1199713534183	1199713536943
39	1199713580306	1199713582910
39	1199713650744	1199713653949
39	1199713869404	1199713870364
39	1199713886403	1199713889560
39	1199714657485	1199714665659
39	1199714668273	1199714672741
39	1199715226788	1199715232948
39	1199715381101	1199715387110
39	1199715906769	1199715909630
39	1199716229718	1199716230685
39	1199716263898	1199716269394
39	1199716270144	1199716275740
39	1199717142250	1199717147689
39	1199718150846	1199718154592
39	1199718155597	1199718158691
39	1199718374353	1199718375798
39	1199718410356	1199718413419
39	1199718445311	1199718448596
39	1199718482108	1199718490794
39	1199718495281	1199718498328
39	1199718516348	1199718525568
39	1199718541919	1199718542749
39	1199718716237	1199718718859
39	1199718822268	1199718822953
39	1199718870924	1199718874509
39	1199719262521	1199719267610
39	1199719272593	1199719275459
39	1199719278657	1199719283860
39	1199719335419	1199719340661
39	1199720394608	1199720395702
39	1199727886901	1199727892235
40	1199687470656	1199687471880
40	1199698569323	1199698571556
40	1199698571926	1199698573156
40	1199698907301	1199698911455
40	1199698986771	1199698997291
40	1199699008813	1199699011551
40	1199699051349	1199699054885
40	1199699113989	1199699115826
40	1199699132678	1199699135838
40	1199699136335	1199699138383
40	1199699266299	1199699268709
40	1199699293103	1199699297658
40	1199699300298	1199699302354
40	1199699303259	1199699305582
40	1199699324581	1199699325968
40	1199699399617	1199699402241
40	1199699411296	1199699416551
40	1199699450599	1199699453332
40	1199699478810	1199699484557
40	1199699494329	1199699496249
40	1199699508935	1199699518624
40	1199699576973	1199699579177
40	1199699614382	1199699621281
40	1199699623254	1199699624293
40	1199699625446	1199699628511
40	1199699632681	1199699640905
40	1199699674520	1199699676543
40	1199699697665	1199699698870
40	1199699916852	1199699921909
40	1199699955513	1199699965679
40	1199699966492	1199699967831
40	1199699968209	1199699970904
40	1199699979116	1199699984447
40	1199700000620	1199700002345
40	1199700012750	1199700019227
40	1199700020223	1199700021995
40	1199700034810	1199700036884
40	1199700050309	1199700067147
40	1199700116778	1199700118570
40	1199700121508	1199700123525
40	1199700124690	1199700125169
40	1199708193258	1199708199173
40	1199708336563	1199708346705
40	1199708350932	1199708358610
40	1199708362928	1199708364668
40	1199708365251	1199708366132
40	1199708369826	1199708375564
40	1199708386426	1199708386585
40	1199708395331	1199708396377
40	1199708396622	1199708402233
40	1199708415962	1199708418153
40	1199708443629	1199708446294
40	1199708453676	1199708460588
40	1199718847936	1199718850330
40	1199718852463	1199718855517
40	1199718864598	1199718865480
40	1199719005760	1199719009737
40	1199719017602	1199719022288
40	1199719139308	1199719143917
40	1199719144677	1199719148574
40	1199719148949	1199719159440
41	1199687452572	1199687454791
41	1199687472790	1199687474696
41	1199699610693	1199699613623
41	1199699627343	1199699630788
41	1199699677304	1199700134402
41	1199701612819	1199701616577
41	1199705661696	1199705664591
41	1199713535646	1199713537358
41	1199713650820	1199713651733
41	1199716801607	1199718376666
41	1199718408807	1199718412943
41	1199718816710	1199718818499
41	1199720030669	1199720031904
42	1199687151240	1199687154551
42	1199687217794	1199687219506
42	1199687442487	1199687477863
42	1199689360537	1199689362975
42	1199695596727	1199695599553
42	1199698524436	1199698527157
42	1199698541697	1199698544370
42	1199698660103	1199698668567
42	1199698685939	1199698694867
42	1199698708310	1199698714795
42	1199698729739	1199698736762
42	1199699629639	1199699632321
42	1199699677799	1199699681215
42	1199700156190	1199700174624
42	1199701601602	1199701613228
42	1199701615806	1199701621396
42	1199704676697	1199704679925
42	1199705660159	1199705663704
42	1199705724931	1199705728962
42	1199708098483	1199708189403
42	1199713181983	1199713207982
42	1199713534741	1199713537571
42	1199713606313	1199713889126
42	1199715227404	1199715231578
42	1199715268752	1199715272141
42	1199717142742	1199718376907
42	1199718716517	1199718719964
42	1199718833412	1199718837113
42	1199719092995	1199719096443
42	1199719261873	1199719263538
42	1199727891568	1199727892480
43	1199687142700	1199687143699
43	1199687456296	1199687456481
43	1199687458837	1199687466470
43	1199687466851	1199687476653
43	1199689547249	1199689556653
43	1199698898889	1199698906611
43	1199698907119	1199698910735
43	1199698912586	1199698913826
43	1199698940628	1199698943268
43	1199698946825	1199698949631
43	1199698977322	1199698979775
43	1199698996283	1199698996435
43	1199699009586	1199699011282
43	1199699012561	1199699018880
43	1199699019253	1199699025937
43	1199699028305	1199699029732
43	1199699030605	1199699033558
43	1199699070421	1199699076559
43	1199699079812	1199699083499
43	1199699099960	1199699101880
43	1199699113551	1199699117925
43	1199699166365	1199699173369
43	1199699220560	1199699222596
43	1199699229927	1199699232450
43	1199699240167	1199699254981
43	1199699255218	1199699268468
43	1199699272906	1199699274426
43	1199699274438	1199699284443
43	1199699290313	1199699292145
43	1199699366838	1199699368837
43	1199699376213	1199699378883
43	1199699385372	1199699386951
43	1199699394137	1199699409128
43	1199699419306	1199699423646
43	1199699437337	1199699439758
43	1199699457485	1199699461387
43	1199699461623	1199699470251
43	1199699474988	1199699478438
43	1199699494580	1199699494730
43	1199699512527	1199699513675
43	1199699521940	1199699523668
43	1199699558227	1199699559259
43	1199699562691	1199699563117
43	1199699563756	1199699572343
43	1199699591233	1199699593369
43	1199699632838	1199699642183
43	1199699644735	1199699655688
43	1199699665745	1199699672221
43	1199699679221	1199699681713
43	1199699694551	1199699705701
43	1199699706851	1199699713520
43	1199699726359	1199699729252
43	1199699760968	1199699765406
43	1199699765545	1199699768220
43	1199699791209	1199699793353
43	1199699797382	1199699800840
43	1199699841675	1199699844341
43	1199699850374	1199699851548
43	1199699887671	1199699892541
43	1199699982191	1199699989859
43	1199700000269	1199700002577
43	1199700003916	1199700014917
43	1199700018862	1199700028545
43	1199700318764	1199700321299
43	1199700338819	1199700340617
43	1199700431200	1199700436600
43	1199700555591	1199700556527
43	1199700557119	1199700559195
43	1199700561212	1199700563628
43	1199700564380	1199700566284
43	1199704680190	1199704693156
43	1199705666235	1199705667506
43	1199705682191	1199705684134
43	1199705692378	1199705694549
43	1199705716476	1199705718251
43	1199705719779	1199705728981
43	1199708108259	1199708112620
43	1199708189775	1199708191611
43	1199708205687	1199708206809
43	1199708259326	1199708260844
43	1199708324697	1199708330951
43	1199708334134	1199708336310
43	1199710064315	1199710067819
43	1199710392770	1199710393866
43	1199710404958	1199710410246
43	1199710538639	1199710539800
43	1199710579558	1199710580593
43	1199710592358	1199710593856
43	1199710626195	1199710627331
43	1199710627572	1199710629988
43	1199710636667	1199710640309
43	1199710671208	1199710676581
43	1199710794559	1199710796533
43	1199711028603	1199711030760
43	1199711112553	1199711118371
43	1199713649195	1199713651127
43	1199713888263	1199713891808
43	1199713924353	1199713926495
43	1199714554253	1199714555908
43	1199714615465	1199714617899
43	1199714622486	1199714626393
43	1199714653473	1199714657756
43	1199715271608	1199715283836
43	1199715284350	1199715911456
43	1199716319582	1199716321613
43	1199716556842	1199716558728
43	1199718375533	1199718380925
43	1199718407747	1199718410738
43	1199718721707	1199718722823
43	1199718737875	1199718740177
43	1199718746617	1199718748354
43	1199718804278	1199718805419
43	1199718814826	1199718820805
43	1199718837520	1199718841943
43	1199718847696	1199718850695
43	1199718995332	1199719000586
43	1199719068788	1199719071263
43	1199719088266	1199719093409
43	1199719137845	1199719142772
43	1199719154483	1199719159592
43	1199719259423	1199719263803
43	1199719345646	1199719347419
43	1199720021751	1199720037619
43	1199720242644	1199720244282
43	1199720275864	1199720278313
43	1199720281126	1199720282902
43	1199720360572	1199720363313
44	1199687137424	1199687145426
44	1199687152704	1199687160999
44	1199687198117	1199687199901
44	1199687216302	1199687219426
44	1199687472414	1199687476940
44	1199689361193	1199689370332
44	1199689372321	1199689378728
44	1199689380160	1199689403618
44	1199689420617	1199689421885
44	1199689423350	1199689424645
44	1199689427319	1199689432939
44	1199689437581	1199689442379
44	1199689443197	1199689445699
44	1199689464329	1199689477183
44	1199689477682	1199689483676
44	1199689493630	1199689497710
44	1199689497958	1199689499648
44	1199689506621	1199689508734
44	1199689539547	1199689541576
44	1199689543292	1199689545227
44	1199695439748	1199695446791
44	1199695447153	1199695455584
44	1199695456740	1199695462957
44	1199695463580	1199695465724
44	1199695466892	1199695468147
44	1199695482445	1199695484507
44	1199695484758	1199695489673
44	1199695489926	1199695497443
44	1199695498858	1199695500413
44	1199695513984	1199695517630
44	1199695518630	1199695524129
44	1199695524377	1199695526746
44	1199695531696	1199695533101
44	1199695534238	1199695536142
44	1199695567946	1199695574578
44	1199695577431	1199695578867
44	1199695580265	1199695581875
44	1199695591670	1199695598920
44	1199698526238	1199698532564
44	1199698539531	1199698542462
44	1199698560772	1199698566734
44	1199698669431	1199698671648
44	1199698728377	1199698737127
44	1199698741357	1199698742187
44	1199698743474	1199698747652
44	1199698753629	1199698754521
44	1199698765913	1199698770607
44	1199698770892	1199698773311
44	1199698797739	1199698799395
44	1199698807277	1199698808539
44	1199698808930	1199698812602
44	1199698813107	1199698814892
44	1199698821602	1199698825410
44	1199698826937	1199698842758
44	1199698847392	1199698849801
44	1199698878197	1199698879334
44	1199698879964	1199698882517
44	1199698883256	1199698889653
44	1199699017306	1199699026957
44	1199699038615	1199699042829
44	1199699084251	1199699088942
44	1199699098939	1199699100215
44	1199699161669	1199699166769
44	1199699242360	1199699251189
44	1199699276515	1199699280685
44	1199699281372	1199699283538
44	1199699302867	1199699306380
44	1199699343652	1199699348709
44	1199699382836	1199699383380
44	1199699417182	1199699421486
44	1199699536860	1199699545715
44	1199699582937	1199699586809
44	1199699596702	1199699604609
44	1199699610454	1199699615261
44	1199699626991	1199699637653
44	1199699638775	1199699642825
44	1199699644993	1199699649295
44	1199699677399	1199699679576
44	1199699692505	1199699695544
44	1199700070939	1199700074262
44	1199700079624	1199700083920
44	1199700130652	1199700133385
44	1199700153284	1199700158216
44	1199701612435	1199701614126
44	1199701615364	1199701617601
44	1199704678407	1199704686721
44	1199704690914	1199704694529
44	1199705661430	1199705665876
44	1199705723682	1199705727241
44	1199706855492	1199706862708
44	1199707430944	1199707434228
44	1199708244453	1199708250422
44	1199708302121	1199708307667
44	1199708341629	1199708344287
44	1199708392956	1199708397506
44	1199708433835	1199708435734
44	1199710063675	1199710067692
44	1199711113956	1199711117755
44	1199713535411	1199713538101
44	1199713649829	1199713653426
44	1199715269504	1199715272882
44	1199715908884	1199715910837
44	1199718157687	1199718160701
44	1199718374946	1199718378280
44	1199718447850	1199718451475
44	1199718464334	1199718473658
44	1199718513284	1199718518508
44	1199718524671	1199718528531
44	1199718717830	1199718720980
44	1199718816457	1199718820418
44	1199718835765	1199718840279
44	1199718869382	1199718873598
44	1199719068543	1199719069675
44	1199719090819	1199719095231
44	1199719260578	1199719263167
44	1199720023870	1199720029430
44	1199720029686	1199720045910
44	1199720047387	1199720054663
44	1199720059811	1199720066410
44	1199720072129	1199720074708
44	1199720075452	1199720076620
44	1199720077259	1199720079262
44	1199720080178	1199720081642
44	1199720082170	1199720088928
44	1199720092225	1199720094520
44	1199720095891	1199720099263
44	1199720100527	1199720105575
44	1199720109823	1199720117810
44	1199720122612	1199720144860
44	1199720152114	1199720156706
44	1199720159778	1199720160933
44	1199720166559	1199720176897
44	1199720178794	1199720185715
44	1199720191101	1199720197562
44	1199720210274	1199720212141
44	1199720213770	1199720219465
44	1199720225361	1199720231157
44	1199720232756	1199720241644
44	1199720361647	1199720367792
44	1199720368413	1199720377785
44	1199720385463	1199720389896
45	1199687448705	1199687449316
45	1199687676591	1199687677767
45	1199698661783	1199698668904
45	1199698669792	1199698676833
45	1199698727533	1199698730866
45	1199699603666	1199699604152
45	1199699609502	1199699613382
45	1199699628762	1199699641164
45	1199701611976	1199701614516
45	1199707367690	1199707372816
45	1199708243688	1199708246609
45	1199713204572	1199713207730
45	1199716263634	1199716266354
45	1199718834632	1199718837752
45	1199719046244	1199719051606
45	1199719091966	1199719097510
45	1199719110999	1199719119663
