1	1199748602806	1199748605389
1	1199748890781	1199748892926
1	1199782133530	1199782138377
1	1199787816509	1199787817291
1	1199788270565	1199788273102
1	1199789171780	1199789173822
1	1199789180627	1199789182806
1	1199789422684	1199789423860
1	1199789883332	1199789886839
1	1199789936365	1199789940283
1	1199789943325	1199789948101
1	1199790577494	1199790579899
1	1199790584286	1199790588678
1	1199790599241	1199790604288
1	1199791006258	1199791008828
1	1199791292316	1199791294132
1	1199791298860	1199791302343
1	1199798193986	1199798198872
1	1199801345744	1199801348152
1	1199805376323	1199805378358
1	1199819087382	1199819089663
1	1199824931361	1199824933519
1	1199824979263	1199824985602
1	1199825536966	1199825540326
1	1199825569969	1199825574252
1	1199825911119	1199825912521
2	1199746823175	1199746829650
2	1199746897643	1199746898536
2	1199746915340	1199746919959
2	1199746936992	1199746939532
2	1199747074130	1199747077746
2	1199747080419	1199747084656
2	1199747087275	1199747088179
2	1199747128132	1199747130312
2	1199747137597	1199747139285
2	1199747146811	1199747152581
2	1199747212605	1199747214813
2	1199747343226	1199747345675
2	1199747465597	1199747468902
2	1199747475584	1199747475952
2	1199747801380	1199747806968
2	1199747817649	1199747819288
2	1199747921929	1199747929320
2	1199747935834	1199747940825
2	1199747960556	1199747962604
2	1199747997188	1199748003754
2	1199748005256	1199748005616
2	1199748025597	1199748029445
2	1199748053653	1199748056316
2	1199748064117	1199748070790
2	1199748104560	1199748105527
2	1199748109551	1199748113126
2	1199748115176	1199748116839
2	1199748125176	1199748127377
2	1199748132376	1199748138767
2	1199748141252	1199748142737
2	1199748143847	1199748146117
2	1199748184286	1199748189594
2	1199748284136	1199748291672
2	1199748295942	1199748298649
2	1199748309926	1199748312673
2	1199748348532	1199748353118
2	1199748379251	1199748381318
2	1199748384145	1199748386562
2	1199748515676	1199748520404
2	1199748547953	1199748551950
2	1199748584254	1199748587182
2	1199748591143	1199748607989
2	1199748652680	1199748656665
2	1199748665645	1199748682760
2	1199748690555	1199748708333
2	1199748716643	1199748719269
2	1199748753615	1199748758675
2	1199748759548	1199748767621
2	1199748768965	1199748784590
2	1199748787361	1199748791453
2	1199748791701	1199748795981
2	1199748796364	1199748805212
2	1199748839359	1199748844433
2	1199748857311	1199748861903
2	1199748863941	1199748869646
2	1199748892327	1199748897259
2	1199748903539	1199748906353
2	1199748915896	1199748920716
2	1199748931305	1199748937607
2	1199748946810	1199748954793
2	1199748957894	1199748962565
2	1199748991322	1199748993576
2	1199748994320	1199748995970
2	1199748996752	1199748998922
2	1199749005641	1199749007475
2	1199782130820	1199782135446
2	1199788022571	1199788022715
2	1199788024896	1199788031528
2	1199788063548	1199788066603
2	1199788112354	1199788112929
2	1199788202728	1199788207544
2	1199788217119	1199788221303
2	1199788261548	1199788266292
2	1199788620939	1199788624667
2	1199788627412	1199788629398
2	1199789152829	1199789159483
2	1199789165549	1199789167819
2	1199789195180	1199789198509
2	1199789222991	1199789224336
2	1199789300657	1199789302424
2	1199789305641	1199789309527
2	1199789382586	1199789386717
2	1199789426814	1199789431494
2	1199789613957	1199789617852
2	1199789622495	1199789627697
2	1199789639746	1199789642289
2	1199789677442	1199789681240
2	1199789693273	1199789695136
2	1199789708539	1199789712854
2	1199789857280	1199789859887
2	1199789874311	1199789877290
2	1199789913896	1199789915135
2	1199790578133	1199790580389
2	1199790581509	1199790586322
2	1199791291908	1199791294644
2	1199791294896	1199791297992
2	1199791404243	1199791407329
2	1199791411274	1199791414100
2	1199792621582	1199792624846
2	1199794327260	1199794329265
2	1199796437532	1199796440668
2	1199796446675	1199796453335
2	1199796466727	1199796478259
2	1199796487272	1199796491521
2	1199796492259	1199796497622
2	1199796500295	1199796509414
2	1199796520858	1199796524709
2	1199796538416	1199796544301
2	1199796547249	1199796550617
2	1199796576840	1199796582803
2	1199796592418	1199796601811
2	1199796604345	1199796609923
2	1199796822657	1199796823947
2	1199796825378	1199796833131
2	1199796835425	1199796844292
2	1199796844913	1199796847268
2	1199796847512	1199796851329
2	1199796856695	1199796859322
2	1199796861356	1199796862368
2	1199796869624	1199796872316
2	1199796878683	1199796881543
2	1199796899349	1199796901766
2	1199796907171	1199796910786
2	1199796924828	1199796930992
2	1199796935970	1199796940994
2	1199796949926	1199796952617
2	1199796957514	1199796961446
2	1199796968564	1199796970103
2	1199796975926	1199796980262
2	1199796998885	1199797001572
2	1199797006527	1199797008492
2	1199797011133	1199797013624
2	1199797014611	1199797036353
2	1199797038992	1199797040223
2	1199797048360	1199797054657
2	1199797063335	1199797068582
2	1199797108802	1199797112740
2	1199797153347	1199797155640
2	1199797179843	1199797184293
2	1199797189619	1199797193314
2	1199797252610	1199797253896
2	1199797277733	1199797280676
2	1199797281310	1199797284326
2	1199797348778	1199797352719
2	1199797447901	1199797454229
2	1199797462797	1199797465531
2	1199797552676	1199797553964
2	1199797558735	1199797565564
2	1199797622139	1199797624309
2	1199797629759	1199797634319
2	1199797728701	1199797731305
2	1199797753966	1199797756428
2	1199797799283	1199797805408
2	1199797817775	1199797822778
2	1199797864307	1199797867300
2	1199797868824	1199797875728
2	1199797879242	1199797881736
2	1199797890256	1199797896806
2	1199797907235	1199797909371
2	1199797918247	1199797920141
2	1199797952614	1199797956917
2	1199797956983	1199797970526
2	1199797975697	1199797983321
2	1199798179330	1199798183770
2	1199798190350	1199798192350
2	1199798262442	1199798266945
2	1199798276744	1199798279551
2	1199805712316	1199805714614
2	1199805769222	1199805772405
2	1199805779989	1199805782153
2	1199819038338	1199819041831
2	1199819050859	1199819053267
2	1199819085471	1199819087778
2	1199819148233	1199819149631
2	1199819159319	1199819163335
2	1199819165233	1199819168275
2	1199819171615	1199819175589
2	1199819176227	1199819182277
2	1199819191534	1199819194797
2	1199819197257	1199819204844
2	1199819212441	1199819216381
2	1199819222218	1199819225141
2	1199819231306	1199819236317
2	1199819366223	1199819367897
2	1199819370404	1199819376628
2	1199819378160	1199819380405
2	1199819389354	1199819391773
2	1199819403259	1199819406307
2	1199819406908	1199819408290
2	1199819408650	1199819411777
2	1199819413992	1199819418268
2	1199819426391	1199819435296
2	1199819605917	1199819610280
2	1199819656584	1199819661277
2	1199819690340	1199819695327
2	1199819724337	1199819729363
2	1199819756978	1199819767886
2	1199819804507	1199819806640
2	1199819834846	1199819840848
2	1199819843988	1199819850282
2	1199819860272	1199819877795
2	1199819906919	1199819909207
2	1199819909709	1199819911301
2	1199819913542	1199819916310
2	1199820197903	1199820202261
2	1199820202520	1199820205323
2	1199820211557	1199820214950
2	1199820220589	1199820224235
2	1199820248314	1199820251322
2	1199820410553	1199820412718
2	1199820416107	1199820418464
2	1199820423283	1199820423641
2	1199820545488	1199820547332
2	1199820547740	1199820554947
2	1199820555550	1199820557980
2	1199820563455	1199820567649
2	1199820574287	1199820576254
2	1199820576495	1199820579370
2	1199820598242	1199820600677
2	1199820628253	1199820630594
2	1199820706199	1199820708322
2	1199820732270	1199820734339
2	1199820759394	1199820761501
2	1199820784375	1199820785701
2	1199820815149	1199820817303
2	1199820819997	1199820822643
2	1199820824487	1199820825767
2	1199820840631	1199820846577
2	1199820882258	1199820883562
2	1199820897321	1199820898531
2	1199820899381	1199820902350
2	1199820939160	1199820943256
2	1199820946460	1199820946779
2	1199820958113	1199820960530
2	1199821154720	1199821158393
2	1199821223253	1199821225404
2	1199821226324	1199821228475
2	1199821231571	1199821233985
2	1199821347361	1199821349694
2	1199821352128	1199821356338
2	1199821502765	1199821505499
2	1199821524281	1199821526507
2	1199821528343	1199821529616
2	1199821579227	1199821580853
2	1199821582309	1199821584397
2	1199821602595	1199821604844
2	1199821616377	1199821617274
2	1199821670630	1199821673762
2	1199821735288	1199821738879
2	1199821757632	1199821759485
2	1199821811944	1199821815227
2	1199821957876	1199821959696
2	1199821970291	1199821973328
2	1199821979660	1199821981208
2	1199821983168	1199821988808
2	1199822003543	1199822005424
2	1199822031498	1199822034185
2	1199822041289	1199822043224
2	1199822047729	1199822055259
2	1199822075362	1199822077145
2	1199822132634	1199822135451
2	1199822147515	1199822149682
2	1199822150536	1199822152603
2	1199822157339	1199822160752
2	1199822161392	1199822165539
2	1199822170649	1199822176109
2	1199822194373	1199822195501
2	1199822238988	1199822240342
2	1199822243271	1199822248532
2	1199822251189	1199822252541
2	1199822459460	1199822461667
2	1199822682498	1199822684261
2	1199822928128	1199822930654
2	1199823030477	1199823032562
2	1199823041332	1199823042997
2	1199823185271	1199823186453
2	1199823204498	1199823206765
2	1199823324177	1199823328508
2	1199823328768	1199823333291
2	1199823341221	1199823343522
2	1199823345334	1199823348917
2	1199823579672	1199823583334
2	1199823593773	1199823602776
2	1199823603829	1199823607844
2	1199823673426	1199823675839
2	1199823688125	1199823690599
2	1199823691859	1199823693115
2	1199823713745	1199823715370
2	1199823715669	1199823717833
2	1199823835850	1199823838219
2	1199823840966	1199823843319
2	1199823911283	1199823913336
2	1199823970406	1199823972531
2	1199824027218	1199824030295
2	1199824214239	1199824217347
2	1199824251900	1199824255473
2	1199824263703	1199824266750
2	1199824727600	1199824729793
2	1199824943279	1199824945282
2	1199824950920	1199824955119
2	1199824965298	1199824966766
2	1199824980980	1199824986226
2	1199825037335	1199825043413
2	1199825081340	1199825084342
2	1199825108280	1199825121366
2	1199825124637	1199825126271
2	1199825133527	1199825135765
2	1199825186357	1199825189826
2	1199825190210	1199825196943
2	1199825198276	1199825204249
2	1199825205968	1199825207239
2	1199825546498	1199825551361
2	1199825572605	1199825574775
2	1199825586902	1199825591293
2	1199825602509	1199825606261
2	1199825844661	1199825847476
2	1199825876613	1199825883276
2	1199825890179	1199825892723
2	1199825897359	1199825900356
2	1199825917348	1199825924884
2	1199825927213	1199825938416
2	1199825938782	1199825948296
2	1199825963287	1199825968270
2	1199825968802	1199825973173
2	1199825983480	1199825986851
2	1199826002339	1199826005618
2	1199826046408	1199826048403
2	1199826092534	1199826093825
3	1199746901937	1199746906181
3	1199746906455	1199746920196
3	1199746948621	1199746951368
3	1199746952765	1199746954691
3	1199746966964	1199746969209
3	1199747016631	1199747017766
3	1199747028486	1199747033678
3	1199747180933	1199747189303
3	1199747326299	1199747328737
3	1199747342474	1199747345306
3	1199747410301	1199747411318
3	1199747463284	1199747467775
3	1199747479547	1199747481334
3	1199747492590	1199747493605
3	1199747496732	1199747499295
3	1199747569231	1199747571405
3	1199747604323	1199747606365
3	1199747621553	1199747628595
3	1199747671479	1199747674277
3	1199747705299	1199747707599
3	1199747708642	1199747713676
3	1199747714572	1199747719538
3	1199747748586	1199747750957
3	1199747774733	1199747775885
3	1199747781548	1199747781801
3	1199747822762	1199747825534
3	1199747832616	1199747835360
3	1199747837526	1199747842255
3	1199747842769	1199747849621
3	1199747856287	1199747861271
3	1199747870369	1199747872388
3	1199747873514	1199747875923
3	1199747887676	1199747890986
3	1199747892498	1199747894785
3	1199747895537	1199747901424
3	1199747934671	1199747938824
3	1199747954349	1199747958796
3	1199747959547	1199747963348
3	1199747977132	1199747979306
3	1199748057212	1199748061261
3	1199748145742	1199748148183
3	1199748155591	1199748159910
3	1199748223734	1199748226390
3	1199748249827	1199748252531
3	1199748279833	1199748282879
3	1199748284374	1199748286270
3	1199748311281	1199748313173
3	1199748328345	1199748333983
3	1199748342648	1199748345303
3	1199748347436	1199748351993
3	1199748382833	1199748386312
3	1199748427909	1199748430294
3	1199748445913	1199748450669
3	1199748498265	1199748499932
3	1199748512590	1199748513158
3	1199748558600	1199748563584
3	1199748572582	1199748575631
3	1199748597976	1199748608518
3	1199748617795	1199748621708
3	1199748625531	1199748626770
3	1199748631635	1199748635928
3	1199748636170	1199748640648
3	1199748650399	1199748656916
3	1199748788236	1199748801661
3	1199748909633	1199748912729
3	1199788554928	1199788561717
3	1199788711637	1199788714295
3	1199788717440	1199788718893
3	1199789074728	1199789077352
3	1199789082811	1199789084973
3	1199789085485	1199789088294
3	1199789105284	1199789105618
3	1199789127655	1199789129898
3	1199789149361	1199789153981
3	1199789850664	1199789857792
3	1199792548605	1199792549781
3	1199793431263	1199793438389
3	1199793439636	1199793446126
3	1199796482107	1199796485392
3	1199796531646	1199796536286
3	1199819193628	1199819198112
3	1199819466341	1199819471987
3	1199819474316	1199819477103
3	1199819656307	1199819658339
3	1199819719520	1199819722463
3	1199819724594	1199819726782
3	1199819758311	1199819763294
3	1199819837140	1199819840927
3	1199819843355	1199819846747
3	1199819847320	1199819854327
3	1199819856453	1199819863561
3	1199819866399	1199819871812
3	1199820209103	1199820211237
3	1199820525300	1199820527418
3	1199823594281	1199823596373
3	1199824395662	1199824402351
3	1199824405505	1199824407684
3	1199824727333	1199824731444
3	1199824899173	1199824901532
3	1199824938623	1199824940911
3	1199824949470	1199824951728
3	1199825170781	1199825173410
3	1199825174549	1199825177116
3	1199825181323	1199825183272
3	1199825184269	1199825187867
3	1199825853712	1199825858593
3	1199825861262	1199825870380
3	1199825874581	1199825893351
3	1199825905859	1199825909840
3	1199825933937	1199825940799
3	1199825951326	1199825953238
3	1199826123282	1199826127946
3	1199826165804	1199826172295
3	1199826191243	1199826193876
3	1199826210664	1199826215120
3	1199826215616	1199826218224
3	1199826272390	1199826274249
3	1199826328768	1199826331997
7	1199747784816	1199747787572
7	1199747787831	1199747798668
7	1199748309210	1199748311536
7	1199748512870	1199748516588
7	1199748599135	1199748605440
7	1199748614756	1199748619156
7	1199748626274	1199748637176
7	1199748651372	1199748668528
7	1199748685253	1199748686777
7	1199748688331	1199748691811
7	1199748693196	1199748699584
7	1199748706669	1199748716888
7	1199748726639	1199748741886
7	1199748743992	1199748762462
7	1199748771560	1199748777957
7	1199748778329	1199748787988
7	1199748796619	1199748802677
7	1199748813565	1199748818711
7	1199748822353	1199748823587
7	1199748835704	1199748835946
7	1199748836194	1199748843176
7	1199748852616	1199748855363
7	1199748855862	1199748858817
7	1199748896130	1199748907749
7	1199748908113	1199748913994
7	1199748930249	1199748938239
7	1199748942428	1199748949886
7	1199782138609	1199782141480
7	1199782149108	1199782159156
7	1199782159400	1199782161687
7	1199782162558	1199782167310
7	1199782169283	1199782182501
7	1199782186321	1199782189480
7	1199782190120	1199782192581
7	1199783266180	1199783269553
7	1199783270612	1199783272621
7	1199783529645	1199783532353
7	1199783534520	1199783538642
7	1199783600357	1199783601837
7	1199783603283	1199783609451
7	1199783614262	1199783621395
7	1199783737822	1199783740178
7	1199783997577	1199784001548
7	1199784350556	1199784353386
7	1199784355909	1199784358208
7	1199784487778	1199784489849
7	1199784969481	1199784974335
7	1199784977425	1199784983204
7	1199784986863	1199784991913
7	1199784994406	1199784997993
7	1199785297361	1199785302238
7	1199785320113	1199785323112
7	1199785556121	1199785558303
7	1199785680974	1199785681382
7	1199785986726	1199785989707
7	1199785990347	1199785994270
7	1199786066443	1199786082362
7	1199787790526	1199787792704
7	1199787806902	1199787810820
7	1199787826865	1199787828138
7	1199788022316	1199788023592
7	1199788066445	1199788071845
7	1199788187332	1199788190406
7	1199788195145	1199788197416
7	1199788234521	1199788238313
7	1199788270330	1199788310304
7	1199788345658	1199788350372
7	1199788350757	1199788356320
7	1199788382758	1199788385947
7	1199788409632	1199788411422
7	1199788540297	1199788542282
7	1199789154716	1199789170363
7	1199789177652	1199789180882
7	1199789183187	1199789188561
7	1199789424694	1199789428526
7	1199789434905	1199789461543
7	1199789604644	1199789608288
7	1199789690712	1199789694398
7	1199789711646	1199789714660
7	1199789728447	1199789730783
7	1199789847480	1199789853355
7	1199789883626	1199789885822
7	1199789928315	1199789934162
7	1199789942292	1199789943964
7	1199789956143	1199789965758
7	1199789971391	1199789974281
7	1199790028840	1199790032447
7	1199790033583	1199790035747
7	1199790187612	1199790192914
7	1199790278378	1199790281390
7	1199790282392	1199790283825
7	1199790294912	1199790297342
7	1199790352112	1199790356549
7	1199790399326	1199790405462
7	1199790419490	1199790421516
7	1199790425422	1199790426823
7	1199790501381	1199790503597
7	1199790529403	1199790531437
7	1199790546165	1199790548474
7	1199790574299	1199790576864
7	1199790642316	1199790644875
7	1199790684991	1199790690280
7	1199790697629	1199790699508
7	1199790713330	1199790715857
7	1199790719290	1199790729770
7	1199790809515	1199790814604
7	1199790826312	1199790829354
7	1199791045351	1199791051440
7	1199791223996	1199791226377
7	1199791227393	1199791229953
7	1199791385259	1199791402254
7	1199792624334	1199792631571
7	1199792764842	1199792767345
7	1199793114146	1199793116761
7	1199793116834	1199793118103
7	1199793774406	1199793779135
7	1199793794823	1199793801582
7	1199793805885	1199793810137
7	1199793944427	1199793945667
7	1199793952280	1199793958903
7	1199794324232	1199794329248
7	1199794758876	1199794765157
7	1199795307840	1199795310159
7	1199795314278	1199795315830
7	1199795400440	1199795402911
7	1199795521393	1199795522916
7	1199795696681	1199795700912
7	1199795701669	1199795705245
7	1199795730356	1199795735156
7	1199795735609	1199795739289
7	1199795820969	1199795822324
7	1199795858314	1199795859622
7	1199795954326	1199795956371
7	1199796207323	1199796209337
7	1199796211402	1199796213768
7	1199796248850	1199796250588
7	1199796252333	1199796255247
7	1199796256823	1199796261305
7	1199796262201	1199796266276
7	1199796269361	1199796270426
7	1199796444251	1199796446920
7	1199796447701	1199796450106
7	1199796457892	1199796461486
7	1199796462122	1199796464427
7	1199796465319	1199796472203
7	1199796519318	1199796524325
7	1199796544294	1199796606350
7	1199796611643	1199796614711
7	1199796615397	1199796623338
7	1199796651474	1199796657368
7	1199796667721	1199796670662
7	1199796763289	1199796768780
7	1199796810341	1199796811532
7	1199796813403	1199796815739
7	1199796842322	1199796847756
7	1199796918830	1199796920394
7	1199797012747	1199797017270
7	1199797024890	1199797027604
7	1199797029761	1199797034748
7	1199797035112	1199797037964
7	1199797068834	1199797073966
7	1199797082229	1199797085273
7	1199797087529	1199797091769
7	1199797109657	1199797117187
7	1199797155903	1199797160437
7	1199797211474	1199797216702
7	1199797331554	1199797335264
7	1199797355127	1199797357702
7	1199797398691	1199797400412
7	1199797437581	1199797442287
7	1199797508177	1199797510267
7	1199797598696	1199797605367
7	1199797643457	1199797648195
7	1199797707577	1199797711248
7	1199797717629	1199797720285
7	1199797771907	1199797774432
7	1199797804271	1199797806687
7	1199797816367	1199797824322
7	1199797846112	1199797850433
7	1199797921915	1199797925351
7	1199797985528	1199797991751
7	1199797991999	1199797994288
7	1199798008375	1199798010159
7	1199798015846	1199798020593
7	1199798092487	1199798099241
7	1199798171562	1199798179588
7	1199798185292	1199798196920
7	1199798197696	1199798202263
7	1199798593354	1199798596323
7	1199799397270	1199799399569
7	1199799400102	1199799402830
7	1199799426258	1199799428635
7	1199799433876	1199799453575
7	1199801216300	1199801217484
7	1199801340611	1199801349349
7	1199801349611	1199801352330
7	1199801360153	1199801366353
7	1199801750447	1199801752126
7	1199801752882	1199801755242
7	1199801913825	1199801915412
7	1199801935477	1199801936422
7	1199802236993	1199802238194
7	1199802633505	1199802635817
7	1199804723796	1199804735366
7	1199805209209	1199805211605
7	1199805371616	1199805381958
7	1199805697522	1199805701390
7	1199805706979	1199805711372
7	1199806261291	1199806265870
7	1199807106652	1199807110829
7	1199808001967	1199808005337
7	1199808595210	1199808597753
7	1199808598368	1199808601288
7	1199808710813	1199808712104
7	1199808801776	1199808803727
7	1199809127262	1199809129966
7	1199809167386	1199809169409
7	1199809195885	1199809198731
7	1199809275945	1199809286274
7	1199809329380	1199809333909
7	1199809334197	1199809350817
7	1199819046475	1199819054392
7	1199819088397	1199819091186
7	1199819137985	1199819140264
7	1199819224873	1199819227304
7	1199819240937	1199819243751
7	1199819277339	1199819279740
7	1199819390947	1199819393117
7	1199819401259	1199819424314
7	1199819441166	1199819443905
7	1199819447213	1199819449262
7	1199819458992	1199819461304
7	1199819782849	1199819785685
7	1199820539470	1199820546695
7	1199820829321	1199820831292
7	1199820963200	1199820965294
7	1199821419552	1199821425738
7	1199821747254	1199821754102
7	1199821758461	1199821760512
7	1199821766380	1199821769331
7	1199821773795	1199821777987
7	1199822037861	1199822039271
7	1199822041955	1199822044953
7	1199822284508	1199822289475
7	1199822699291	1199822709479
7	1199822711770	1199822714461
7	1199822718340	1199822725345
7	1199823592852	1199823597653
7	1199823607581	1199823613845
7	1199823619226	1199823623817
7	1199823906257	1199823912545
7	1199824554354	1199824558381
7	1199824685389	1199824689963
7	1199824926268	1199824984985
7	1199825000874	1199825005464
7	1199825166292	1199825179633
7	1199825444316	1199825447236
7	1199825465184	1199825471426
7	1199825472895	1199825479727
7	1199825480989	1199825482263
7	1199825484687	1199825507349
7	1199825509394	1199825515285
7	1199825517172	1199825527244
7	1199825552373	1199825558326
7	1199825567257	1199825572353
7	1199825606757	1199825612116
7	1199825667294	1199825670782
7	1199825673703	1199825674335
7	1199825674709	1199825677711
7	1199825688797	1199825690857
7	1199825796185	1199825800196
7	1199825808858	1199825812308
7	1199825816555	1199825818850
7	1199825862124	1199825864582
7	1199825972642	1199825977265
7	1199826042304	1199826050288
7	1199826072492	1199826073763
7	1199826130813	1199826133811
7	1199826152966	1199826158261
7	1199826223622	1199826226414
7	1199826230786	1199826232943
7	1199826255363	1199826257487
7	1199826257746	1199826262718
7	1199826297593	1199826297972
7	1199826327960	1199826329328
8	1199747799394	1199747804589
8	1199747923349	1199747929624
8	1199747978412	1199747985637
8	1199747997452	1199748002753
8	1199748113382	1199748124272
8	1199748515277	1199748519260
8	1199748597594	1199748602551
8	1199748652316	1199748657552
8	1199748992562	1199748997619
8	1199748997642	1199782133890
8	1199788012834	1199788015473
8	1199788054485	1199788056529
8	1199788063315	1199788066683
8	1199788099670	1199788105468
8	1199788107101	1199788108390
8	1199788108774	1199788119359
8	1199788261630	1199788267681
8	1199788272326	1199788276761
8	1199788304444	1199788309513
8	1199788369795	1199788383814
8	1199788412301	1199788417527
8	1199788549127	1199788553465
8	1199788576629	1199788579104
8	1199788626327	1199788626595
8	1199789165307	1199789173565
8	1199789181907	1199789187155
8	1199789193452	1199789204434
8	1199789210421	1199789211301
8	1199789221836	1199789230766
8	1199789300275	1199789366500
8	1199789373742	1199789380426
8	1199789381952	1199789387523
8	1199789411362	1199789420270
8	1199789436669	1199789457807
8	1199789560282	1199789572977
8	1199789612663	1199789620522
8	1199789622261	1199789630540
8	1199789639259	1199789644458
8	1199789650750	1199789655747
8	1199789677421	1199789681313
8	1199789693139	1199789697540
8	1199789708449	1199789713390
8	1199789731296	1199789736250
8	1199789894292	1199789898707
8	1199789900755	1199789903851
8	1199789912499	1199789915993
8	1199789919341	1199789923290
8	1199790577872	1199790584782
8	1199791289540	1199791416554
8	1199792385922	1199792389119
8	1199792390367	1199792391681
8	1199792621262	1199792624952
8	1199793434230	1199793435979
8	1199794427614	1199794430929
8	1199796430149	1199796434302
8	1199796473371	1199796477217
8	1199796485957	1199796491273
8	1199796505654	1199796510175
8	1199796577105	1199796579650
8	1199796814744	1199796817579
8	1199797020971	1199797039604
8	1199797046250	1199797051331
8	1199797064895	1199797069863
8	1199797153611	1199797157662
8	1199797190507	1199797195990
8	1199797219232	1199797224142
8	1199797463741	1199797468107
8	1199797553189	1199797558379
8	1199797559188	1199797564349
8	1199797632813	1199797635695
8	1199797760860	1199797763154
8	1199797777280	1199797779221
8	1199797801471	1199797803768
8	1199797869201	1199797873315
8	1199798261154	1199798265689
8	1199798283920	1199798291780
8	1199798292426	1199798295398
8	1199798296163	1199798301846
8	1199805710567	1199805716507
8	1199805780244	1199805784789
8	1199806259118	1199806263207
8	1199818077602	1199818081688
8	1199819038600	1199819044361
8	1199819050334	1199819055394
8	1199819055992	1199819066728
8	1199819080577	1199819084463
8	1199819084709	1199819088150
8	1199819100295	1199819101773
8	1199819102406	1199819105217
8	1199819221569	1199819224240
8	1199819237939	1199819241445
8	1199819248308	1199819251417
8	1199819267326	1199819271310
8	1199819278987	1199819282349
8	1199819412158	1199819415631
8	1199819437248	1199819441421
8	1199819461860	1199819465163
8	1199819607895	1199819615583
8	1199819803194	1199819805224
8	1199823595965	1199823601941
8	1199823603431	1199823608229
8	1199823970426	1199823974244
8	1199825053768	1199825055484
8	1199825057260	1199825059590
8	1199825192867	1199825201400
8	1199825585244	1199825589339
8	1199825876348	1199825881169
8	1199825983728	1199825987123
8	1199826007642	1199826010499
8	1199826029608	1199826033256
8	1199826091522	1199826094708
8	1199826097466	1199826099243
8	1199826111870	1199826114606
8	1199826121914	1199826125208
8	1199826127855	1199826130879
8	1199826152341	1199826155457
8	1199826330408	1199826335481
9	1199747976620	1199748993819
9	1199749005894	1199749011196
9	1199782129861	1199788038792
9	1199788041119	1199788043485
9	1199788044119	1199788060804
9	1199788068525	1199788072860
9	1199788215464	1199788217363
9	1199788299200	1199788306979
9	1199788539909	1199788551945
9	1199788553842	1199788559612
9	1199788562891	1199788569795
9	1199788571328	1199788576353
9	1199788586809	1199788589678
9	1199788595320	1199788599365
9	1199788627171	1199788634591
9	1199788635908	1199788642403
9	1199788646318	1199788649422
9	1199788654186	1199788655577
9	1199788660443	1199788666372
9	1199788671367	1199788677926
9	1199788683345	1199788690613
9	1199788691749	1199788693366
9	1199788694332	1199788700342
9	1199788728157	1199788736675
9	1199788741619	1199788746187
9	1199788765360	1199788770108
9	1199788775239	1199788780755
9	1199788788313	1199788791998
9	1199788792662	1199788797634
9	1199788808211	1199788813690
9	1199788816325	1199788826187
9	1199788828918	1199788830768
9	1199788833253	1199788836316
9	1199788846981	1199788850370
9	1199788858403	1199788864945
9	1199788875924	1199788880172
9	1199788880405	1199788887364
9	1199788889387	1199788891726
9	1199788908363	1199788921421
9	1199788922730	1199788924805
9	1199788933432	1199788938439
9	1199788967396	1199788975653
9	1199788978694	1199788982317
9	1199789001247	1199789007539
9	1199789012181	1199789020290
9	1199789023399	1199789025801
9	1199789062480	1199789068727
9	1199789091430	1199789096522
9	1199789108443	1199789112921
9	1199789113174	1199789118441
9	1199789122749	1199789126877
9	1199789131538	1199789140901
9	1199789149863	1199789154349
9	1199789154974	1199789156956
9	1199789166331	1199789171141
9	1199789196222	1199789213125
9	1199789227623	1199789229887
9	1199789309280	1199789455964
9	1199789612908	1199789614551
9	1199789631800	1199789639506
9	1199789700446	1199789709447
9	1199789911987	1199789913707
9	1199790579258	1199790584519
9	1199792557113	1199792560613
9	1199792620870	1199792623953
9	1199793433838	1199793438628
9	1199794426370	1199794428642
9	1199805781388	1199805785471
9	1199818068116	1199818072465
9	1199819037400	1199819040685
9	1199819053961	1199819056888
9	1199819064152	1199819066368
9	1199819073111	1199819078744
9	1199819103298	1199819105471
9	1199819411264	1199819413240
9	1199819433296	1199819440265
9	1199819462999	1199819469307
9	1199819471252	1199819472987
9	1199819653153	1199819659632
9	1199819695664	1199819698608
9	1199823597905	1199823602373
9	1199823969402	1199823971523
9	1199825985478	1199825989954
9	1199826097521	1199826099746
9	1199826110697	1199826112889
9	1199826330496	1199826334415
10	1199783958378	1199783966829
10	1199783967943	1199783969105
10	1199783991330	1199784001303
10	1199784002478	1199784005299
10	1199784005673	1199784008617
10	1199784010202	1199784012162
10	1199784013609	1199784015532
10	1199784130757	1199784132564
10	1199784265369	1199784266656
10	1199784286184	1199784297418
10	1199784308982	1199784315231
10	1199784578139	1199784579922
10	1199784586375	1199784586969
10	1199784885182	1199784887374
10	1199785278357	1199785285874
10	1199785288479	1199785293949
10	1199813857545	1199813868118
10	1199813871706	1199813878355
10	1199813884202	1199813886285
10	1199813893262	1199813895336
10	1199813920547	1199813923466
10	1199813957428	1199813959545
10	1199813963293	1199813964660
10	1199813967384	1199813970936
10	1199813971296	1199813980215
10	1199814015986	1199814018697
10	1199814039554	1199814041905
10	1199814046315	1199814048459
10	1199814049474	1199814051328
10	1199814054905	1199814059256
10	1199814063276	1199814066417
10	1199814069922	1199814071809
10	1199814087598	1199814088272
10	1199814095526	1199814097493
10	1199814104349	1199814105628
10	1199814112293	1199814114291
10	1199814161517	1199814165321
10	1199814172161	1199814173415
10	1199814174542	1199814179433
10	1199814182287	1199814184253
10	1199814231889	1199814239696
10	1199814240682	1199814243980
10	1199814244345	1199814247257
10	1199814278332	1199814284831
10	1199814320253	1199814323276
10	1199814383964	1199814386336
10	1199814436819	1199814439640
10	1199814457792	1199814461983
10	1199814474653	1199814476528
10	1199814495965	1199814500884
10	1199814539218	1199814541606
10	1199814546771	1199814551782
10	1199814566616	1199814568754
10	1199814579763	1199814582163
10	1199814585203	1199814587669
10	1199814768438	1199814770529
10	1199814794330	1199814796424
10	1199814932591	1199814935700
10	1199814936801	1199814938629
10	1199814940536	1199814941675
10	1199814942303	1199814944723
10	1199815127392	1199815128581
10	1199815151317	1199815156354
10	1199815160563	1199815162483
10	1199815195326	1199815200397
10	1199815202217	1199815204437
10	1199815263974	1199815269112
10	1199815272824	1199815277257
10	1199815318337	1199815321325
10	1199815332634	1199815337985
10	1199815442350	1199815445285
10	1199815451492	1199815459264
10	1199815836307	1199815846732
10	1199816592476	1199816602302
10	1199816603101	1199816610236
10	1199816630969	1199816632945
10	1199816824256	1199816825170
10	1199816832739	1199816837119
10	1199816854545	1199816856699
10	1199816862343	1199816865671
10	1199816865921	1199816870581
10	1199816891228	1199816893251
10	1199816911370	1199816913261
10	1199816914694	1199816917649
10	1199816990900	1199816993956
10	1199817108976	1199817111331
10	1199817206692	1199817208305
10	1199817242375	1199817244269
10	1199817341574	1199817355142
10	1199817403842	1199817407995
10	1199817410311	1199817414319
10	1199817431333	1199817434576
10	1199817438868	1199817441376
10	1199817442763	1199817446771
10	1199817453939	1199817455978
10	1199817456989	1199817459644
10	1199817502336	1199817503231
10	1199817548338	1199817555571
10	1199817574304	1199817577832
10	1199817578324	1199817580222
10	1199817582694	1199817596757
11	1199783954770	1199783959943
11	1199785304429	1199785306287
11	1199792578148	1199792582861
11	1199792605961	1199792609248
11	1199792615910	1199792620383
11	1199792643269	1199792647455
11	1199792734339	1199792734709
11	1199792744952	1199792750267
11	1199792752290	1199792754566
11	1199792878225	1199792884169
11	1199792909804	1199792910940
11	1199792915606	1199792920359
11	1199792932254	1199792935588
11	1199794377996	1199794382527
11	1199805034938	1199805038317
11	1199805044302	1199805047478
11	1199805900897	1199805905229
11	1199805906427	1199805910393
11	1199805932737	1199805937222
11	1199805945206	1199805946460
11	1199805947588	1199805950550
11	1199805966515	1199805972117
11	1199805979321	1199805980599
11	1199805982131	1199805988354
11	1199806064651	1199806067292
11	1199806245484	1199813845450
11	1199817579451	1199817585431
11	1199817593805	0
12	1199792577262	1199813855995
12	1199814228900	0
13	1199792572260	1199792580310
13	1199813847298	1199813849106
13	1199813852685	1199813854878
13	1199814037910	1199814040770
13	1199814228436	0
14	1199748962926	1199748965261
14	1199748979115	1199748981643
14	1199785521418	1199785521822
14	1199785522629	1199785528988
14	1199785539859	1199785544666
14	1199788026809	1199788028682
14	1199788213485	1199788216871
14	1199788416258	1199788418422
14	1199788568202	1199788570817
14	1199789148250	1199789151158
14	1199789215737	1199789217806
14	1199789569673	1199789571816
14	1199789598418	1199789602850
14	1199789858414	1199789860719
14	1199789916987	1199789920163
14	1199818061868	1199818069425
14	1199819036788	1199819040939
14	1199819078224	1199819080243
14	1199819410495	1199819639679
14	1199823913636	1199823915194
14	1199823968652	1199823970788
14	1199825582809	1199825586255
15	1199747974716	1199747977771
15	1199748963184	1199748971662
15	1199748979868	1199748982524
15	1199748983212	1199748991714
15	1199749008426	1199749013350
15	1199782128392	1199782132721
15	1199785294193	1199785300393
15	1199785518783	1199785527299
15	1199785531276	1199785533452
15	1199785541425	1199785541660
15	1199788000698	1199788006116
15	1199788011536	1199788013321
15	1199788071381	1199788072405
15	1199788096225	1199788098774
15	1199788208699	1199788210638
15	1199788275481	1199788276265
15	1199788297945	1199788302647
15	1199788416447	1199788421109
15	1199789148135	1199789150383
15	1199789197260	1199789199720
15	1199789210820	1199789213360
15	1199789215233	1199789217574
15	1199789220735	1199789222680
15	1199789228494	1199789232454
15	1199789292777	1199789295481
15	1199789356963	1199789360343
15	1199789598139	1199789602374
15	1199789858816	1199789862313
15	1199789903359	1199789908396
15	1199789910598	1199789912234
15	1199789916742	1199789919277
15	1199791413193	1199791416835
15	1199792384750	1199792386581
15	1199792390903	1199792394476
15	1199792463292	1199792465271
15	1199792544415	1199792547351
15	1199792558512	1199792560257
15	1199792619383	1199792621839
15	1199793372482	1199793377835
15	1199793433525	1199793434725
15	1199793444342	1199793448167
15	1199794328760	1199794331407
15	1199794383277	1199794386179
15	1199794409381	1199794413299
15	1199796428751	1199796430661
15	1199798301313	1199798304297
15	1199805715123	1199805720798
15	1199805764501	1199805767873
15	1199806256843	1199806260547
15	1199818064970	1199818069697
15	1199818080408	1199818084131
15	1199819035933	1199819040428
15	1199819058380	1199819061589
15	1199819070111	1199819074390
15	1199819104965	1199819106880
15	1199819250313	1199819251827
15	1199819265498	1199819267940
15	1199819280484	1199819282963
15	1199819360470	1199819362334
15	1199819409730	1199819412407
15	1199819613535	1199819615823
15	1199819635127	1199819639287
15	1199823599805	1199823605345
15	1199823912793	1199823916147
15	1199823967914	1199823971155
15	1199825577368	1199825580823
15	1199825582376	1199825585537
15	1199826332543	0
16	1199785305865	1199785311401
16	1199788505942	1199788510265
16	1199789211556	1199789214577
16	1199791414393	1199791415404
16	1199792384346	1199792386201
16	1199792462929	1199792466723
16	1199792468707	1199792471578
16	1199792938539	1199792941711
16	1199793372226	1199793376332
16	1199793432686	1199793434489
16	1199794350552	1199794352796
16	1199794382293	1199794385149
16	1199794425118	1199794428388
16	1199794452543	1199794455551
16	1199794456182	1199794458189
16	1199805032866	1199805036318
16	1199805045918	1199805049221
16	1199805763977	1199805767262
16	1199805784279	1199805786784
16	1199805898408	1199805903261
16	1199806248554	1199806250671
16	1199809359368	1199809359752
16	1199814236929	1199814238943
16	1199817595725	1199817599281
16	1199818080765	1199818083354
16	1199819035645	1199819037806
16	1199823600729	0
17	1199785310996	1199785314321
17	1199788502224	1199788508273
17	1199792938247	1199792942773
17	1199794350828	1199794354112
17	1199794380837	1199794383509
17	1199805045628	1199805047910
17	1199806248275	1199806252556
17	1199814035921	1199814039297
17	1199814230703	1199814235578
17	1199814235938	1199814240398
17	1199817595326	1199817600615
18	1199794352132	1199794355593
18	1199794377367	1199794379353
18	1199814036689	1199814038297
19	1199805661871	0
20	1199785319103	1199785327421
20	1199785335503	1199785339505
20	1199785397439	1199785402950
20	1199785410396	1199785428350
20	1199785513704	1199785516655
20	1199785525321	1199785527800
20	1199787756559	1199787766204
20	1199787835973	1199787838456
20	1199787839175	1199787841818
20	1199793918348	1199793920954
20	1199793925802	1199793943347
20	1199793949901	1199793955526
20	1199793960493	1199793974573
20	1199794246360	1199794250422
20	1199794260258	1199794277330
20	1199794286897	1199794290462
20	1199794316107	1199794319944
20	1199794332269	1199794341745
20	1199794345722	1199794353441
20	1199794431705	1199794438586
20	1199794448337	1199794454694
20	1199794719308	1199794720703
20	1199794875268	1199794884782
20	1199803963835	1199803968192
20	1199805049940	1199805055924
20	1199805060642	1199805064252
20	1199805310320	1199805313394
20	1199805437718	1199805440947
20	1199805568350	1199805570437
20	1199805578639	1199805582263
20	1199805648314	1199805652488
20	1199805654228	1199805656640
20	1199805657161	1199805661948
20	1199805665306	1199805670671
20	1199805684285	1199805687384
20	1199806748681	1199806758317
20	1199806758551	1199806760837
20	1199806761713	1199806766163
20	1199806766786	1199806770437
20	1199806779785	1199806790795
20	1199806793243	1199806816613
20	1199806817906	1199806819196
20	1199806819479	1199806821862
20	1199806823812	1199806832105
20	1199806840636	1199806843256
20	1199806843500	1199806848100
20	1199806854108	1199806856118
20	1199806857878	1199806864668
20	1199806865816	1199806868655
20	1199806874317	1199806877283
20	1199806885680	1199806889279
20	1199806906248	1199806909670
21	1199785336983	1199785342365
21	1199785396156	1199785402356
21	1199785425170	1199785426330
21	1199785512527	1199785515752
21	1199785525818	1199785530196
21	1199787755512	1199787758756
21	1199787818930	1199787824434
21	1199787834283	1199787837788
21	1199787839942	1199787845101
21	1199788028100	1199788054930
21	1199788057519	1199788063911
21	1199793916799	1199793920332
21	1199793962234	1199793967982
21	1199793969495	1199794246729
21	1199794248783	1199794252151
21	1199794258519	1199794261230
21	1199794348351	1199794351880
21	1199794384636	1199794387827
21	1199794447243	1199794450311
21	1199794879530	1199794884538
21	1199794886353	1199794890658
21	1199805048764	1199805053235
21	1199805648968	1199805655978
21	1199805656377	1199805662238
21	1199805678716	1199805680852
21	1199806887213	1199806889770
21	1199806909542	0
22	1199785328860	1199785331787
22	1199785351322	1199785353479
22	1199785395890	1199785399431
22	1199785426578	1199785428874
22	1199785429499	1199785434123
22	1199785436444	1199785438371
22	1199785511625	1199785514472
22	1199785536204	1199785540598
22	1199787754976	1199787757736
22	1199787765442	1199787768441
22	1199787820838	1199787824945
22	1199787825197	1199787826482
22	1199787833883	1199787835718
22	1199787842746	1199787845831
22	1199787889424	1199787891907
22	1199787998530	1199788003389
22	1199788009236	1199788016104
22	1199788017471	1199788029471
22	1199788034279	1199788037398
22	1199788095331	1199788098520
22	1199788210279	1199788214635
22	1199788276260	1199788280217
22	1199788297254	1199788300885
22	1199788538158	1199788541785
22	1199789571299	1199789574168
22	1199793916539	1199793918876
22	1199794249400	1199794251511
22	1199794417364	1199794419243
22	1199794434418	1199794437786
22	1199794447475	1199794451311
22	1199794887371	1199794889771
22	1199803961856	1199803965368
22	1199805670375	1199805672957
22	1199805677849	1199805679845
22	1199805685635	1199805688485
22	1199806746734	1199806750542
22	1199806909424	1199806911631
22	1199819359355	1199819361589
22	1199825579192	1199825584105
23	1199747972893	1199747976370
23	1199749010843	1199749014694
23	1199782127554	1199782129604
23	1199785326221	1199785330103
23	1199785351965	1199785358564
23	1199785394805	1199785397732
23	1199785427721	1199785431777
23	1199785510555	1199785513448
23	1199785538518	1199785540217
23	1199785543289	1199785547152
23	1199787754550	1199787756969
23	1199787767106	1199787773296
23	1199787775143	1199787782493
23	1199787823924	1199787827654
23	1199787830289	1199787833414
23	1199787843557	1199787846124
23	1199787880128	1199787884349
23	1199787891653	1199787895384
23	1199787909197	1199787915418
23	1199787929535	1199787932304
23	1199787936790	1199787939455
23	1199787970286	1199787974681
23	1199787975759	1199787986499
23	1199787990978	1199787993747
23	1199788009865	1199788012177
23	1199788419558	1199788423413
23	1199788462430	1199788466337
23	1199788471511	1199788476507
23	1199788482954	1199788485504
23	1199788489835	1199788493354
23	1199789146654	1199789149125
23	1199789198217	1199789200878
23	1199789213830	1199789216673
23	1199789355810	1199789358562
23	1199789860442	1199789861919
23	1199789914854	1199789917891
23	1199792618150	1199793379660
23	1199793445118	1199793448999
23	1199794241895	1199794244247
23	1199794330248	1199794332650
23	1199794448834	1199794453695
23	1199798302227	1199802676509
23	1199805031511	1199805033786
23	1199805687725	1199805688989
23	1199805723435	1199805735417
23	1199806255569	1199806258862
23	1199806745719	1199806749157
23	1199806889512	1199806891609
23	1199806903158	1199806904679
23	1199806911294	1199806912629
23	1199814238277	1199814241434
23	1199819034845	1199819038739
23	1199819059336	1199819062771
23	1199819068235	1199819070371
23	1199819106113	1199819108417
23	1199823914370	1199823916924
23	1199826101255	1199826102681
23	1199826107650	1199826109542
24	1199747968755	1199747971402
24	1199747971739	1199747973693
24	1199782126586	1199782130173
24	1199783940377	1199783941774
24	1199785288978	1199785293316
24	1199785317489	1199785320657
24	1199785355375	1199785361832
24	1199785512783	1199785516400
24	1199788425281	1199788428350
24	1199788456916	1199788462982
24	1199788473936	1199788476272
24	1199788479312	1199788480458
24	1199788501960	1199788504144
24	1199788524681	1199788528126
24	1199789199144	1199789201881
24	1199789213594	1199789217128
24	1199789231755	1199789233910
24	1199789312399	1199789314735
24	1199789354911	1199789356684
24	1199789861235	1199789863681
24	1199789906989	1199789911466
24	1199791416286	1199791419339
24	1199792382765	1199792385538
24	1199792393320	1199792395659
24	1199792461330	1199792463950
24	1199792470141	1199792473284
24	1199792543254	1199792546391
24	1199792617402	1199792619150
24	1199792939499	1199792942269
24	1199793370909	1199793372867
24	1199793430902	1199793433602
24	1199794406923	1199794409719
24	1199794422792	1199794425730
24	1199794457567	1199794460708
24	1199805030131	1199805031843
24	1199805760270	1199805765129
24	1199805786428	1199805789855
24	1199805895569	1199805899457
24	1199806250243	1199806251468
24	1199806254395	1199806258474
24	1199806745287	1199806747629
24	1199806902282	1199806903900
24	1199809360885	1199809362818
24	1199813839459	1199813842350
24	1199814034526	1199814037675
24	1199817597766	1199817601678
24	1199818058468	1199818061386
24	1199818082477	1199818085883
24	1199819033447	1199819036493
24	1199819256416	1199819259384
24	1199819407400	1199819409369
24	1199823915484	1199823918705
24	1199823965308	1199823967299
24	1199826335773	1199826337566
24	1199826337825	1199826339774
25	1199787765899	1199787773663
25	1199787775408	1199787777840
25	1199787787717	1199787789894
25	1199787791326	1199787799476
25	1199787845391	1199787847570
25	1199787871197	1199787892932
25	1199787903342	1199787923936
25	1199787935399	1199787941953
25	1199787976537	1199787980670
25	1199787983507	1199787988212
25	1199787993116	1199787995491
25	1199788027610	1199788031124
25	1199788040860	1199788042163
25	1199788042690	1199788049670
25	1199788081115	1199788083411
25	1199788083655	1199788086118
25	1199788162541	1199788165645
25	1199788425641	1199788432196
25	1199788463207	1199788474688
25	1199789407431	1199789420781
25	1199789472790	1199789476801
25	1199794459702	1199794462407
25	1199800298677	1199800300960
25	1199802897826	1199802900458
26	1199776205669	1199776206943
26	1199776208959	1199776211466
26	1199776222817	1199776223779
26	1199776242338	1199776247344
26	1199781877418	1199781883425
26	1199781911959	1199781913397
26	1199782214149	1199782219140
26	1199787908735	1199787912427
26	1199788431782	1199788433348
26	1199788437638	1199788446104
26	1199788447392	1199788449848
26	1199788454141	1199788459375
26	1199788462750	1199788465973
26	1199789391995	1199789400648
26	1199789409169	1199789414390
26	1199789470338	1199789473291
26	1199789474674	1199789477916
26	1199802767709	1199802773248
26	1199802775239	1199802780262
26	1199802811451	1199802814308
26	1199802832111	1199802837847
26	1199802846671	1199802848923
26	1199802860309	1199802863393
26	1199802868255	1199802870982
26	1199802909641	1199802916417
26	1199802928766	1199802933299
26	1199804250345	1199804252352
27	1199788277625	1199788280729
27	1199788295748	1199788302265
27	1199788536923	1199788541427
27	1199789571544	1199789575200
27	1199789595428	1199793450164
27	1199793453580	1199793455836
27	1199802613883	1199802616993
27	1199802642840	1199802647258
27	1199803967679	1199803970754
27	1199805236670	1199805239114
27	1199805258115	1199805260964
27	1199805727721	1199805729955
27	1199810397319	1199810399231
27	1199810929426	1199810931102
27	1199811049560	1199811052847
27	1199811067574	1199811068767
27	1199811088302	1199811090335
27	1199811091494	1199811093924
27	1199811142481	1199811147177
27	1199811153634	1199811159276
27	1199811589203	1199811595186
27	1199811700318	1199811705258
27	1199811797609	1199814241507
27	1199819615326	1199819617497
27	1199819632849	0
28	1199785359571	1199785360592
28	1199787776806	1199787779981
28	1199787796308	1199787801251
28	1199787803923	1199787811333
28	1199788092596	1199788094585
28	1199788144376	1199788148884
28	1199788168352	1199788170956
28	1199789139449	1199789147653
28	1199789272861	1199789275839
28	1199793454196	1199793457804
28	1199794241639	1199794244127
28	1199794250764	1199794261982
28	1199794889275	1199794894515
28	1199794895187	1199794902892
28	1199800256747	1199800259877
28	1199802612855	1199802615995
28	1199802644482	1199802649481
28	1199802675411	1199802678416
28	1199803976802	1199803979560
28	1199804271256	1199804273425
28	1199804277967	1199804280799
28	1199805104310	1199805106873
28	1199805163833	1199805165662
28	1199805237230	1199805240494
28	1199805252759	1199805263642
28	1199805728609	1199805731274
28	1199805731977	1199805733817
28	1199807516153	1199807520353
28	1199810396362	1199810398966
28	1199811592882	1199811596575
28	1199811668256	1199811671486
28	1199811802291	1199811804663
28	1199813949405	1199813951836
28	1199814238536	1199814241818
28	1199815263719	1199815266965
28	1199815282154	1199815284419
28	1199819060883	1199819069106
29	1199785287950	1199785290639
29	1199785318823	1199785321907
29	1199785359839	1199785363135
29	1199785393147	1199785396428
29	1199785509789	1199785511931
29	1199785546632	1199785548872
29	1199787791702	1199787796547
29	1199788012517	1199788014973
29	1199788025896	1199788030488
29	1199789271452	1199793457963
29	1199794332362	1199794334985
29	1199794896746	1199794899782
29	1199802611339	1199802693674
29	1199804276679	1199804279651
29	1199805105102	1199805107977
29	1199805238189	1199805240868
29	1199805251485	1199805254487
29	1199805734578	1199805738862
29	1199805739711	1199805742119
29	1199805748741	1199805754133
29	1199805759126	1199805761568
29	1199805881557	1199805886641
29	1199805894409	1199805896602
29	1199806251860	1199806253879
29	1199810071265	1199810073322
29	1199810346326	1199810348347
29	1199811655254	1199811657534
29	1199811814584	1199811817281
29	1199813949937	1199813952508
29	1199823964306	1199823966179
30	1199749012620	1199749017899
30	1199782125269	1199782128805
30	1199783937361	1199783940863
30	1199785287403	1199785290266
30	1199785359328	1199785365371
30	1199785392315	1199785395623
30	1199785438750	1199785440548
30	1199785508375	1199785514727
30	1199785539502	1199785542284
30	1199785555877	1199785562247
30	1199787751984	1199787754720
30	1199788007729	1199788010264
30	1199788011906	1199788014770
30	1199788040480	1199788045464
30	1199788431668	1199788436425
30	1199789270781	1199789273605
30	1199789353651	1199789865399
30	1199789905114	1199789916365
30	1199791417771	1199791421923
30	1199792393817	1199792396589
30	1199792471931	1199792473732
30	1199792541896	1199792544783
30	1199792615678	1199792618658
30	1199792940723	1199792943341
30	1199793377476	1199793380419
30	1199793430410	1199793433366
30	1199793456805	1199793459296
30	1199793913482	1199793916298
30	1199793973148	1199793976183
30	1199794037519	1199794042313
30	1199794237273	1199794240803
30	1199794421514	1199794424838
30	1199794459960	1199794462791
30	1199794897562	1199794900422
30	1199796426133	1199796427967
30	1199800255610	1199800258358
30	1199800262915	1199800267223
30	1199800279724	1199800289549
30	1199800293387	1199800298317
30	1199800313458	1199800315473
30	1199800320574	1199800325168
30	1199802610943	1199802614542
30	1199802695312	1199802697940
30	1199802870685	1199802872729
30	1199802899317	1199802901898
30	1199802952845	1199802957157
30	1199803084716	1199803088185
30	1199803113863	1199803117423
30	1199803978810	1199803982514
30	1199804121692	1199804126765
30	1199804272335	1199804279150
30	1199805028829	1199805032227
30	1199805161390	1199805164619
30	1199805238866	1199805242350
30	1199805250784	1199805253907
30	1199805730673	1199805733321
30	1199805750351	1199805755496
30	1199805757871	1199805762965
30	1199805787576	1199805790791
30	1199805880534	1199805885438
30	1199806900745	1199806902919
30	1199806912130	1199806914279
30	1199809361570	1199809364725
30	1199810064797	1199810074717
30	1199810303532	1199810306668
30	1199810309445	1199810312838
30	1199810314748	1199810316786
30	1199811822730	1199811826592
30	1199813837820	1199813839970
30	1199813950612	1199813954423
30	1199814034266	1199814036946
30	1199815262200	1199815264235
30	1199815283664	1199815284907
30	1199818056988	1199818061921
30	1199818083734	1199818086805
30	1199819253338	1199819257140
30	1199819257822	1199819260807
30	1199819339783	1199819341616
30	1199823963563	1199823966415
30	1199826014250	1199826016242
30	1199826024371	1199826026929
30	1199826337306	0
31	1199749014273	1199749022775
31	1199765708121	1199765710305
31	1199765716594	1199765719341
31	1199776005723	1199776019474
31	1199776244879	1199776251182
31	1199779523998	1199779534339
31	1199781244839	1199781251392
31	1199781846256	1199781849388
31	1199781849640	1199781851862
31	1199781875147	1199781878464
31	1199782123679	1199782127840
31	1199782218892	1199783877443
31	1199785277462	1199785280343
31	1199785391250	1199785394399
31	1199785409371	1199785413675
31	1199785440409	1199785443760
31	1199785576546	1199785581458
31	1199785643305	1199785648607
31	1199785858859	1199785861678
31	1199786032110	1199786036965
31	1199786168841	1199786171259
31	1199787440128	1199787442890
31	1199787776244	1199787779395
31	1199787792469	1199787797429
31	1199787811838	1199787817795
31	1199788167176	1199788170372
31	1199788399140	1199788402868
31	1199788428597	1199788432836
31	1199788434244	1199788438133
31	1199788466952	1199788470511
31	1199789201657	1199789205467
31	1199789233405	1199789235816
31	1199789269301	1199789272147
31	1199789314103	1199789316519
31	1199789352115	1199789354675
31	1199789389818	1199789394549
31	1199789421553	1199789428288
31	1199789623237	1199789625613
31	1199789862985	1199789865651
31	1199789903123	1199789906525
31	1199791164698	1199791166983
31	1199791516755	1199791518841
31	1199791610456	1199791617176
31	1199791906673	1199791908646
31	1199792614284	1199792617168
31	1199793641901	1199793651339
31	1199793727787	1199793737172
31	1199793975183	1199793979101
31	1199794085842	1199794090749
31	1199794236107	1199794238867
31	1199794277965	1199794280724
31	1199794333570	1199794336647
31	1199794420187	1199794423494
31	1199796424849	1199796427319
31	1199796712268	1199796715473
31	1199797000772	1199797003362
31	1199797206682	1199797210578
31	1199797466165	1199797468955
31	1199799027666	1199799031906
31	1199800486405	1199800489180
31	1199800489980	1199800494193
31	1199801250706	1199801256423
31	1199802425523	1199802429541
31	1199802610323	1199802612235
31	1199802764637	1199802766693
31	1199803037875	1199803045279
31	1199803207490	1199803211704
31	1199803670126	1199803673914
31	1199803795243	1199803800401
31	1199804125213	1199804209141
31	1199804248433	1199804251490
31	1199804772638	1199804775566
31	1199804984845	1199804987267
31	1199805027165	1199805029874
31	1199805249685	1199805255191
31	1199805729638	1199805730990
31	1199805738246	1199805739954
31	1199805789486	1199805792799
31	1199805877218	1199805882331
31	1199806742269	1199806747168
31	1199806913774	1199806916189
31	1199809362529	1199809365225
31	1199810061313	1199810068351
31	1199810291625	1199810296286
31	1199810348611	1199810352371
31	1199811095391	1199811099687
31	1199811845295	1199811847591
31	1199811851561	1199811855713
31	1199813749365	1199813754242
31	1199814032179	1199814034914
31	1199815256931	1199815259441
31	1199815261819	1199815263351
31	1199815284663	1199815287267
31	1199817707836	1199817711226
31	1199818353725	1199818356317
31	1199819027963	1199819034557
31	1199819109701	1199819112740
31	1199819284780	1199819290349
31	1199819338328	1199819340367
31	1199819404744	1199819407144
31	1199823918181	1199823921505
31	1199823962309	1199823964818
32	1199776007498	1199776013942
32	1199776018730	1199776021328
32	1199776193500	1199776196286
32	1199779430719	1199779435519
32	1199779523355	1199779526167
32	1199781237480	1199781240600
32	1199781247410	1199781251827
32	1199781835137	1199781838493
32	1199782220476	1199782223345
32	1199783873725	1199783876931
32	1199785283434	1199785285640
32	1199785286128	1199785290221
32	1199785363500	1199785368408
32	1199785408733	1199785412675
32	1199785559310	1199785563672
32	1199785575529	1199785578246
32	1199785642930	1199785645481
32	1199785861397	1199785863485
32	1199786031591	1199786035315
32	1199786169489	1199786172430
32	1199787442634	1199787443122
32	1199787751327	1199787753545
32	1199787820459	1199787823544
32	1199787850343	1199787851819
32	1199787894363	1199787901416
32	1199787903856	1199787908818
32	1199787915850	1199787919878
32	1199788058260	1199788061675
32	1199788090117	1199788094542
32	1199788141878	1199788151432
32	1199788163464	1199788173698
32	1199788400295	1199788402322
32	1199788429612	1199788433603
32	1199788433860	1199788436941
32	1199788564784	1199788567842
32	1199789386441	1199789397408
32	1199789426213	1199789434411
32	1199789438420	1199789444844
32	1199789447892	1199789456755
32	1199789475944	1199789479227
32	1199789605488	1199789607498
32	1199791164418	1199791169372
32	1199791424441	1199791428577
32	1199791517133	1199791521352
32	1199791609177	1199791611707
32	1199791906953	1199791908900
32	1199792394865	1199792396980
32	1199792459554	1199792461838
32	1199792471868	1199792475302
32	1199792541366	1199792545172
32	1199792941421	1199792945319
32	1199793368299	1199793371774
32	1199793379322	1199793382930
32	1199793456836	1199793461277
32	1199793640965	1199793644500
32	1199793731524	1199793733899
32	1199793789309	1199793791263
32	1199793869627	1199793872272
32	1199794036121	1199794039221
32	1199794040807	1199794043912
32	1199794080442	1199794083669
32	1199794404331	1199794407834
32	1199794461707	1199794464268
32	1199794898609	1199794902726
32	1199794940365	1199794942118
32	1199796711592	1199796715228
32	1199797000363	1199797003622
32	1199797015659	1199797017683
32	1199797205644	1199797208407
32	1199797467504	1199797469199
32	1199798760793	1199798766335
32	1199799028446	1199799030254
32	1199800261997	1199800264263
32	1199800485674	1199800488244
32	1199800491748	1199800497272
32	1199801250320	1199801254408
32	1199802426691	1199802430755
32	1199802503360	1199802505302
32	1199802551888	1199802682212
32	1199802690326	1199802693707
32	1199802695779	1199802700107
32	1199802764861	1199802766190
32	1199802955627	1199802960324
32	1199803036845	1199803038893
32	1199803064856	1199803070205
32	1199803083323	1199803089676
32	1199803206916	1199803210961
32	1199803672225	1199803676815
32	1199803741979	1199803744239
32	1199803798267	1199803801811
32	1199803905953	1199803908232
32	1199803911280	1199803914299
32	1199803953359	1199803957126
32	1199803958198	1199803961524
32	1199803980433	1199803982753
32	1199804120916	1199804124453
32	1199804127294	1199804129808
32	1199804135254	1199804138167
32	1199804205734	1199804209395
32	1199804560334	1199804562383
32	1199804764349	1199804766249
32	1199804985441	1199804985945
32	1199805107273	1199805115710
32	1199805118427	1199805126262
32	1199805132276	1199805134660
32	1199805140328	1199805145117
32	1199805153219	1199805165919
32	1199806894351	1199806896239
32	1199810316516	1199810320847
32	1199810347811	1199810351896
32	1199811094990	1199811097133
32	1199811825806	1199811828536
32	1199811843901	1199811846590
32	1199813750203	1199813753525
32	1199813836571	1199813838843
32	1199817602438	1199817605989
32	1199817709588	1199817712867
32	1199818056915	1199818060332
32	1199818085752	1199818089130
32	1199818272136	1199818277156
32	1199818345276	1199818349537
32	1199819030236	1199819032812
32	1199819261833	1199819263950
33	1199788091907	1199788094313
33	1199788279169	1199788282146
33	1199788294355	1199788298687
33	1199788525861	1199788530800
33	1199788535798	1199788538418
33	1199789289653	1199789292320
33	1199789573224	1199789575831
33	1199789594241	1199789596859
33	1199793447519	1199793450669
33	1199793452436	1199793455181
33	1199800259420	1199800261747
33	1199802615479	1199802619529
33	1199802639317	1199802644735
33	1199802651532	1199802653973
33	1199802668384	1199802670545
33	1199803968938	1199803973283
33	1199803974690	1199803977693
33	1199804268337	1199804271676
33	1199804279400	1199804283252
33	1199805102280	1199805106505
33	1199805164235	1199805167222
33	1199805235717	1199805238613
33	1199805259351	1199805262312
33	1199805717151	1199805721447
33	1199807518356	1199807521744
33	1199810510252	1199810512244
33	1199810537915	1199810540474
33	1199810711252	1199810714243
33	1199810722780	1199810724970
33	1199810741534	1199810743395
33	1199810751217	1199810754557
33	1199810755625	1199810759460
33	1199810784377	1199810785156
33	1199810853320	1199810855442
33	1199810901484	1199810906284
33	1199811037458	1199811039301
33	1199811044432	1199811046505
33	1199811068247	1199811071751
33	1199811096189	1199811098227
33	1199811156732	1199811158610
33	1199811246267	1199811248407
33	1199811248527	1199811250551
33	1199811335327	1199811336939
33	1199811423457	1199811424610
33	1199811425892	1199811428781
33	1199811431620	1199811433616
33	1199811536271	1199811539614
33	1199811554575	1199811556903
33	1199811587283	1199811590475
33	1199811702321	1199811707812
33	1199811717232	1199811719337
33	1199811768327	1199811775494
33	1199811776701	1199811780268
33	1199811782310	1199811788474
33	1199811795352	1199811799397
33	1199813947838	1199813950244
33	1199815250493	1199815253339
33	1199815264981	1199815267983
33	1199815279368	1199815282398
33	1199819343534	1199819345821
33	1199819357173	1199819359958
33	1199819616563	1199819618814
33	1199819631967	1199819635396
34	1199788073380	1199788076515
34	1199788091508	1199788093692
34	1199788279946	1199788282785
34	1199788535307	1199788539186
34	1199789288704	1199789290817
34	1199789573625	1199789576588
34	1199789593386	1199789597368
34	1199793448447	1199793451301
34	1199800260124	1199800268631
34	1199800270189	1199800284128
34	1199800288833	1199800306424
34	1199800316487	1199800327307
34	1199800327776	1199800330388
34	1199800332293	1199800336384
34	1199800339109	1199800340269
34	1199800340776	1199800346334
34	1199800361248	1199800363565
34	1199800366270	1199800376896
34	1199800769465	1199800782567
34	1199800791272	1199800797912
34	1199800898240	1199800907518
34	1199800917639	1199800920396
34	1199800922859	1199800924580
34	1199800939349	1199800941247
34	1199800963643	1199800967259
34	1199800975304	1199800979251
34	1199800987876	1199800988998
34	1199800990328	1199800993966
34	1199800995302	1199800997335
34	1199801029297	1199801030116
34	1199801041970	1199801043546
34	1199801046259	1199801048292
34	1199801060225	1199801065532
34	1199801065778	1199801069826
34	1199801201490	1199801203290
34	1199801218128	1199801222246
34	1199801292762	1199801294811
34	1199801451336	1199801454444
34	1199801459449	1199801468307
34	1199801471330	1199801472868
34	1199801598932	1199801604547
34	1199801889131	1199801900115
34	1199801914374	1199801915561
34	1199801919418	1199801921410
34	1199801921842	1199801930280
34	1199801940358	1199801942319
34	1199801944670	1199801948558
34	1199801979395	1199801981938
34	1199801982192	1199801984869
34	1199801986907	1199801991170
34	1199801995849	1199801998323
34	1199802002928	1199802004947
34	1199802019529	1199802023766
34	1199802032277	1199802033303
34	1199802134830	1199802139932
34	1199802141184	1199802146269
34	1199802152758	1199802158230
34	1199802165259	1199802174591
34	1199802195812	1199802197687
34	1199802353289	1199802355283
34	1199802499150	1199802501597
34	1199802529514	1199802534106
34	1199802535539	1199802537995
34	1199802539329	1199802542290
34	1199802554247	1199802556340
34	1199802615243	1199802622517
34	1199802645674	1199802648778
34	1199802653716	1199802656864
34	1199802659135	1199802661264
34	1199802665250	1199802670975
34	1199802674618	1199802679700
34	1199802685764	1199802687788
34	1199802692349	1199802693439
34	1199802768493	1199802784249
34	1199802792255	1199802794252
34	1199802806324	1199802811219
34	1199802837606	1199802838730
34	1199802846919	1199802849178
34	1199802873870	1199802877235
34	1199802880613	1199802882271
34	1199802887679	1199802890578
34	1199802891858	1199802896346
34	1199802906475	1199802908885
34	1199802910371	1199802913284
34	1199803010763	1199803013297
34	1199803020294	1199803024725
34	1199803045271	1199803047883
34	1199803049229	1199803052375
34	1199803055870	1199803066372
34	1199803087578	1199803089441
34	1199803116816	1199803120336
34	1199803123370	1199803127753
34	1199803151275	1199803151533
34	1199803168340	1199803175289
34	1199803195432	1199803196580
34	1199803197988	1199803200239
34	1199803211266	1199803219319
34	1199803243564	1199803251252
34	1199803253268	1199803258719
34	1199803262945	1199803265130
34	1199803385838	1199803390470
34	1199803393634	1199803395942
34	1199803404340	1199803404854
34	1199803406341	1199803409377
34	1199803423229	1199803426883
34	1199803436665	1199803440605
34	1199803444539	1199803452580
34	1199803452953	1199803455564
34	1199803466969	1199803468175
34	1199803468687	1199803470854
34	1199803474231	1199803477302
34	1199803479555	1199803484915
34	1199803487952	1199803494277
34	1199803509205	1199803511868
34	1199803546375	1199803551795
34	1199803555205	1199803562343
34	1199803585804	1199803591229
34	1199803599332	1199803608283
34	1199803618295	1199803623156
34	1199803631456	1199803636832
34	1199803647703	1199803652552
34	1199803659393	1199803661664
34	1199803672761	1199803674429
34	1199803676325	1199803678573
34	1199803718960	1199803726826
34	1199803785828	1199803788402
34	1199803797251	1199803802198
34	1199803900489	1199803903825
34	1199803904825	1199803906953
34	1199803919337	1199803920809
34	1199803970347	1199803982276
34	1199803993543	1199804001225
34	1199804019948	1199804024768
34	1199804063588	1199804073482
34	1199804137269	1199804138672
34	1199804143904	1199804149156
34	1199804172401	1199804180672
34	1199804186350	1199804191355
34	1199804203998	1199804212862
34	1199804245268	1199804251729
34	1199804254341	1199804257410
34	1199804280444	1199804288257
34	1199804291578	1199804295878
34	1199804333190	1199804334818
34	1199804451240	1199804452880
34	1199804455152	1199804458296
34	1199804743299	1199804745610
34	1199804900274	1199804904134
34	1199804907635	1199804915882
34	1199804970316	1199804971100
34	1199805051140	1199805055315
34	1199805056284	1199805058619
34	1199805087258	1199805092269
34	1199805098556	1199805104591
34	1199805165222	1199805170422
34	1199805172324	1199805183129
34	1199805216959	1199805225261
34	1199805229821	1199805237925
34	1199805259858	1199805264889
34	1199805450327	1199805455441
34	1199805675189	1199805684780
34	1199805685453	1199805718910
34	1199807527147	1199807534514
34	1199807537279	1199807541350
34	1199807552318	1199807558211
34	1199807611127	1199807615251
34	1199807616785	1199807622327
34	1199807627636	1199807629649
34	1199807664340	1199807664926
34	1199808186547	1199808191536
34	1199808254286	1199808254650
34	1199808398265	1199808403572
34	1199808458265	1199808459774
34	1199808507920	1199808510785
34	1199808511182	1199808513742
34	1199808650593	1199808652909
34	1199808653771	1199808656151
34	1199808880673	1199808883319
34	1199808888185	1199808890347
34	1199808892887	1199808895248
34	1199809333594	1199809337234
34	1199809344874	1199809346754
34	1199809360498	1199809364963
34	1199809586795	1199809588747
34	1199809590675	1199809597361
34	1199809762225	1199809764217
34	1199809765224	1199809767323
34	1199809784390	1199809798286
34	1199809869394	1199809874901
34	1199809875216	1199809883227
34	1199809887223	1199809889631
34	1199809889863	1199809892564
34	1199809946101	1199809949753
34	1199809972392	1199809974303
34	1199810051323	1199810053251
34	1199810063773	1199810070619
34	1199810071554	1199810075124
34	1199810078394	1199810082225
34	1199810083230	1199810085731
34	1199810130924	1199810136290
34	1199810150627	1199810153240
34	1199810161341	1199810164462
34	1199810167127	1199810173495
34	1199810176774	1199810180864
34	1199810189319	1199810190462
34	1199810193878	1199810198102
34	1199810210388	1199810217293
34	1199810218591	1199810228531
34	1199810232337	1199810236673
34	1199810246891	1199810248881
34	1199810249761	1199810251789
34	1199810255328	1199810257849
34	1199810270385	1199810272383
34	1199810282431	1199810285276
34	1199810285848	1199810289407
34	1199810294365	1199810297414
34	1199810308249	1199810313476
34	1199810320219	1199810324103
34	1199810325452	1199810330140
34	1199810330650	1199810335145
34	1199810336297	1199810342282
34	1199810353517	1199810359296
34	1199810360665	1199810365928
34	1199810366926	1199810377752
34	1199810389741	1199810408275
34	1199810409458	1199810418337
34	1199810419931	1199810431994
34	1199810436570	1199810438818
34	1199810439341	1199810444258
34	1199810447248	1199810454403
34	1199810473904	1199810479444
34	1199810479706	1199810486560
34	1199810504516	1199810508923
34	1199810525619	1199810527620
34	1199810529241	1199810531357
34	1199810540983	1199810543549
34	1199810553387	1199810555337
34	1199810555912	1199810557670
34	1199810558209	1199810561247
34	1199810570801	1199810575126
34	1199810584655	1199810589381
34	1199810589625	1199810593191
34	1199810602391	1199810604441
34	1199810605721	1199810608154
34	1199810612726	1199810614782
34	1199810639969	1199810641872
34	1199810670287	1199810672336
34	1199810672847	1199810685371
34	1199810756154	1199810760178
34	1199810760466	1199810762463
34	1199810767596	1199810770815
34	1199810772703	1199810779310
34	1199810780541	1199810783459
34	1199810799243	1199810804801
34	1199810807254	1199810809821
34	1199810810325	1199810816302
34	1199810819474	1199810821488
34	1199810831157	1199810833305
34	1199810836901	1199810840786
34	1199810845240	1199810848423
34	1199810853969	1199810856201
34	1199810927363	1199810939155
34	1199810940769	1199810942817
34	1199810957396	1199810958881
34	1199810962615	1199810964747
34	1199810965182	1199810974241
34	1199810982933	1199810984936
34	1199810986264	1199810988230
34	1199810989366	1199810993421
34	1199810996355	1199810998754
34	1199810998765	1199811001317
34	1199811015828	1199811022639
34	1199811048536	1199811050563
34	1199811071313	1199811076390
34	1199811132211	1199811135953
34	1199811168569	1199811170703
34	1199811177724	1199811179283
34	1199811183733	1199811185883
34	1199811226322	1199811227951
34	1199811229359	1199811233898
34	1199811263395	1199811265311
34	1199811283414	1199811284884
34	1199811287953	1199811290897
34	1199811292893	1199811296102
34	1199811300623	1199811305523
34	1199811316122	1199811318777
34	1199811319394	1199811321665
34	1199811326315	1199811329976
34	1199811335554	1199811336696
34	1199811339873	1199811352128
34	1199811384516	1199811389163
34	1199811390165	1199811396230
34	1199811399359	1199811400498
34	1199811403939	1199811409178
34	1199811414252	1199811416787
34	1199811426145	1199811431320
34	1199811431833	1199811436370
34	1199811439130	1199811441261
34	1199811442971	1199811450343
34	1199811451470	1199811465980
34	1199811484340	1199811488579
34	1199811491390	1199811496994
34	1199811498365	1199811503381
34	1199811504188	1199811518873
34	1199811519754	1199811525280
34	1199811525904	1199811528183
34	1199811528545	1199811556239
34	1199811558563	1199811564878
34	1199811566272	1199811570417
34	1199811577149	1199811579439
34	1199811601421	1199811605834
34	1199811624764	1199811626817
34	1199811627196	1199811632293
34	1199811637998	1199811640144
34	1199811642187	1199811644463
34	1199811645185	1199811649307
34	1199811649919	1199811655637
34	1199811674268	1199811676435
34	1199811680634	1199811688546
34	1199811711951	1199811713289
34	1199811714316	1199811722522
34	1199811723398	1199811727330
34	1199811728463	1199811739322
34	1199811762613	1199811768583
34	1199811774309	1199811776301
34	1199811782215	1199811784744
34	1199811785399	1199811791178
34	1199811797368	1199811797475
34	1199811821256	1199811825296
34	1199811833675	1199811838959
34	1199811850712	1199811855226
34	1199811857842	1199811858413
34	1199811862618	1199811864772
34	1199811868162	1199811872271
34	1199811887420	1199811889953
34	1199811969565	1199811977436
34	1199812099237	1199812101187
34	1199812161235	1199812163149
34	1199812164630	1199812168156
34	1199812168684	1199812171533
34	1199812172590	1199812177748
34	1199812252916	1199812257235
34	1199812338785	1199812348601
34	1199812348974	1199812353386
34	1199812357218	1199812365346
34	1199812545816	1199812550361
34	1199812552333	1199812553337
34	1199812570873	1199812572873
34	1199812681110	1199812683158
34	1199812790344	1199812794557
34	1199812800607	1199812805520
34	1199812879526	1199812887380
34	1199813000135	1199813001222
34	1199813005246	1199813006883
34	1199813103518	1199813107474
34	1199813202773	1199813206279
34	1199813211665	1199813218312
34	1199813256734	1199813261214
34	1199813276976	1199813279988
34	1199813366987	1199813368852
34	1199813371343	1199813373634
34	1199813453712	1199813456876
34	1199813461501	1199813465781
34	1199813548575	1199813550354
34	1199813611545	1199813612625
34	1199813672655	1199813674293
34	1199813677353	1199813678947
34	1199813747757	1199813748965
34	1199813749795	1199813752664
34	1199813780479	1199813789824
34	1199813805274	1199813809128
34	1199813852604	1199813853844
34	1199813860110	1199813861877
34	1199813881540	1199813883258
34	1199813924476	1199813930111
34	1199813940493	1199814250903
34	1199814255272	1199814256928
34	1199814258200	1199814260390
34	1199814261400	1199814263537
34	1199814775602	1199814777319
34	1199815046383	1199815051643
34	1199815094920	1199815102944
34	1199815117853	1199815122536
34	1199815123288	1199815125566
34	1199815125958	1199815127133
34	1199815190248	1199815191920
34	1199815193574	1199815195815
34	1199815200889	1199815205957
34	1199815219301	1199815231705
34	1199815236387	1199815237467
34	1199815265856	1199815273192
34	1199819344469	1199819346628
34	1199819356542	1199819358580
34	1199819616953	1199819619571
34	1199819631210	1199819634624
36	1199788280458	1199788284185
36	1199788293331	1199788300352
36	1199788535741	1199788540554
36	1199789573896	1199789577472
36	1199789593136	1199789598931
36	1199802618249	1199802624260
36	1199802637725	1199802641557
36	1199803974926	1199803976972
36	1199804281558	1199804282999
36	1199807519152	1199807533807
36	1199811717714	1199811722288
36	1199811763765	1199811768968
36	1199811787730	1199811790306
36	1199815224340	1199815229917
36	1199815230937	1199815233496
36	1199815241744	1199815251990
36	1199815278569	1199815281152
36	1199819344454	1199819347446
36	1199819356380	1199819358838
36	1199819617225	1199819620328
36	1199819630838	1199819636422
37	1199788074156	1199788077411
37	1199788281234	1199788284555
37	1199788292320	1199788296391
37	1199788533439	1199788537158
37	1199789278666	1199789281537
37	1199789287894	1199789290652
37	1199789574928	1199789577844
37	1199789588363	1199789596326
37	1199793449255	1199793453824
37	1199819345437	1199819348198
37	1199819355278	1199819357801
37	1199819618144	1199819620818
37	1199819625654	1199819633729
39	1199776018970	1199776024386
39	1199776192475	1199776195510
43	1199776188633	1199776193121
44	1199776023246	1199776025386
44	1199776026638	1199776042691
44	1199776058247	1199776060329
44	1199776061824	1199776062968
44	1199776064761	1199776069788
44	1199776073230	1199776080766
44	1199776089804	1199776091931
44	1199776096924	1199776099762
44	1199776124610	1199776128467
44	1199776142477	1199776145821
44	1199776149981	1199776154739
44	1199776161382	1199776163661
44	1199776181605	1199776183388
44	1199776191317	1199776194430
